498	7178	2.38060594650946
8653	9086	2.38053408237993
498	70	2.38052421896315
6192	9086	2.38041187322536
6192	8653	2.38041158832479
70	7178	2.38031988687274
6187	7314	2.38027431073059
4151	6168	2.38026918136213
6187	7178	2.38018211422987
8284	8653	2.38014266260116
6168	6187	2.38013101033536
6168	7178	2.38005352786954
3945	70	2.3799911514685
4151	70	2.37998742315018
498	6168	2.37994540509166
8287	8653	2.37994088761787
6171	6187	2.37988948388109
7314	84833	2.37985270132482
4151	498	2.37981331634069
498	6187	2.37977628516029
3945	498	2.37972576586625
4151	7314	2.37960584297569
6187	70	2.37952122110589
4151	6187	2.37943805357228
6171	7178	2.37942202781463
6168	7314	2.37941899634399
6168	84833	2.37941631193061
4151	84833	2.37938282657633
6168	70	2.37933934826141
10075	4151	2.37932046110866
3945	7178	2.37931992649123
1327	1350	2.37928792475109
6187	84833	2.37915525722765
3945	4151	2.37911471023791
3945	845	2.37901521058877
10075	7178	2.37897763479832
509	6168	2.37891427896802
10075	498	2.37889883725298
8284	9086	2.37878623282444
1350	7178	2.3786845683011
7178	84833	2.37852741222865
4151	6133	2.37837246606513
4151	7178	2.37821403323575
1350	6156	2.37809274762611
498	6171	2.37808690725407
4736	6138	2.37805061781644
6192	8284	2.37800471076119
4633	7178	2.37795886765942
7178	7314	2.37787974816679
498	7314	2.37787387511497
8284	8287	2.37768037207466
498	5250	2.3775162563827
498	84833	2.37735784616001
1327	4736	2.37722633768217
1350	6168	2.37702461151596
10075	7314	2.37699738402812
10075	6171	2.37696321679814
8287	9086	2.37694521383836
10075	6187	2.37689003601278
4633	498	2.3768147923001
10075	6168	2.37677780282699
6171	7314	2.37674099461703
10075	70	2.3767238761174
4736	6171	2.37662545788093
10075	3945	2.37653442738143
3945	6168	2.37646272940367
4736	6170	2.37641846855326
498	54205	2.37632634478691
1327	7178	2.37629624278915
3945	6187	2.37621401427502
498	509	2.37611308593494
70	84833	2.37590205057316
1347	54205	2.37582875534575
10430	53635	2.37582266209333
509	7178	2.37566892017732
1327	498	2.37563870241106
55631	79577	2.37562371438183
5250	70	2.37556117716652
6156	7178	2.37527808238383
6171	6191	2.37507881814244
10273	10456	2.37505309786826
6133	6168	2.37504455218806
509	84833	2.3749662857862
6168	6170	2.37454707776553
6168	6171	2.37447554199355
3945	84833	2.37443201061878
1350	498	2.37438859991217
70	845	2.37427737354348
6156	6168	2.373922979808
509	6187	2.37374639635701
70	7314	2.37336107352241
64960	64976	2.37316954203932
4736	7178	2.3730283799182
4736	6191	2.37263057044538
1327	6171	2.37219171126725
25915	6881	2.37214771592294
6171	70	2.3720795038576
498	845	2.37199282573693
373156	517	2.37178578316222
5250	845	2.37130837079391
1350	4707	2.37119648026912
541578	91966	2.3707334470177
3945	7314	2.37049365148699
6171	84833	2.37042848574742
6129	6152	2.37025812045559
6192	8287	2.36982739374278
6168	6191	2.36943029760662
64844	79624	2.3693866433621
1347	6170	2.36922097720552
4151	6171	2.36899785028656
498	6156	2.36898665693539
506	7178	2.368848152388
3945	6171	2.36883528552698
7178	845	2.36881052740207
6129	6167	2.36879375413565
5250	7178	2.36866244477444
6191	7178	2.36865246072353
4736	6129	2.36864643996904
54205	70	2.36859101214218
6191	7314	2.36839949884294
51510	6814	2.36799215629546
6143	64976	2.36786987758073
6187	6191	2.36786915775879
10211	60314	2.3677391718282
4736	6187	2.36765722491307
1350	6187	2.36757532268014
4736	84833	2.36747296299103
6170	6191	2.36739722872539
3945	4633	2.36738210688586
509	5250	2.3672020654218
10430	5127	2.3671007643118
506	5250	2.36709882466627
3106	3134	2.36701421308286
400916	51142	2.3662109688679
1327	4708	2.36608447754939
1327	4633	2.36581559695645
4151	6191	2.36578685998023
4151	54205	2.36561570801126
3421	79171	2.36561114368635
4878	4879	2.36543627850993
10430	3421	2.36525968673863
509	6171	2.36513757499343
6133	6170	2.36510886600961
1327	6170	2.36501945870049
498	6170	2.36501701574966
1482	23640	2.3648360895001
10078	11284	2.36464598408365
4736	7314	2.364549456404
6170	84833	2.36450156752543
6170	7178	2.3643664342679
4736	6168	2.36424067747884
1350	4736	2.36403987327454
515	8031	2.36386416749096
10075	84833	2.36373690432222
3421	5127	2.36372444797066
4633	70	2.36371507593699
498	506	2.3636788426952
4736	6167	2.36361047919968
509	70	2.36354024799388
1397	3421	2.36351712200697
10273	51181	2.36231676553153
3106	3107	2.36216231731962
1327	4190	2.36212997461686
1859	83607	2.36212355420059
10376	10383	2.36191300590436
10211	51181	2.36187782560479
1350	6171	2.36157353603966
1482	60314	2.36126568961391
4736	498	2.3609823831713
5250	6187	2.36095002582846
509	6156	2.36062076651663
54205	6168	2.36042237570368
1350	70	2.35998891445801
1674	83862	2.35969837206144
509	7314	2.35958282352422
498	6191	2.35937054529991
10075	4633	2.35887067512402
4151	509	2.35849376309287
51181	83862	2.35840730219917
6170	7314	2.35805376257233
6156	6171	2.35789800890097
6187	7316	2.35770327565157
4151	6170	2.35769200078059
1350	6170	2.35725324148707
374291	51142	2.35724332575439
6222	6234	2.35694780165849
4736	6161	2.35694358535706
54461	997	2.35682644693343
1212	83862	2.35624203445484
327	51295	2.3554272741125
1645	1646	2.35532262316096
10078	60314	2.35472409435455
6191	84833	2.35466615504677
6170	6187	2.35431344619086
6156	6187	2.3542638353878
23376	64844	2.35417396900243
6143	619208	2.35408196355889
1725	83862	2.35407024671985
10362	4282	2.35404359884233
8241	9361	2.35402322971322
6138	6191	2.3539700864256
10430	4282	2.35395372871098
3106	3135	2.35366388126233
3945	4190	2.35363079470717
6170	6171	2.35336728636202
1482	513	2.35286915948494
10430	2950	2.35277022186514
5699	6881	2.35195538366489
51181	513	2.35187280039993
1347	5350	2.35157867767716
1350	3945	2.35144855388914
10211	83862	2.35144055307561
51116	513	2.35103344627484
6156	70	2.35090182142568
6237	6881	2.35053989209975
55783	64844	2.35048757704946
1327	6156	2.35029539460013
4633	506	2.35011155250612
2944	2946	2.3499540528169
70	7316	2.3495527204207
51181	60314	2.34946035497327
6133	7314	2.34888507558392
6161	6167	2.34883534212823
509	7316	2.34881124782939
1347	6235	2.34834950578423
509	6170	2.34830235114869
64844	8548	2.34827684337501
10078	4282	2.34817819444606
6222	7168	2.34799627152166
3611	8079	2.34775845863435
124446	4282	2.34735291169405
6138	6170	2.34707184948367
374291	54958	2.34704349684608
1281	1290	2.34677493700101
1482	51181	2.3467131766466
506	845	2.34669639458409
1327	6168	2.34659165779553
1725	3421	2.34566561053338
8733	9670	2.34562112201093
10383	203068	2.34520254813498
3945	5250	2.34508058059133
7544	8653	2.34478072773292
6167	9045	2.34391467249409
6138	9045	2.34355526229057
22913	7165	2.34345040737064
4633	6171	2.34342488179054
402	50813	2.34340931535169
3945	506	2.34323480143874
22913	4723	2.34287517613088
10075	6170	2.34256150816411
10489	79073	2.34234641043897
1327	4707	2.34229262255256
6156	6170	2.34228688547664
373156	513	2.34200674531431
4633	6187	2.34186835060969
5018	517	2.34176993249735
10211	10456	2.34125381940534
515	5350	2.3409663572792
10078	2621	2.3408948616678
4190	498	2.34063020926529
1278	1281	2.33957673830251
6187	845	2.33923416147981
1327	509	2.33902097698226
1350	509	2.33834734694436
4633	845	2.338341223816
6133	70	2.3381834275011
7178	7316	2.33809097290508
115416	9377	2.33807372665774
1327	5250	2.33710208398666
498	7316	2.33704205074298
10273	513	2.33697324885486
10554	6723	2.336229904916
4633	6168	2.33586854695267
3945	54205	2.33559963117216
6206	6222	2.33511300112572
113246	6141	2.33506092614253
10120	60314	2.33501517043513
10456	51181	2.3349907443885
84266	84331	2.33485765344636
113829	5127	2.33450409393777
506	6187	2.33438500557585
498	6133	2.33433981181316
6152	6167	2.33428424545095
3421	51181	2.33421998805145
100128731	6204	2.33412952813771
2950	3421	2.33411500886466
60314	7165	2.33407553478044
1070	6009	2.33383956704832
1327	6191	2.33376266305662
51510	54602	2.33345545632181
10558	83607	2.33343500668484
6206	7168	2.33291549973076
51142	513	2.33263292740785
51633	64844	2.33240629396409
4633	7314	2.33177179262525
10075	6133	2.33175307109695
4282	65993	2.33132652864372
6133	6187	2.33131165371661
10381	10383	2.33106683023473
513	84331	2.33083919480879
1482	83862	2.33068019154115
10410	10581	2.33062704270769
54205	7178	2.33057671354489
5346	9370	2.33038468302935
5127	53635	2.33026175576588
22980	2621	2.32947182426525
1725	517	2.32943020159818
23640	51181	2.3293911615244
23640	60314	2.32930243240419
5434	83862	2.32929116216891
10121	1725	2.32922580148393
509	54205	2.32852751889319
10445	402	2.32818279866787
1350	84833	2.32796975557886
10075	6191	2.32775808999026
1482	3421	2.32766634824602
26994	64343	2.32745309734036
10430	60343	2.32672149283106
4151	4633	2.32659763266873
2067	619208	2.32638323610067
10121	309	2.32607522622083
5194	6814	2.32390655298088
6133	6191	2.32374940329012
51142	5699	2.32343265736869
5250	6168	2.32338391410298
10456	60314	2.32269057257955
1327	70	2.32259922217636
26589	64960	2.32248866804441
4924	826	2.32236865448701
6170	6235	2.32204133991449
2621	84331	2.32037138662902
51142	84331	2.31983175092475
4736	509	2.31965026547648
3421	5164	2.3193946456194
374291	84266	2.31917493043985
6129	9045	2.31860112608909
22913	51253	2.31859910014992
4190	54205	2.31844078696469
113829	79073	2.31839210168981
6133	84833	2.31800361918969
1327	3945	2.31794893473682
5250	6171	2.31794875409487
27018	498	2.31681087697477
3421	60314	2.31680347717726
506	6171	2.31621507778768
27335	5438	2.3160644621233
10362	124446	2.31552673852789
22827	54512	2.31522617677517
64743	738	2.31519505094301
5194	830	2.31448228916603
1327	6187	2.31430056796234
10430	60314	2.31332553683583
4190	845	2.31285345524293
10078	1482	2.31283860064739
6168	845	2.3121900310308
118487	6143	2.31189956486039
10078	23640	2.31176764686121
1175	79095	2.31167093482554
506	70	2.3113101782594
1327	845	2.31130184026213
10558	2551	2.31116177054983
10075	4190	2.31110740268597
100128731	29796	2.31058988334834
2339	5501	2.31013890401509
1397	23640	2.31003927979772
7544	9086	2.3095413884763
27335	51647	2.30838940650416
1278	2335	2.30798101119861
1327	27018	2.30727062481573
5127	9670	2.30726088032689
51372	9377	2.30678295934564
6191	70	2.30655089580906
515	54205	2.3061942047574
1854	80318	2.30607869804858
1212	3029	2.30505419050442
27018	4736	2.3049873212924
10113	10121	2.30493272192041
11070	54973	2.30487071546676
4633	5250	2.30375172433164
6821	8079	2.30256186531747
2621	400916	2.30235855905427
10075	54205	2.30196852538832
54205	8031	2.30175221834346
10121	3421	2.30120797900891
6171	7316	2.30118028439671
10211	1482	2.30083790124092
4151	845	2.30069675899181
1725	60314	2.30023606800792
5196	5473	2.300035920419
6129	6138	2.29959659675273
1482	84331	2.29819263206346
1278	1290	2.29811500554249
27335	29796	2.29786428448623
4736	6156	2.29739380807387
27018	6171	2.29678779254102
1397	5434	2.29661652135695
3421	4282	2.296484745265
10398	3315	2.2964166551193
10430	1482	2.29636003501994
10554	5127	2.29633832943797
10430	9670	2.29580938070325
54664	79982	2.29568575530324
51629	6723	2.29557131818536
23640	3421	2.29551689029451
4190	7178	2.29480275147318
10975	9377	2.29458498983338
2621	63941	2.29358058143696
60314	83862	2.29356761373729
400916	63941	2.29351322889479
1725	2873	2.29331434805749
112936	51253	2.29279576113212
1397	51181	2.29264454753286
10075	1327	2.29219059893989
6168	7316	2.29198235357402
10211	10273	2.29147086483933
3134	3135	2.29123672416874
10430	65993	2.29102902652638
593	83547	2.2909740469371
3945	7316	2.29060252854552
1482	6525	2.29010181158616
3945	509	2.28933019432343
4190	6168	2.28925244846529
4633	84833	2.2885392289045
10960	51253	2.28840414081272
178	8065	2.28796968833812
11070	5127	2.28772060964995
506	509	2.28720585288879
10078	10273	2.28715121992278
1327	54205	2.28616483037447
10434	64844	2.28608751906524
7544	8287	2.28554918503206
4493	4494	2.28554667039943
8402	92609	2.28538007958661
23640	513	2.28521406424952
10211	79002	2.28494090383425
26576	9146	2.28489517153349
2621	738	2.28423934398996
26073	50813	2.28409514284998
10873	4282	2.28368547080841
1327	6129	2.28350426150757
1350	4151	2.2827819924863
6881	84331	2.28242474562932
79171	84310	2.28234729864551
2997	84700	2.28166451161917
1347	51372	2.28066486248942
2876	84331	2.28060281577241
6138	6161	2.27991931414801
23512	5229	2.27853612199398
4633	4736	2.27782789787937
4633	6170	2.27776515307211
22907	400916	2.27755555056287
283871	6881	2.27755139617195
22980	400916	2.27680066287449
10120	7165	2.276588735563
1350	845	2.27654107414389
1350	7314	2.27628159615253
329	5501	2.27617528343088
64743	997	2.27606162820421
10237	2873	2.27603400925354
10075	4736	2.27598362893167
10245	84232	2.27575247806216
27018	509	2.27497597646419
5350	6500	2.27446740182595
4190	70	2.27240710989392
10572	79176	2.27216415058732
10245	1175	2.27198534507323
10075	1350	2.27157673790838
1349	6209	2.27150544872573
283871	84304	2.27123358742847
1347	9324	2.27118597116336
6143	8666	2.2710416230235
10120	10445	2.27041446206763
51253	83862	2.26995572039772
2873	9040	2.2694179276529
513	6525	2.26902052009188
400916	513	2.26876626088175
2621	8662	2.26863799440821
6133	7178	2.26813446445671
6170	70	2.26793612504828
523	83607	2.26768127784222
23640	83862	2.26716509592129
10120	309	2.26692895696779
22913	51368	2.26595262546382
10121	402	2.26571163054853
5434	84232	2.26524849523591
1350	4633	2.26498056668155
51187	830	2.26477250417919
3421	6525	2.26443940097492
1160	845	2.26403920761927
10075	509	2.26345386273055
10434	55631	2.26339741231765
1397	5018	2.26245605609122
27018	4708	2.26185392477171
4282	513	2.26145010521871
51181	5434	2.26051719006455
2874	6525	2.25988453347782
23640	5127	2.25977079722254
1854	23658	2.25970404908152
22980	738	2.25957353032989
2876	706	2.2580344522856
118487	619208	2.25795583475647
4634	4694	2.25732453392249
59307	84304	2.25719648140757
25915	27335	2.25644222292645
5127	64745	2.2556667513097
2551	5194	2.25495045789285
51295	513	2.25466059381455
10121	10430	2.25446033333126
6881	84988	2.25364966115412
1347	4736	2.25332844787525
10078	10430	2.25327359710958
10075	845	2.25144382658456
4151	6156	2.25099927345138
5127	6723	2.25089989252617
27335	7311	2.25020829968008
1936	4694	2.25005363959819
1121	83607	2.24943666361411
51295	83862	2.24906635308425
51035	8260	2.24904518396745
10211	5127	2.24831231471143
10211	3421	2.24825497896448
23640	84331	2.24804999594335
54602	6814	2.24789863172571
6169	6170	2.24766293985504
1347	6168	2.24707735761413
1397	1725	2.24677296464539
60314	84232	2.24581837607684
373156	9049	2.24540396804206
6170	6500	2.24479101980824
374291	84331	2.2447719319991
2067	283871	2.24456840489114
1725	309	2.24325957981776
4151	5250	2.24319754146161
282809	6814	2.24264231142184
25915	5699	2.24248522754799
1121	9972	2.24206798645378
10273	84331	2.24174368718071
5859	84033	2.24131150235287
515	6156	2.24125396311886
389541	4738	2.24095869091343
1327	1347	2.24050527424866
51218	6157	2.24026241178985
506	7314	2.23999566065852
6881	84304	2.2384240416886
2551	9908	2.23822389329828
374291	89891	2.23799936239302
513	83862	2.23633674590602
2621	327	2.23605962182045
1350	6191	2.2352329359671
1212	60314	2.23492095431244
10237	517	2.23478427188021
10975	4707	2.23402239659791
4736	70	2.23223773182456
25915	283871	2.23178373895693
51690	6142	2.23133147403185
10211	79171	2.23013471923624
1725	5018	2.22998804308462
25915	84988	2.22976253865492
373156	65993	2.22961695318035
2067	54998	2.2288291699609
10975	27089	2.22882067737501
4190	509	2.22709188701457
6171	6222	2.2268659604239
55297	57511	2.22615245061178
4708	6152	2.22521335108731
7316	84833	2.22507176368404
25804	3029	2.22461502218776
10484	79624	2.2240925888029
50813	8079	2.22384900302433
10383	5476	2.22353882131369
400916	84331	2.22313511662891
10211	84232	2.22302442070706
5350	6235	2.22255487922832
1725	79171	2.22204368986919
1652	25915	2.22183198617179
51253	92609	2.22144738822905
29088	4729	2.22047035841409
1397	60314	2.21939095455552
6156	6191	2.21935140014153
29796	51647	2.21845550916493
2821	50	2.21821733582127
527	5886	2.21752498075683
11224	6165	2.21715158001125
54205	6170	2.21633358063289
1347	498	2.21618114850912
10211	10430	2.21509055229223
10121	10445	2.21468573713818
10113	5127	2.21396850274328
5127	6525	2.21316687276066
373156	5018	2.21278190946911
1397	4282	2.2127239442902
400916	5605	2.21204763746819
8733	9146	2.21185716592646
10273	23640	2.21171322499196
1948	2122	2.21156061387921
51116	51295	2.21044583962093
10975	51372	2.21023671845013
6604	84304	2.2100424683558
4282	6723	2.21001069950743
6814	830	2.20989599573202
10273	1482	2.20969816152593
4723	51253	2.20967373328473
84304	84331	2.20930716426348
22913	92609	2.20912316856403
4708	4736	2.2089254803318
509	6191	2.20877161462842
6235	6500	2.20849012267643
6881	84266	2.20762790780491
64844	80006	2.20761736557923
1350	4190	2.20760417404072
1347	4151	2.20756930159487
23658	80318	2.20746140467253
498	8031	2.20703961159054
27335	6159	2.20688445333694
2593	400916	2.20602623830559
7314	845	2.20469755334217
1160	5250	2.20449163111725
80145	83941	2.20429382648209
6143	91582	2.20394705428517
26589	9587	2.20389445844497
121536	2551	2.20337926779709
509	515	2.20189398540923
1347	6500	2.20179514548382
255919	282809	2.2016341818898
4924	57658	2.20049072311301
4694	4715	2.19984746115486
10078	22980	2.1997962720713
10376	84790	2.19933976556316
282809	54602	2.19909719229402
1725	51181	2.19906508717967
3611	5127	2.19812621377194
22827	23640	2.19806731121534
10211	7165	2.19797855941886
54539	84988	2.19793724386474
10809	23625	2.19695880143039
11335	329	2.19679903771839
27018	7178	2.19653186074084
3396	373156	2.19625853691997
27335	84681	2.19624316018138
1725	84232	2.19489788085407
1212	51181	2.19477749101982
10211	51295	2.19469064564407
522	6152	2.19401028024905
5250	54205	2.19393195450002
54973	7165	2.19217186744293
10430	373156	2.19172708196697
10211	54973	2.1917104945706
10078	10456	2.19166530615788
1327	515	2.19157386177225
51292	5571	2.19097324617616
1350	4708	2.19000107791832
6156	84833	2.1891173119709
1482	22827	2.18899880599647
54998	84988	2.18801668029329
51629	6844	2.18787068680897
6138	6167	2.18770458591887
5250	7316	2.1872570825887
7314	7316	2.18666193764221
6814	9039	2.18508786244523
3945	4736	2.18428449301036
283871	54998	2.18386721311164
5438	84681	2.18380127329309
3611	826	2.18330533852929
513	6881	2.18328497117179
400916	54539	2.18259351018691
10434	55074	2.18233989870852
509	8802	2.18211570336072
517	65993	2.18205713924848
29796	6204	2.18175418867192
845	84833	2.18093795652129
3611	50813	2.18000137756336
1397	84232	2.17941501041232
83607	8562	2.17836307044941
2950	54539	2.17824649991203
22980	8662	2.17755845614016
6171	845	2.17651922812084
3945	6191	2.17602935327679
1347	4190	2.17468821007316
11007	2987	2.17454559096786
5164	6525	2.17436121933873
506	84833	2.17393043264364
10245	1397	2.17339839618393
1327	84833	2.17325823844697
29990	81669	2.17320272946011
55679	5605	2.1729971905918
401505	6227	2.17284822006284
8548	9039	2.1728343586097
2551	282809	2.17250024046438
53635	60343	2.17220728113244
327	738	2.17180682657889
10434	79577	2.17143977484373
1327	1345	2.17077783002645
27335	5439	2.17070536801985
3421	83862	2.17048641768059
708	84279	2.17034021718236
11331	6525	2.17015472568091
150678	3094	2.16914570493566
1482	2621	2.16852153870565
6138	6187	2.1683344023991
10362	60314	2.16737381177832
4736	6500	2.16734494144117
10120	54973	2.16731928883082
10113	10445	2.16714660814889
11140	22913	2.16582727625129
10075	506	2.16557461995986
10383	10430	2.16495379083339
3029	373156	2.16485674566761
25804	389541	2.16312048627076
10120	23640	2.16303039301045
1160	506	2.16288892117556
506	6168	2.16193609389121
7316	845	2.16092576653833
10430	1397	2.160692821234
1327	7314	2.16061528368692
4707	6156	2.1599893069376
10445	5127	2.15904876543651
10211	5434	2.15898238900611
1350	6500	2.15778520938131
29079	83941	2.15764964243374
1725	9049	2.15749293328663
6157	7320	2.15748692888462
10554	8733	2.15702848901973
1725	5127	2.15642711644269
10473	58478	2.15621248739531
126003	283871	2.15506142380094
28958	6204	2.15502115121753
402	8079	2.15496532751109
6192	7544	2.15479647509768
5524	64978	2.15468971548995
51075	51081	2.15442095979727
1347	84833	2.15433197449331
4190	6171	2.15409574068247
10960	22913	2.15358301027717
2950	60343	2.15312343233058
4723	5719	2.15294719105038
126003	5699	2.15286418744268
4151	4736	2.15276248830354
4736	6152	2.15253623941382
3421	5434	2.15142131709423
4190	7316	2.15116394057511
23640	84232	2.15067947037366
1345	4707	2.15059232066517
1347	515	2.14981469221809
10273	51295	2.14974959717148
2593	283871	2.14919799933104
285237	80006	2.1477461989237
2873	5127	2.14744503762805
60314	8260	2.14727155982543
51181	84266	2.1469360002412
4282	53635	2.1464684779778
1397	513	2.14533977070879
10121	5127	2.14479064930333
1121	9765	2.14303263059309
10113	22913	2.14248990622888
10078	83862	2.14169848206093
5434	60314	2.14130034144854
23593	6143	2.14028125232917
29796	79135	2.14000999095845
1160	291	2.1398102351326
2621	64743	2.13965357010201
3945	6133	2.13945427388543
283349	3187	2.13821795078581
374291	59307	2.13785876905122
5127	92609	2.13771347482337
23640	4282	2.13758665648638
26589	64976	2.13676766250026
55967	6168	2.13651023100198
1327	506	2.13634116380817
4354	50813	2.13412267458516
2067	2593	2.13379367553126
51068	9364	2.13377483488612
22907	5442	2.13362300950516
54461	64743	2.13309937308362
509	845	2.1320392421181
54539	54998	2.13190750619548
10554	7423	2.1316826813105
10923	23658	2.13142241394934
5699	6143	2.13095912592962
51510	9039	2.13011133878466
5699	84304	2.1296601060582
54205	6156	2.12960306430214
1329	6176	2.1295046285596
5127	79171	2.12919038420688
4706	54998	2.12893127307311
5127	55147	2.12892873698779
10430	23640	2.12874850160305
1347	93621	2.12863063650695
466	51633	2.12808897073157
118487	51142	2.12771792828039
10078	400916	2.1271350365371
373156	4282	2.12709859985357
54205	84833	2.12697949919025
1350	55967	2.12548632670851
10489	113829	2.12484645432752
3421	9670	2.12443141629629
59	6876	2.12393005415029
6155	9377	2.12368088560463
1397	6525	2.1223198438162
2873	79002	2.12189122572533
22827	64943	2.12121502415271
10484	64844	2.12040446783063
1212	8260	2.12006197303545
10120	5127	2.1195317647425
10078	6237	2.11881517272551
118487	84304	2.11843203765426
1725	373156	2.11838646576913
80006	8548	2.11819780233518
10430	22827	2.1180693015574
1639	84700	2.11778149215901
8562	9559	2.11700799535493
51372	6161	2.11687306037472
10120	1212	2.116436404969
51535	9125	2.11627665823517
23558	79073	2.11561859033461
4736	9045	2.11552464719111
6597	8241	2.11475902606848
1327	6152	2.11419195571962
54205	6133	2.11417998974926
64343	64844	2.11395416511862
6138	6168	2.11392273525479
51510	830	2.11388907026077
5499	6050	2.11310815762784
23640	2876	2.11242407112713
53615	7089	2.1122370141219
7076	7431	2.11189186562139
22913	8402	2.11172631359633
4282	60314	2.11150049782229
283871	84988	2.11077942245413
51142	6881	2.10978015600478
3421	51116	2.10853004176942
2030	2319	2.10807376472719
54819	55631	2.1074184978912
1347	4711	2.10677605696424
509	8031	2.10581002402726
6167	6169	2.10574349257311
391	79654	2.10526748463175
10237	4282	2.10525151881722
513	5699	2.10500021213212
10016	2876	2.10385879530687
3421	513	2.10355676196614
1327	5350	2.10352840593698
2109	7384	2.10325176740965
2950	60314	2.10302699322176
10075	6156	2.10294767011447
10078	2876	2.10254723861525
6161	6171	2.10141765798781
374291	6881	2.1012717795317
2109	89891	2.10119211648434
51073	84331	2.10037595912578
4633	6133	2.1003222921815
10121	4282	2.09992626579114
10245	60314	2.09964037090196
55631	64844	2.09921014875904
1725	9380	2.09841133554564
51073	738	2.09786963512096
10121	1397	2.09785666063409
10075	5250	2.09747324569064
10430	513	2.09731907042992
6157	64710	2.09712519078385
3421	5018	2.09707844035412
4736	5350	2.0966950030834
25793	51629	2.09629694408199
11007	65990	2.09610033314517
10273	2874	2.09359470833406
51122	79577	2.09338053206066
51070	6881	2.09241298287677
51187	64431	2.09230231601246
5250	7314	2.09230225002299
2950	65993	2.09210293199627
6222	8802	2.09176590632756
3658	5194	2.09139463205913
10430	8733	2.08851912520713
1350	54205	2.08829004530012
10445	84232	2.08807325234232
60314	8664	2.08799008639558
130507	178	2.08779287193246
83862	84232	2.08770763071831
10016	10078	2.0863139091163
10075	1347	2.08488249563983
11007	6881	2.08483363599147
10975	1347	2.08476824347672
27089	51372	2.08468199318404
255919	57511	2.08434343388073
3421	5315	2.08368042849244
1397	5127	2.08350125944887
6168	8031	2.08348236424161
1350	4697	2.08292138020147
3421	53635	2.08243996487973
1482	84232	2.08148674192191
25793	2783	2.08144446848515
60314	79002	2.07963729404799
402	517	2.07947324097142
10473	57511	2.07758237923849
27018	6156	2.07718116418778
51181	84232	2.07643318428681
10120	83862	2.07606790463511
6637	6921	2.07557193479745
6138	6171	2.07513645449805
51633	80006	2.07480325972603
10211	81926	2.07459848620685
51181	6881	2.07211709300297
2197	8721	2.07188731177374
10362	517	2.07182707027245
22875	2551	2.07140800188734
51181	5127	2.07137595079601
6138	6156	2.07025905183712
10362	10430	2.0701998297608
10078	51035	2.06987435979896
23376	5925	2.06981403836784
10120	2873	2.06909191758405
738	79885	2.06894056974499
10245	25828	2.06777157196128
10245	2950	2.06743405512267
10273	60314	2.06731033720466
28958	6159	2.06433072380592
10376	10381	2.06405869020508
51181	79002	2.06339258492281
51747	79811	2.06299862912236
10430	9145	2.0624710183611
10430	8971	2.06214252629709
79885	84304	2.06006293120471
3945	55967	2.0588289286193
27018	51372	2.05770334716329
112936	22913	2.05707037877986
1977	8548	2.05700358540169
4282	517	2.05673079252618
1482	2876	2.05668302418745
126003	2067	2.05642824844493
400916	84304	2.05569720130604
4836	51116	2.05546262239497
10273	2621	2.05470340606846
2519	51292	2.05392563551663
1329	2197	2.05333773629289
4282	5127	2.05301581043385
2876	513	2.0515858373606
6210	6227	2.05151200278837
533	708	2.05085772084637
113246	84266	2.05037127035672
4711	6157	2.05020002403798
4282	51629	2.05014363137537
10078	513	2.04979526629534
51116	83862	2.04943552969763
201627	8036	2.04936178711529
121536	9295	2.04855630925299
10430	10554	2.04840670776294
4723	84814	2.04840601042539
10445	2873	2.04805793508849
1350	5250	2.04726991454378
29079	55312	2.04555177167936
2109	374291	2.04554262331933
2876	51142	2.04543707162393
60343	8971	2.04518940263119
219927	2950	2.04423139454751
51647	5438	2.04405905714457
10211	23640	2.04385065834596
3952	5346	2.04372945734634
11284	23192	2.04343707183493
79171	8664	2.04259914958439
81926	84310	2.04176322550093
1347	509	2.04134228724952
2876	8379	2.0399145431277
10237	9040	2.03976361546559
6138	84833	2.03795260651267
112936	65018	2.03752357334053
79176	84331	2.03678568754247
1859	523	2.03673412436076
11284	22980	2.03626792191186
25828	2950	2.03572633948523
2597	291	2.03465083210083
6157	9218	2.03416267771751
4736	6169	2.03060216742055
10489	5216	2.02726780650929
5571	84364	2.02713577400772
10078	84331	2.0269966530032
63891	79171	2.02655832926716
3029	83862	2.02642884232929
5216	84271	2.0263345949503
23625	23640	2.02552463172587
506	7168	2.02491299039207
22913	6050	2.02474343716942
4190	5250	2.02389790785786
3396	513	2.02345317886526
51371	514	2.02296909999447
738	8666	2.02232962249465
55967	70	2.02223186189644
26576	8733	2.02220781312892
10237	124446	2.02202649512548
619208	84316	2.02160100052712
7386	7417	2.02157538558269
65018	83862	2.02151282624263
51510	5194	2.02102519097974
1347	6191	2.02075741533546
10362	2873	2.02006925718202
8733	91252	2.01968592932629
23376	8548	2.01930298944403
10456	513	2.0190043172528
1327	4151	2.01786937876247
10975	1327	2.01751502742806
51116	51181	2.01666548029219
2060	9559	2.01661686852114
3396	91966	2.01527546894448
27335	54998	2.0151824214404
1160	6647	2.0150299539068
255919	9295	2.01498421495134
124446	60314	2.01437163843106
10410	53827	2.01401210406304
10078	10211	2.013889063187
10975	5350	2.01360258529802
5250	84833	2.01186429233942
373156	51160	2.01083852293737
4723	9552	2.01059465449126
10263	79095	2.01049862750341
10445	10450	2.00873702239692
5571	6628	2.00816720441521
619208	64976	2.00807143536851
4493	4502	2.00798397028621
27252	9295	2.00765934465788
10445	1725	2.0073259611739
10430	6723	2.00668794860734
2621	54681	2.00666591851356
10211	1397	2.00659742625919
1482	51116	2.00606534787108
5998	6341	2.00592808563964
2873	5018	2.00454927160243
10430	6525	2.00452582856501
1936	6222	2.00380456058735
3326	5571	2.00291712657913
10430	10489	2.00290048417599
4256	7076	2.00282372719646
53635	9670	2.00204724837062
10489	23558	2.00010871829899
10120	1397	1.99775394199888
121536	5194	1.99721892857295
1350	515	1.996474070817
6175	6209	1.99499370610771
6156	7314	1.99431954846571
3396	51116	1.99405520216615
10558	1859	1.99380863738333
1482	4282	1.99316220382991
6167	6170	1.99295074826093
55957	6881	1.9928236225811
10558	5194	1.99114950440879
6159	6204	1.99037102928977
4633	509	1.99032507370111
2621	51295	1.99025460598363
54602	830	1.99013085411923
51253	51295	1.98871064850278
7398	9559	1.98766163361661
10120	3421	1.98754735479215
6171	7168	1.98709247579819
6605	7398	1.98657818470354
118487	64976	1.98562132754189
10960	112936	1.98560161076044
10121	10383	1.98533886489394
27252	7398	1.98528303291908
4151	506	1.9848611109012
25915	513	1.98344652417642
1397	83862	1.98120483697865
1212	51035	1.9795236337921
53635	79073	1.97875446021524
1019	23640	1.97852014916409
1019	10245	1.97738431541867
4151	93621	1.97719282072284
253943	84640	1.97668466876236
6138	6169	1.97460040727383
10456	23640	1.9745291049674
2067	84988	1.97435619864811
4151	4190	1.97430589852873
573	83862	1.97385779545891
2593	59307	1.97156250594493
10362	9040	1.97154110647529
327	64743	1.97126924979689
4801	830	1.9711903413059
10960	1212	1.97067416047627
10558	523	1.97046568260957
1397	1482	1.96974778228027
11140	84814	1.96966224440762
5350	6170	1.96956611135223
4836	54948	1.96934227100176
10211	1212	1.969216809572
6133	6156	1.96897287138963
1212	6881	1.96698829696791
26589	65990	1.9668445070546
64844	9039	1.96676637753282
219927	63905	1.96653676123118
60314	79171	1.96618962132384
1482	53635	1.96576279016895
10273	8666	1.9643542572384
3178	4151	1.9629275751697
400916	738	1.96281029984126
5127	7423	1.96263713852247
7544	8284	1.96059811870705
83862	8664	1.95891260977155
1725	79002	1.95890232186793
5437	56945	1.95834271266279
51372	6167	1.95809870401163
3421	55147	1.95669937937768
5439	55505	1.95656745709825
22907	26576	1.95504488198255
10078	10362	1.95495513053505
54205	845	1.95400224874392
1019	64223	1.9534146836529
10362	65993	1.95303066319195
6158	6159	1.95280615254055
6138	7178	1.95141139557242
10245	79002	1.9501332561999
1471	6525	1.9497607486023
6143	64960	1.94975204924946
10430	8694	1.94927746632482
54512	79004	1.94802394525039
7398	8562	1.94759706317808
126003	23593	1.94734931683434
2067	51142	1.94691416759906
1482	51295	1.94691361593768
25828	54539	1.94644981379447
113829	8933	1.94642780396949
118487	1622	1.94625598129755
10120	4282	1.94593761597501
25915	6237	1.945689188642
6201	6234	1.94564580002284
53615	5605	1.94470134328485
22913	9552	1.94446227568481
1652	5699	1.94422973866054
6390	6525	1.94294514394281
27254	5127	1.9425655923377
1175	8815	1.94252724059217
22827	54555	1.94211628112143
4190	6191	1.94181148549614
60343	84892	1.9409677615549
2950	53635	1.94064318624024
10120	10489	1.94033454303327
27018	54205	1.93989126635392
6161	9045	1.93956524505072
10211	1725	1.93844336460183
10489	5315	1.93636515175485
25915	84266	1.93608129320731
283871	513	1.93567036942515
10488	79001	1.93475907601262
4836	513	1.93356079922374
2593	51142	1.93355436066591
64978	826	1.93309671227709
3945	6170	1.93287966904074
4801	8813	1.93279981018519
10975	515	1.93254288244314
10121	53635	1.93094444859464
4736	6235	1.93057936287175
29086	64091	1.92972230388009
5348	79095	1.92937963605901
22980	79885	1.92908078979425
10456	84331	1.92902432337736
6129	6161	1.92854103542396
10383	51253	1.92835120936512
4190	515	1.92833357108526
1350	7419	1.92822455950947
10362	1482	1.92710435987385
51181	79171	1.92700974845207
1327	7316	1.92531759777352
619208	64960	1.92521590657401
353	8694	1.92471157481268
51322	51747	1.92406225483197
10489	816	1.9236625734876
5127	54973	1.92366097966115
26576	63941	1.92355385469406
10078	84304	1.92257729916137
4282	79095	1.92241404542104
513	60314	1.92212253228546
4710	6159	1.92200366877269
1397	5164	1.9212875696655
10120	10121	1.92054872574947
10445	3611	1.92015498114262
2547	50	1.91898093598237
3611	6821	1.91874741949856
51073	5699	1.91761166890079
2876	79176	1.9171200530769
2621	533	1.91626343400588
53635	8733	1.91625061892985
118487	5699	1.915258929025
4736	7316	1.91432169392982
5127	51629	1.91412188286884
5194	8036	1.91366521763514
10434	79624	1.91359509944805
2821	4723	1.91304986466301
10078	1212	1.9124572147593
3421	54512	1.90975211432836
4801	54536	1.90923700179683
4358	55147	1.90872274579249
10078	124446	1.90836326094985
830	9039	1.90808438595083
11034	1347	1.9080122226409
54973	60314	1.90779917992868
171017	51236	1.9054916351677
7178	7419	1.90542163722971
2950	51181	1.90524511625658
10581	8519	1.90506055978669
10121	83862	1.90444815623314
83607	8417	1.90426405704216
25915	51142	1.90358961654567
51070	8666	1.90307568100852
1936	6206	1.90184300180979
51181	6525	1.90154836123998
7316	8802	1.90081328234075
10430	54512	1.89979753552275
10430	124446	1.89948115037593
1482	2950	1.89787397853714
4707	6152	1.8960954336855
23640	2621	1.89608232459904
10113	92609	1.89560451434074
2621	51181	1.89433557615968
55288	80145	1.89369053118316
114932	51606	1.8920100199499
3148	51510	1.8917756937266
27335	6204	1.89139653052031
10211	8664	1.89037415108413
4711	54205	1.88907443571356
1397	79095	1.88895769380474
6155	6169	1.88838965010916
2873	3421	1.8879498359121
122416	2063	1.88738573063354
51690	6204	1.8871878999007
11007	51070	1.88714719572339
6141	6204	1.88652699493495
3421	6723	1.88620967681928
10975	522	1.88560094553184
29079	7257	1.88551086530854
1327	6500	1.88470605536055
29079	8813	1.88468116550528
10121	1155	1.88462891345285
10273	400916	1.88450076793334
10499	8491	1.88407182648946
513	84266	1.88351559137007
10075	7316	1.88244919683572
197257	327	1.88218543312767
6129	6228	1.88151781589011
1121	57511	1.88120532577948
10121	50813	1.88000561909142
10456	6881	1.87993695295218
1347	27018	1.87842472973001
121536	166929	1.87772576626412
4707	4736	1.87719333090248
517	84065	1.87587704491368
738	84033	1.87553879688931
4707	4708	1.87544754316523
1854	80145	1.87540698633164
51142	54539	1.87491654154615
374291	400916	1.87463369717864
4633	6191	1.87446352121244
10078	53635	1.87399014694962
29086	9380	1.87388447887809
2873	60314	1.87362609417828
4711	6500	1.87356794418031
11152	64976	1.8733329271183
51690	6141	1.87289575818058
51633	55631	1.87278961997328
150684	27335	1.87202326590794
255919	55297	1.87197727220716
2621	51253	1.8719312864405
112936	4723	1.87056464495623
79176	79902	1.87053967154132
1350	6169	1.87046123358769
55692	81669	1.86930729619891
10078	51295	1.86854863900404
25950	51535	1.86819657448684
60496	9295	1.86792067475464
10078	3421	1.86627494323214
64844	79577	1.86609380064615
8662	975	1.86510802635288
2821	84814	1.86498019331707
10263	1397	1.86313499872581
515	6170	1.86204989478625
4190	6187	1.86148247151538
22907	2593	1.86118266805523
10376	10430	1.86089132106643
1027	282809	1.86018842638304
3029	513	1.85739104010387
2876	60314	1.85717755347115
25804	84279	1.85711914145484
3611	64745	1.8551919417845
51073	84304	1.85511009057945
1482	9670	1.85502784022033
4711	515	1.8547508512024
373156	51142	1.85331375825772
10078	51253	1.85303737514323
10120	10211	1.85282486616068
55892	91408	1.85227533930444
10113	10120	1.85221506860859
2950	4282	1.85175843305382
10908	79073	1.85090822331138
10383	22913	1.85054883312542
26046	9908	1.84920954324036
3163	9552	1.84918185608853
4190	7314	1.84855837446148
10430	219927	1.84830598250914
6155	6235	1.84746726862656
7314	93621	1.84686215317156
8036	830	1.84669426444456
10113	1725	1.8464867470586
51535	64756	1.84630988269261
10445	54973	1.8460857626027
10410	972	1.84564569620237
26576	91252	1.84492531534875
64844	79886	1.84465748266611
60314	9049	1.84424673346104
10078	6881	1.84377866974514
11140	6050	1.84348798737567
340061	972	1.84279128511937
10923	1854	1.84268904740303
63941	738	1.84170928259448
4151	55967	1.84018364838113
6597	9361	1.83953977253531
2950	5127	1.83920525348212
55213	79872	1.83912547432047
54681	8662	1.83760471248978
10211	23625	1.83640321357853
4282	6237	1.83568523285621
55967	845	1.83533622451951
2873	79171	1.83504669863874
6414	9445	1.83467641564642
27335	55856	1.83380252849994
27335	28958	1.83287832629206
1482	22907	1.83214934987704
373156	8192	1.83202187100197
5605	7917	1.83015139043131
23593	619208	1.82925113465622
54512	55147	1.8287550035585
400916	5699	1.82590443591914
527	83547	1.82556080813243
5473	64407	1.82379774897831
4282	6525	1.82372104663125
6881	83443	1.82341319607045
11034	5350	1.82282649542684
7390	92609	1.82112949342173
23640	51295	1.82086691095824
26589	8996	1.81954086167612
4151	7316	1.817746377312
29796	83443	1.81695235624443
64743	9130	1.81663511428865
10105	51075	1.8165743556822
22980	54681	1.81619651676215
515	6500	1.815887696616
4707	6171	1.81557313600734
6169	6235	1.81540096036842
10362	25793	1.8149571729654
56683	5901	1.81378650295368
255919	54602	1.81348539831176
1351	3029	1.81279563111634
54819	79577	1.81231491048564
10113	53635	1.81170028570808
4736	6133	1.81107949114892
3107	3135	1.81100894097009
340061	79095	1.81100039415413
55957	6237	1.81044450521541
27335	84988	1.80989762063393
498	7419	1.80914710275598
10121	10489	1.80880738558322
51142	59307	1.80831527484748
25798	6143	1.80826204275497
10078	10120	1.80673157853991
23593	91582	1.80471221335314
5350	6167	1.80391888975162
10121	64745	1.8029234017186
51633	5194	1.8022823851166
6525	81926	1.80066524098362
10211	91445	1.79988674911061
10558	8562	1.79959874604938
5127	8733	1.79944972597348
79073	816	1.79833158867378
2621	90313	1.7978577354638
522	9377	1.79734227284849
54464	8065	1.79683624385823
10120	10430	1.79655825326123
1212	1674	1.79564879494743
10430	79171	1.7949738038137
2551	255919	1.79492949590769
3163	5127	1.79483975686139
29095	373156	1.79374428669323
26472	997	1.79367386423954
51253	65018	1.79329303015141
28973	84265	1.79291604784283
10960	7165	1.792405233979
203068	50813	1.79224569885327
51372	9324	1.79212716962849
2873	3611	1.79172952326287
64844	91137	1.79065476680901
4633	6156	1.79052772497953
5194	81627	1.78973915742447
22907	22980	1.78971290848743
22913	5476	1.7896503096107
128869	92609	1.78811702211074
23646	25793	1.78705930008972
10410	6035	1.78677072504212
5194	55791	1.78611821729702
10430	51181	1.78300144204384
64223	84232	1.78052721889264
10113	10383	1.78013518207021
84640	85461	1.77998065628878
64745	8079	1.779910286634
6628	84364	1.77979888582703
27018	6161	1.77965861453636
10014	10078	1.77919571544303
60314	6881	1.77899399880352
4836	84134	1.77863646928692
7376	84232	1.77667118289952
1350	6152	1.7763021281332
2876	6881	1.77517754958844
11080	26269	1.77446933040787
51719	83607	1.77434403047242
3029	5714	1.77380519958913
51295	84331	1.77318514526984
1977	9039	1.77309647054641
5713	81627	1.77277932071502
1155	517	1.7725324135382
11284	2876	1.77213759808938
64407	81027	1.77197655095241
10975	1345	1.77147580547305
498	515	1.7712991481417
400916	59307	1.7708371797611
54602	64844	1.77070550715996
253943	54874	1.76951431299995
5986	79885	1.76868723947427
25793	8407	1.76716835544603
10120	1917	1.76705131964484
84266	89891	1.76702982525544
51142	6150	1.76695620894358
4708	7178	1.76650104408659
10078	91252	1.76645754263575
1725	23640	1.76632184291591
10113	83862	1.76612751369239
3611	402	1.76582658021701
6142	6204	1.76532535289233
51070	84331	1.76413068948235
1027	51534	1.76382837166501
1339	8933	1.76326142740781
10078	51116	1.76284921312452
10105	51081	1.7627554059793
29796	5439	1.76225383179825
1397	79171	1.7620578700403
513	84988	1.76201098039962
51534	54602	1.75989475461965
5476	55147	1.75952309832247
26589	30	1.75947470050778
8664	9380	1.75772414218769
10280	4282	1.7576435895456
4633	54205	1.75593784046007
54461	738	1.75571416110805
10016	400916	1.75353183286593
283871	51142	1.75344625429549
1977	6814	1.75343175997419
2551	55327	1.75333711119996
22980	8241	1.75322932968743
10273	51329	1.75230743805421
23376	64343	1.75175087788667
51669	8073	1.75132807461142
51368	83862	1.75066633535479
1397	79002	1.75060309816378
4715	5250	1.75010344033561
55967	7178	1.74926569675923
22980	63941	1.74922760567259
1327	6222	1.74868748241365
1482	5704	1.74805773230388
10120	51181	1.74728582669815
10489	1509	1.74638142804364
1725	5434	1.74593537958691
80204	9444	1.74527357998513
283349	5500	1.74464890129835
10078	54973	1.74431771494878
65993	9145	1.74377006435368
1482	1725	1.74329547228584
1482	400916	1.74290785080218
1482	81926	1.74167730304828
128869	4000	1.74159554235565
4012	84376	1.74074793516068
10273	2876	1.7392811898352
2876	51035	1.73916700735505
10456	23625	1.73826260669998
10430	83862	1.73820315109
1347	9377	1.7375307109475
23474	51142	1.7371833738827
2067	5699	1.73654786251476
8733	8971	1.73629495886163
79073	8079	1.73551318223193
126003	54998	1.73551214479661
10362	5709	1.73422522559296
1482	55957	1.73361469516137
25804	51368	1.73316822097763
118487	8996	1.73309455415625
1482	79641	1.7328388948883
1482	5127	1.7327110771018
3421	65993	1.73126641330489
57414	6821	1.7311029559677
54205	6191	1.730400760253
10581	3397	1.73028960041208
27236	84641	1.73026733140081
51073	997	1.73025546325153
5164	8815	1.7287500811254
10430	79073	1.72761104877896
816	9670	1.7271092482062
1212	89891	1.72662401466139
1725	513	1.72615905154762
373156	51239	1.72607203994985
340061	6844	1.72535653292695
4708	6171	1.72494506939611
1160	4715	1.72464510557643
22913	9632	1.72436242689364
1350	6138	1.72380767678265
1652	6881	1.72354397688053
56945	91272	1.72207965018898
374291	513	1.7213405629435
1277	1290	1.7212693449867
2876	28991	1.72125847588691
10078	81926	1.72108459446286
64978	6525	1.71956800124086
26355	29796	1.71944288315013
400916	84033	1.71869558122206
84814	9552	1.71852220090154
10113	10489	1.71844621462325
23558	50813	1.71798197495876
51187	51510	1.71763142753294
5127	5164	1.71751965922825
64960	88745	1.71648737120744
124446	6237	1.71582237814747
1350	6160	1.71494297122789
10456	25828	1.71483555473889
1327	6138	1.71469441486297
2874	5127	1.71423448929388
121536	51122	1.71392730519455
25926	329	1.7132325320996
10456	1482	1.71278392927322
1347	7314	1.7123908817851
29086	51239	1.71210002692925
6161	6187	1.71182713920958
51668	9445	1.71167757412217
466	830	1.71161296440423
54512	83547	1.71159160822494
2874	4282	1.7115392919052
25793	5216	1.71095820449451
10975	6167	1.71058226108613
23558	4354	1.71044904974533
1397	54512	1.71028792517444
3029	9552	1.71027039673186
1175	2950	1.71017254179687
11007	84331	1.70853189860649
10237	373156	1.70846456984376
6133	6171	1.70783332132743
3384	6472	1.7075967850615
3421	3611	1.70743915444537
816	83986	1.70699749775764
10078	92856	1.70667967773862
10078	6723	1.70629906468572
83986	8985	1.7059246942738
65003	9552	1.70457778982741
4282	5018	1.70436191935538
4711	5350	1.70411412998907
10078	23192	1.70365795171536
53635	60314	1.70359658467396
70	7419	1.70350260263751
6237	79095	1.70244672625635
373156	60314	1.70171073450385
51647	54958	1.70157135285195
10078	51181	1.70143835871608
121536	9908	1.70057134918826
119392	51510	1.70037576992243
5346	7069	1.70030318294266
327	80308	1.70000815714761
6143	8665	1.69974805712949
4179	466	1.69940910086114
79624	80006	1.69910046731493
1121	255919	1.69906917381811
309	5315	1.69847304034545
7168	7178	1.69843761190983
255919	830	1.69827225132162
22913	84814	1.69709980622344
1327	7419	1.69697434412345
517	9049	1.69675224221346
6191	6235	1.69649319582401
1674	5714	1.69594127282517
30827	8733	1.69552285277698
161882	55177	1.69512950314198
10211	10245	1.6939927336248
4694	6222	1.69374190036665
1639	2997	1.69336661002025
53339	81627	1.69259115728155
28962	5194	1.69204660504016
400916	8662	1.69203412606256
7165	92609	1.6919503370857
54602	9039	1.69151633490098
55297	64844	1.69136457769165
27018	7316	1.69123480689919
10445	8079	1.69094943206101
498	55967	1.69080405854009
5350	6155	1.68843922998697
1674	1725	1.68630991600032
29095	517	1.68468135373
2109	84681	1.68463446309042
10489	9670	1.68384465891524
10430	1725	1.68336490548224
2332	9218	1.68314174779779
126003	51142	1.68304354909234
83862	9380	1.68285324685807
60314	81926	1.68251296661568
255919	60496	1.68200359687171
130507	22849	1.68175086493625
51329	573	1.68159913519495
10445	64223	1.6811952101495
22913	79001	1.68089990648665
24148	4723	1.68019338501074
10581	54922	1.67962430625278
23640	2950	1.67956053271532
10558	9908	1.67912681561606
51142	84266	1.67893814842553
11224	1936	1.67798230858874
10445	84065	1.67732975747904
10961	9361	1.67677074191466
10907	5889	1.67613436843866
2874	513	1.67455012768337
10078	5127	1.67448688290533
79073	8985	1.67394810124174
10273	6881	1.67388135641003
10445	29086	1.67342079721089
3421	91445	1.67341567191329
2873	3106	1.67125143054813
10436	51368	1.66950144192098
2621	6341	1.66924953190944
119392	830	1.66802862166714
2876	2987	1.66783141607539
1760	5164	1.66709135428093
126003	27335	1.6665790136503
4736	6222	1.66434629748755
10016	84331	1.6638197685105
4708	498	1.66273163666171
10376	10489	1.66200685724888
57418	83862	1.66154577451885
3265	51181	1.66141227968285
10430	5216	1.66073591500159
1652	27335	1.65894059704726
23640	54512	1.65887588177854
22980	327	1.65798329092329
51073	51295	1.65780274500652
22980	26576	1.6565663836972
5476	79073	1.65570204785846
10456	84988	1.65467128841351
6146	6147	1.65393893815885
4708	6170	1.65391839070095
7257	9443	1.6528518698026
10456	2874	1.65281621979659
3163	517	1.65279498994259
4723	5499	1.65241421648113
1977	282809	1.65227067958475
28991	64943	1.65209763585157
1175	3421	1.65199104352743
55631	79624	1.6517520545659
10489	55147	1.65163932925614
64943	8733	1.65124577280361
10016	6237	1.65099231049677
100128731	11224	1.6498923158728
10120	1725	1.64821729596174
28992	9274	1.64698092938741
5127	83862	1.64597250752929
10273	83862	1.64574272465513
285237	79577	1.64516287966828
1350	6133	1.64511547836864
4736	51372	1.64457982808586
1854	329	1.64270748210955
22827	3421	1.64220554092985
50	5476	1.64215853712787
51295	84814	1.64161899924021
4190	4633	1.6415035510579
6009	830	1.64109977632553
79676	8694	1.64102756702593
6814	9295	1.64065329209519
29086	8664	1.63930471717075
738	84331	1.63860421825659
283871	59307	1.63824848204655
1977	51510	1.63731854270601
51510	64343	1.63609910146508
11284	1482	1.63558539510897
81926	84232	1.63451993608874
10121	79073	1.6342844546825
10078	51142	1.63428202936183
3608	5571	1.63403857348606
10175	55631	1.63398430717721
10078	63941	1.63311598351155
10245	1725	1.63283054562166
1482	5434	1.63275871925596
2621	83862	1.63176338066441
2950	5164	1.63124185564991
515	6168	1.62982152697792
2063	64960	1.62927709106299
27089	5350	1.6291923527222
26589	29088	1.62910311386401
5350	9377	1.62895123509952
5250	6156	1.62615975534582
11152	64960	1.62562984784857
150684	83443	1.62550155097141
4708	5350	1.62473738766903
4190	6170	1.62372809888018
1347	7178	1.62284468018532
3396	9552	1.62255117065686
3148	5194	1.62173187717412
466	80006	1.62130629149688
7376	79171	1.6207139995887
7384	8192	1.62032389414347
10430	5315	1.62010911004678
119392	51122	1.6196152973582
22907	8694	1.61952569038405
4723	6050	1.61898046561923
327	83862	1.61884043656207
30	997	1.61825163825737
10445	79171	1.61657371816845
10237	513	1.61605924905918
11224	4725	1.61571749007483
373156	51116	1.61501520451837
64743	8241	1.61497370325823
327	51073	1.61451906894094
26589	997	1.61400267642513
4190	4736	1.61206236545149
51372	5350	1.61155223194885
22908	55631	1.61150955174854
23625	60314	1.61062884107832
4708	6129	1.6099046544325
51218	7320	1.60985617084861
4282	91252	1.60927785874506
1175	1397	1.60885605313226
51142	55049	1.60763015005268
10237	5018	1.60744458865718
6723	7423	1.60723959636718
619208	91582	1.60659282858346
617	7384	1.60634640057728
53635	8694	1.60629732126827
83607	9559	1.60616558691769
113829	402	1.60546129427424
121536	6814	1.60394949522973
5476	83986	1.60392942079651
738	84304	1.60370818282912
283349	6157	1.6026728713947
329	8073	1.6025264418976
10452	80256	1.60246760347309
113829	816	1.60182371910588
3020	6157	1.60078129878983
1482	6881	1.60069491455716
60314	65993	1.59979798496819
1212	7165	1.59936908708817
112936	83862	1.59911664890143
26589	738	1.59906302968113
79624	8548	1.59898321951069
6167	6228	1.59871220716564
402	79073	1.59858478251919
125988	204	1.59744671807526
3421	84232	1.59742967895412
5127	65993	1.59735451808373
11007	64743	1.59709395572168
10245	3421	1.59691096644533
1397	2873	1.59650903753636
1019	79002	1.59644655539186
6138	7314	1.59603293505551
54958	84331	1.59557927111834
10923	80318	1.59455862306964
55147	83986	1.59311170313973
112936	51368	1.59188250557133
373156	9145	1.59186276045328
466	9039	1.59130653586828
6129	6170	1.59107907742628
64428	84304	1.5909188990942
2547	4723	1.59069372741916
27018	6170	1.59068639108052
25793	79073	1.59010627797927
5518	6821	1.58945390285001
1070	830	1.58912749089728
28956	6881	1.58903121732321
10121	60314	1.58902492290663
10113	309	1.5888469821424
1725	64745	1.58838123612817
10121	10376	1.58772019609799
79002	79171	1.58750932758533
54973	84310	1.58717448370044
10473	55297	1.58684854356804
1397	5315	1.58566835596493
1347	1350	1.58393166109458
51510	6009	1.58360767305613
10121	373156	1.58332529274121
10016	4282	1.58323702304602
830	8813	1.58277677532511
3421	3959	1.58276262893135
10078	2874	1.58171878538129
7398	9295	1.58165615837588
1397	373156	1.57834653698778
513	6604	1.57769925642049
51079	9552	1.57681823559502
1350	506	1.57537191055832
10121	10362	1.57517426164463
54464	9908	1.57455284323069
10430	8192	1.57436739810962
10273	55101	1.57358314823508
118487	91582	1.57246664731212
1478	25979	1.57180246227214
1121	9908	1.57030873717377
513	517	1.56944311374116
10078	10873	1.56941927597122
25915	84331	1.56888585820765
282809	55297	1.56849958050669
1070	5194	1.56768156533325
79176	997	1.56666660591401
64091	83862	1.56646210830092
1350	6129	1.56585190743583
10211	8260	1.56493856076459
10075	27018	1.56404588923983
23640	7423	1.56348508894163
1121	1452	1.56340280469066
1397	6844	1.56190762641422
1212	1482	1.56190747922825
51035	60314	1.56190440303861
4697	4707	1.56190258896726
54973	92609	1.56057663257801
51253	5127	1.5601342648892
2067	51073	1.55958934822937
151987	51534	1.55924336029677
79885	8241	1.55783729068125
11152	2063	1.55737939062291
55783	79624	1.55699116257141
113829	8079	1.5560203374355
22980	2876	1.55571408883321
29945	329	1.55506671062713
5127	8079	1.55416503289319
5699	59307	1.55311941338421
5350	6129	1.55285640659438
10211	2873	1.55137346862878
1347	70	1.55057360144904
280636	55052	1.54995377142689
10939	51218	1.54976221982263
25915	5704	1.54919460658137
1278	1289	1.54901187748337
10398	826	1.5485674960703
4190	84833	1.54681874940727
1854	83941	1.54621212973364
10105	4354	1.54558577644243
27018	6191	1.5455551524214
6670	9295	1.54493811671827
10959	84280	1.54490044527266
327	54681	1.54465445090138
1482	374291	1.54341246990298
4694	6647	1.54104265192162
192286	8815	1.54102574943722
10016	51142	1.54056798695992
54602	57511	1.54031508338582
51569	8487	1.53975116586631
1760	340061	1.53969676388681
4924	8079	1.53853129117359
6923	8721	1.53829482858482
51253	9552	1.53813913403073
5127	5476	1.53767887984984
1347	6133	1.53720989055431
10554	53635	1.53690919534887
283871	400916	1.53647639809118
7844	8036	1.53641721645939
2621	51073	1.53604019342035
10078	22827	1.53546130355795
4494	4502	1.53509465842384
6155	6232	1.53491289096019
29079	6814	1.53384633831447
10237	2874	1.53339628713775
3945	6156	1.53334815648461
2621	79176	1.53272756722227
64431	8813	1.53251319899549
6133	6235	1.53242295448368
6881	84993	1.5320222536233
26073	402	1.53148542100645
11140	4723	1.53125133977997
60314	84266	1.52953820660695
51371	522	1.52767607545644
1121	5495	1.52765021907252
11337	65993	1.52704179311625
3784	54461	1.52685608428184
1482	373156	1.52533242919966
22980	51035	1.52525344755335
10398	1175	1.52477228451387
2067	28955	1.5242798775625
27252	83607	1.52412643485673
10398	79171	1.52405260333242
10383	2547	1.52359642015405
10362	53635	1.52341510230638
10121	10450	1.52272014152229
513	6150	1.52106393031575
6923	91582	1.52035394425957
2950	513	1.52007474398559
50813	51292	1.51935021566722
6168	6500	1.51905554687924
5216	79073	1.51875048028627
10809	2876	1.51855753357868
4708	6156	1.51855693840729
282809	57511	1.51666042190734
1155	1725	1.51646364230357
5699	8666	1.51637882283241
6155	6167	1.51580631006156
57511	60496	1.5155177667893
115416	51372	1.51473268662303
10005	6881	1.51469890826478
10873	1482	1.51354534685412
10960	83862	1.51298132374566
10960	65018	1.51230624922465
1347	3945	1.51220389199822
29100	50813	1.51072076204059
53635	64943	1.50985819987385
10915	51747	1.50975262556329
4697	6152	1.50964285371365
51073	63941	1.50951909514973
3326	6628	1.50919621865182
5719	9784	1.50871755132761
6050	78987	1.50835416973614
113829	3611	1.50769604261065
466	7257	1.50711091755598
10558	1121	1.50699308403156
25915	6135	1.50651861013099
55631	80006	1.50594541920216
1211	124446	1.505664356087
10572	374291	1.50381427129547
113829	51629	1.50349273308512
374291	55049	1.50122392079553
10211	65018	1.5002671522647
1212	2876	1.50002561431284
5350	8031	1.49965798905239
7419	845	1.49927790905628
113829	57414	1.49894088235117
51122	9295	1.49842388488423
5127	513	1.49827058423605
2873	517	1.49792431753317
55631	64343	1.49600452754374
55892	7019	1.49361365614324
10434	55783	1.49326706022816
10434	55892	1.49317484144323
10175	55074	1.49207976229483
51629	79073	1.4920779731135
10121	10873	1.49197868461846
5350	84233	1.49146561375161
400916	6150	1.49128033400669
27252	523	1.49031928727531
10273	6525	1.49028501726169
10554	3421	1.49027102046576
121536	6670	1.49022553217663
1482	22980	1.48959859281438
84954	8694	1.48952711201843
84310	8664	1.48871078608693
22936	255919	1.48817215520186
197131	5495	1.48795478980949
6158	6204	1.487802325215
10436	708	1.48686054470824
3421	7376	1.4865517884028
22827	60314	1.48632942726407
513	5704	1.48567440112251
10273	81926	1.4855876819563
10558	3148	1.48421583545054
6191	93621	1.48379949790423
5127	79073	1.48325624631953
5127	54512	1.48289129309851
114932	3326	1.48243543785394
4282	9670	1.48202005028062
10078	7165	1.48150451565199
81627	84640	1.4812205247468
79577	80006	1.48118169980063
3094	81892	1.48062964205041
54490	7363	1.4804425089163
1854	29083	1.47989053811588
51073	79885	1.47953154264033
513	573	1.47951255714763
3421	7917	1.47892585184038
10121	64091	1.47865221892273
3297	7089	1.47844931226275
3029	9616	1.47722444900128
309	51253	1.47631981840388
27335	4710	1.47609509371043
54205	6171	1.47600319377095
63924	7069	1.47502624190182
5194	54602	1.47493033321481
146542	84304	1.4744104586044
121536	282809	1.47381477679839
1175	58485	1.47361753394823
51142	84304	1.47294028426406
79577	79624	1.47279392247252
10445	79002	1.47247816584703
4697	6156	1.47247435651883
23376	51633	1.47226529582199
1917	84266	1.47182756320908
3148	4801	1.47078407078287
23625	7165	1.47031614528904
4179	51633	1.47013977241263
10430	54539	1.46964456173746
282809	64844	1.46779095302274
11335	8417	1.46746203866428
54205	7314	1.46688185704595
1019	10445	1.46669273939435
10398	1397	1.46527405174109
5699	6604	1.46498669492053
1397	84065	1.46469372236224
55147	9862	1.46354726866906
1121	2551	1.4634399780581
1482	5164	1.46325055505814
10445	26099	1.46310547783735
53635	6723	1.46286352182248
10961	51654	1.46285661451494
1350	5350	1.46221879892418
51239	8664	1.46167661448183
2873	826	1.46109878779981
3163	9296	1.46050049872251
2987	6881	1.46040466908586
10430	64943	1.4603096091852
3029	51035	1.46025025968025
11140	5245	1.45949606496157
10456	124446	1.45895948124305
6155	6170	1.45880516818667
59307	6881	1.45839020424651
10959	5194	1.45785624436106
54205	6187	1.45717290720683
22907	79885	1.45605645292161
10445	60314	1.45587881909657
10400	9145	1.45522146775118
29088	64976	1.45506209750898
10554	1760	1.45405130377853
51181	84331	1.45348922809033
63941	84331	1.45126420621427
1329	6923	1.45115154785904
54539	9145	1.4510589080289
6161	6170	1.45017294730365
64091	9380	1.45006921839531
23640	6525	1.44955997197147
283871	374291	1.4494606848053
5495	9908	1.44931973604714
1070	54819	1.4485817241102
3396	541578	1.44828737637008
4282	9145	1.44689429150725
373156	83862	1.44565571802118
54512	593	1.44548283058254
27018	6168	1.44485011682371
6176	6234	1.44469561875036
10445	1155	1.44269826253609
1397	309	1.44221304681897
10598	3550	1.44164925048306
79002	84232	1.44067322557217
25915	374291	1.44020266514789
2621	51035	1.44012375759303
22907	84304	1.43930973444133
6175	6415	1.43745774960899
64960	738	1.43731620965473
10113	10554	1.43703203098856
1917	8815	1.43488967476477
10923	83941	1.43481271507359
8417	9559	1.43414027263062
84232	8664	1.43408396217357
10273	84988	1.43382230691937
6156	8031	1.43338928576626
59307	84331	1.43336095315042
10484	51633	1.43333851579648
55916	829	1.43301299177498
8036	9908	1.43248801799529
51142	84988	1.43156123731004
51073	6881	1.4310014774882
1350	7316	1.42962335010505
10554	51629	1.42836677297306
51534	55074	1.42803532544827
51122	64844	1.42756620303113
11140	25855	1.42698820092045
1329	4716	1.42512168513666
118487	29088	1.42335501874694
10430	7423	1.42318182161066
124446	6723	1.42295743619889
54973	8664	1.42283400454517
22827	9670	1.42060869980353
54512	55851	1.42043561970693
1397	517	1.42018437187455
51569	55327	1.41948478247237
10175	285237	1.41852993058009
8260	83862	1.41777821051767
5693	9552	1.41722684517185
1482	89891	1.41640571469301
10113	10430	1.4163670455626
51102	80279	1.41536758763805
5194	6009	1.41266794079162
10175	79577	1.41238250096398
1652	51142	1.41204688263734
6525	79171	1.41125265275839
10131	738	1.41104000565782
1278	6678	1.41054622664127
10376	3421	1.4097227919827
10456	2621	1.4091026488112
84460	9364	1.40891589801361
513	54539	1.40861671034501
1155	9049	1.40850359898163
4707	6167	1.40843449306405
51253	54681	1.40834841979312
10484	26994	1.40808655674426
6141	6159	1.40794873486997
283871	84266	1.40780831002041
6160	6169	1.40759947189691
5713	8073	1.40734558685451
1155	51239	1.40719578987108
4707	4715	1.40648915820262
283871	84331	1.40543947276214
54973	64745	1.40539727906174
6152	6169	1.40350330934936
4694	6415	1.40318631433562
118487	400916	1.4027074004966
10190	9125	1.4012321512793
51073	64743	1.40093538685398
3608	5693	1.399913543009
28955	51073	1.39928302566681
10245	10430	1.39922659432633
55791	8487	1.3986712064781
10211	10445	1.39866623890904
10434	64343	1.39764607312921
1674	1917	1.39739577413933
10273	51073	1.39732028619795
8666	91582	1.39727838636847
11284	92856	1.39707460444146
10054	29079	1.39654806321839
4723	7203	1.39636875164497
23478	440574	1.39630351484716
1160	2597	1.3958773404106
10211	10362	1.39507256851695
3421	84993	1.39451752766303
6160	9045	1.39424639739369
5127	91445	1.39415830573516
26576	400916	1.39411240108022
5699	84988	1.39363931727884
1175	63905	1.39339549526215
5605	7089	1.39336572182504
51181	84988	1.39320722394238
51510	8813	1.39306215004917
1725	2821	1.39180408343113
2876	84304	1.39143014252552
2593	84304	1.39122621694942
83862	89891	1.39069270305662
151987	51122	1.39010740298372
509	6133	1.38856535246467
327	51253	1.38814711332633
29796	55856	1.38811908621782
10362	1397	1.38717807327784
5350	6228	1.38692631832677
1859	9043	1.38596496522792
1785	91252	1.38497378993012
738	997	1.384945558949
79171	83862	1.38432347205686
29079	80145	1.38422408298192
3029	7203	1.38419200437091
10295	60343	1.38403158316683
4723	51368	1.38369445324963
1160	3945	1.38245915651267
54539	84681	1.38205480431664
10078	65993	1.38190941765829
8241	8662	1.38189401334179
4179	57511	1.38152739978604
116541	54539	1.37947389176855
10575	22826	1.37916583658953
4633	55967	1.37774723353707
1397	1917	1.37744087444528
5529	9043	1.37697782857491
27018	4633	1.37685402414371
10211	54512	1.37629184764126
645	84681	1.37435949384063
373156	9552	1.37366389403573
23640	9670	1.37280414065457
6204	84681	1.37252302029068
4736	5250	1.37231101073112
51239	84232	1.37208749805606
3297	84304	1.37073454815895
10078	8861	1.36948154264638
4707	7178	1.36902871931054
11337	125988	1.36863862427506
51181	81926	1.36824190965399
10362	84065	1.36794186087983
1917	309	1.36776271265161
27335	283871	1.36767713570939
1725	3611	1.36750376769668
92609	9670	1.36743104571966
54461	79176	1.3670124275839
400916	8379	1.36667322889511
10430	92609	1.36586763993189
309	60314	1.36436158117996
124446	373156	1.36388937418462
6169	9045	1.36060330853468
150684	373156	1.35879428310284
282809	51510	1.35845413942102
27020	8036	1.35760941246762
51439	7398	1.35731893290761
5194	9908	1.35717890720095
3094	51371	1.3568187818031
30008	84304	1.35675121935564
280636	3094	1.356612145914
29088	6143	1.35650042173605
60343	9145	1.35643658371916
10456	54539	1.35638483303774
60314	84310	1.35628050626021
10120	54555	1.35559910038327
10273	63941	1.35518003621434
10078	26576	1.35466647309945
25793	3487	1.35404961352817
3029	3396	1.35278951647553
10362	6237	1.35204719499474
466	64844	1.35120518883211
10362	402	1.35119540314705
26973	6814	1.35039890636374
283377	5127	1.35025926121009
515	7419	1.35002299033562
10113	5496	1.34966820568499
3326	84364	1.34883490487686
29088	7580	1.34864966893338
60496	64089	1.34824752199501
517	8192	1.34813990146623
60343	83547	1.34803436503572
7384	80017	1.34783675881116
400258	51253	1.34760409075501
1917	51181	1.34724087071686
1725	402	1.34695785381841
10456	83862	1.34654281233083
29086	5245	1.34555929504861
51329	79176	1.34488596050406
10237	10362	1.34445745930375
6881	8260	1.34433009356274
11007	25915	1.34409543122112
309	5127	1.34376258423725
6191	7316	1.3426647787484
53635	8192	1.34253471614776
400916	8694	1.34140116210313
1397	1674	1.33839934944453
84833	93621	1.33801693294448
1482	79171	1.33714242548405
8402	84814	1.3368471465524
402	84065	1.33669658924712
51160	9049	1.33649867091139
113829	55147	1.33505423623029
125988	50813	1.33439103620367
5245	9275	1.33336431875146
10398	4924	1.33325949030205
25898	6814	1.33225823544676
3163	373156	1.33204877419967
6604	84331	1.33197770590164
27018	6187	1.33193891792556
10362	3421	1.33182875776835
3784	6237	1.33178365847411
51253	7165	1.33156179337545
5439	54539	1.33066375323656
64978	79002	1.32950412574298
10245	3611	1.329467984465
1345	539	1.32904819905314
54205	6500	1.3286742947144
25915	6604	1.32805170025844
51035	51253	1.32782096950857
1725	8079	1.32755656735153
121536	64844	1.32739239064621
4711	8031	1.32734637452345
119392	9443	1.32697207535431
1212	51253	1.32640671677876
2873	64745	1.32614531969756
22827	7165	1.32565276709134
10121	6723	1.32520558347433
23376	79624	1.32497301037582
11034	115416	1.3245607127841
506	7316	1.3238643895705
51073	65990	1.32321871731176
64743	79176	1.32216948779767
1725	5245	1.32205598026842
10489	5127	1.3216884856449
10456	400916	1.32165596249047
54205	93621	1.32148652154148
26576	8694	1.32136887946705
3029	51282	1.32088973846854
50	51253	1.32058512501049
1340	51642	1.32042907577322
6723	7917	1.31995213509369
1674	3029	1.31970639947964
51073	54461	1.31964271483511
527	60343	1.31948103836662
5127	60343	1.3193279869713
51116	6525	1.31815906811515
10120	1155	1.31800469410578
1212	25804	1.3179357789015
10362	11284	1.31783802026794
374291	8379	1.31761717236837
126003	25915	1.31629331841192
10096	6605	1.31594333398588
22913	5127	1.31575557384027
10923	29083	1.31495913378098
1386	7257	1.31483810564606
25804	573	1.31433717572386
10263	6237	1.31402164224607
10430	55147	1.3127963094165
22980	65990	1.3127849628492
201965	8487	1.31233507938298
84232	9380	1.3119667085318
2067	6143	1.31178584461262
5334	84640	1.31152554022129
10456	84266	1.31091974390532
51181	51295	1.31020375085417
114049	4705	1.30936018647393
5925	9444	1.3090647923239
5127	5315	1.30887151564327
11047	23646	1.30885774365685
2597	7417	1.30870645555192
29966	54664	1.30838153696732
3611	6746	1.30747289473123
10016	1482	1.30744393524175
126003	374291	1.30734712402174
4723	9632	1.30640382446489
541578	83862	1.30628492847628
6237	84988	1.30613197224319
8721	91582	1.30549175784178
10434	80006	1.3050624188831
51647	84681	1.3049974853297
10237	84065	1.3048637023497
115416	1347	1.3046730495939
201965	55791	1.30409143371854
51368	7165	1.30373353344598
10237	1725	1.30344825518671
84681	8988	1.30340552049244
10979	6990	1.30303780334199
3163	6183	1.30264701368874
2873	83862	1.30127806403189
126003	84304	1.30118501948765
10430	9158	1.30117395007447
1859	288	1.30075967987763
6500	8031	1.30036659476312
10908	2030	1.30032677765536
27335	374291	1.29976212088194
6166	6923	1.29932274780812
80145	80318	1.29927518667493
10211	2621	1.29895882042754
5127	60314	1.29859143600232
6171	8802	1.29671876435499
11140	112936	1.29657157431979
10211	89891	1.29651193705718
2593	84331	1.29599527133927
1482	5605	1.29477194075566
10430	10809	1.29447322785315
816	8733	1.29420076252895
10430	91252	1.29407617763835
10456	55101	1.29395303483229
10362	1312	1.2934585517471
51368	708	1.29271048572988
2876	51181	1.29205350530773
51690	6159	1.2912528644798
5442	6640	1.29081749498856
6390	84134	1.29061857591531
10430	400916	1.2905147526777
8402	9552	1.29046820193458
6161	6191	1.28875372291146
10273	4282	1.28874501780815
28958	83443	1.28850587031033
1327	6167	1.28817220687706
10488	5499	1.28802389085249
2597	7386	1.28736904575001
54973	79171	1.28699106082249
10430	2783	1.28667051051143
10994	79894	1.28596183509171
10362	373156	1.28594950554103
10581	6282	1.28546433919133
6138	6152	1.28518312929945
23658	29083	1.28496466284558
389541	9552	1.28450093208876
51371	521	1.28418694650327
7257	85461	1.28403056055858
1725	3163	1.28383229821086
3611	79171	1.2834669121891
124446	7423	1.28223936656988
6143	84304	1.28205609650778
23640	55101	1.28184314453083
10430	51629	1.28155199621601
23640	5434	1.28075834260862
376497	9146	1.28067406347629
10120	22827	1.28049341536837
10273	84232	1.28035944658465
1327	8031	1.27979361188139
118487	26589	1.27892308382531
25855	92609	1.27885750738783
1019	2873	1.27882599807232
22827	53635	1.27877817438011
4715	567	1.27871329408549
10362	5127	1.27862358464441
1155	402	1.27843619176383
1917	54958	1.27815515098334
5315	9862	1.27649059996126
10398	7317	1.27564390851079
57658	6821	1.27473643285229
126003	1652	1.27361311718658
533	8260	1.27361201373923
10016	84304	1.27308971410207
3421	63891	1.27254079501522
54555	64943	1.27245929155408
10105	9275	1.27234218374941
1917	3421	1.27180842093253
63891	9862	1.2714406808383
121536	51633	1.27107610666647
2519	6396	1.27020524770256
51433	64960	1.26997711049928
10558	7398	1.26944675497998
10211	3106	1.26917820465261
10121	1478	1.26899189706148
7018	7069	1.26756429875444
25828	51181	1.26700730307385
5018	513	1.2658609922333
10211	64745	1.26579698902876
5250	7419	1.26507544380719
373156	83443	1.26497086068478
150684	29796	1.26475203437747
25950	8813	1.26466657428439
197257	51073	1.26388228733618
1327	4715	1.26378072891867
1347	6171	1.26301391962817
6525	972	1.26236499341912
10400	10430	1.26173916998633
54958	84266	1.26166262402437
282809	51534	1.2608045816227
51024	51079	1.25996209130742
400916	51181	1.25923407808623
3784	63941	1.25881938758957
2109	645	1.25823052538008
131601	5127	1.25763659086879
282809	8548	1.25737581958537
10245	5164	1.25568064204322
4707	509	1.25550734054144
60343	7167	1.25471290980689
5925	64844	1.25445139695051
23593	283871	1.25408634577699
10078	533	1.25247295992201
60314	84331	1.25206606466609
51295	55101	1.25182394536844
2621	60314	1.25174595381444
2876	400916	1.25143750347605
515	7178	1.25143094909149
10237	1211	1.25126052565985
22980	84304	1.25095683201645
54681	738	1.25092089928422
1725	29086	1.25041104271346
6156	6167	1.250103976302
4190	506	1.25007122907491
51181	89891	1.24928109610305
27018	84833	1.24927278775407
3421	373156	1.24924295817186
1725	50813	1.24693716844471
10016	513	1.24675533693532
3178	6133	1.24667437158334
23640	64223	1.24632843357086
51070	5699	1.2452055161453
10078	84310	1.24413519912851
10231	81627	1.24366372355038
1859	51719	1.24161942262403
11335	83607	1.24152485083672
2067	59307	1.2396968541512
3297	400916	1.2395264946219
27335	54539	1.23838183503103
7178	8031	1.23832462167933
1509	5315	1.23674734017953
374291	84304	1.2362572361513
10910	9218	1.23607291952247
22907	7089	1.23601570557265
498	6138	1.23587137323704
5434	6525	1.23535908769062
51070	91582	1.23508723083206
2621	6881	1.23352487616289
11335	91408	1.23295583242828
51647	6204	1.23283985528196
2621	2876	1.23275749208551
2873	4282	1.23259340778656
2067	64960	1.23224255923337
113655	23464	1.23196304455179
5709	9040	1.23195078045888
6161	7314	1.23125698984109
10237	10445	1.2312507761054
51368	84279	1.23086727518594
10273	84266	1.23011262761363
22907	283871	1.2290913581468
112752	65990	1.22888101719284
10873	513	1.22887112927612
25920	5442	1.22837923131861
10273	84310	1.22824306469023
27018	515	1.22737296783654
51534	55892	1.2269668911275
6814	80006	1.22587661979619
2626	4924	1.22516514401346
51614	826	1.22513272510816
84928	9562	1.22439380538965
3163	64745	1.22393946699543
23593	6881	1.22381332328398
2876	59307	1.22360459202311
50813	6821	1.2231820883894
3148	6814	1.22315139770979
10430	1760	1.22273724038254
1674	5434	1.22242556315448
10362	79095	1.22235711570488
59307	8379	1.22157120564168
25804	9552	1.22149358516839
6138	6160	1.22031788799617
53339	5713	1.22011704847476
6183	9552	1.21957589050649
113246	51690	1.21952871456451
29079	85461	1.21861213309006
121536	255919	1.21853125567254
5127	91252	1.21850807619748
27018	70	1.21787003541637
9040	9266	1.21768086191507
23676	6187	1.21766221259594
22913	54973	1.21609542730148
22827	22980	1.21549100373687
10113	1155	1.21528405912521
26046	9043	1.21374226404371
3148	54602	1.21368825610139
1725	65993	1.21326196777518
10120	124446	1.21320575429593
255919	25936	1.21253831646011
8933	972	1.21245870940514
11331	2874	1.21189144131803
10113	10376	1.21182150766233
25915	83443	1.21144447876903
1212	9616	1.21138308223604
204	3163	1.2112280152488
10211	51253	1.21042565701951
6009	6814	1.21040872714497
1211	517	1.20963240189084
3421	79002	1.20923330411975
1397	2950	1.20919567323751
10245	5434	1.20766553300395
466	5194	1.20716299744727
64743	8666	1.20655058442298
10572	6143	1.20587933364584
23640	53635	1.2038166503986
11335	55508	1.20374250436925
113829	64745	1.20353161766032
129285	6938	1.20343121220874
309	3421	1.20323542267659
25828	55505	1.20299251094875
10450	64745	1.20251934940051
5495	7844	1.20150215160043
63924	7018	1.20124233626307
55892	79577	1.20119523374302
6201	6208	1.20106057456553
10445	4758	1.20030063425654
1725	4282	1.20014174705619
25920	738	1.19982531277406
3106	3611	1.19979822879051
10445	64745	1.19960998586927
51122	54602	1.1993319050102
3608	7203	1.19880812011447
5434	8260	1.19875554536227
70	8031	1.19869374542581
10558	27252	1.1983395363624
5245	573	1.19803099543562
6138	6235	1.19763043329451
1212	513	1.19745892403221
26973	51163	1.19685645837602
51187	9039	1.19684523959315
738	8662	1.1965833141201
1859	27072	1.19635663850238
6135	6158	1.19587971086174
23640	54973	1.19494726511479
513	6390	1.19443493095826
6171	6206	1.19410887488106
54681	975	1.19334624213754
3148	8813	1.19332526350348
2876	4282	1.19293882582731
3187	5500	1.19118009102258
22827	400916	1.19083120607429
1977	7257	1.19076812303484
9043	9748	1.19024433889403
23250	9444	1.19012619169798
11047	5348	1.18980439237847
59307	6143	1.18975863129493
28955	5859	1.18906311613465
25804	83862	1.18901452586394
3297	738	1.18812257189642
6129	6169	1.18790320081206
10273	51116	1.18770967612017
27254	60343	1.18743402261978
221035	6670	1.18728165649181
11224	4713	1.18698097268929
2319	2946	1.18643117218505
119392	8813	1.18607042829659
5250	6191	1.18606151264491
128308	400916	1.18596964517888
6237	84304	1.18590933922015
10376	2873	1.18586560080211
1397	6723	1.18558836417707
23676	7178	1.18522451993047
4282	64943	1.18521851912348
1397	64978	1.18489539726264
400916	6881	1.18404787797927
25793	402	1.18353857777412
2950	54958	1.18337607331856
84331	84988	1.18325775500918
2876	708	1.18322626354513
51372	6170	1.18284867659003
6169	6500	1.18274463498276
283871	6604	1.1811280151494
10211	22827	1.17920176056774
80194	84331	1.1790893511972
54602	7257	1.17893576288637
10434	26994	1.17792704577034
374291	79176	1.17763744828468
3029	51253	1.17642405796156
27089	4700	1.17601902475928
54512	60343	1.17507794812287
6143	8721	1.17436434970132
4715	6222	1.17393079064709
1349	6146	1.17291503987006
51633	54602	1.17249772974427
10211	64091	1.17215753315052
6168	6235	1.1721523569421
10456	51295	1.17130737680467
126003	91582	1.17096062912553
10245	1482	1.17061983917773
374291	5699	1.16978991275025
6881	8666	1.16901042712617
29083	80318	1.16827790732265
54512	60314	1.16724739786248
1859	54906	1.16688796589922
1155	26017	1.16666126364666
2873	2874	1.16625707033742
10939	9377	1.16565929322951
1155	84232	1.16549885876955
51535	84460	1.16352610128266
6142	6159	1.16339290588889
168451	51187	1.16274498514311
54512	8402	1.16254793842443
2873	5434	1.16203875978645
51116	541578	1.16188720485485
23474	5438	1.16148669311292
126003	5202	1.16128290526011
23658	6210	1.16090061514181
466	54602	1.15991117341049
2873	50813	1.15967730443645
25828	54555	1.15952278232797
51012	8562	1.15928100166476
130507	90624	1.15874879018451
27018	4190	1.15857112300623
121536	27252	1.15826758640896
6152	6201	1.15764502972014
51747	83607	1.15731844961989
81926	8664	1.1569386298331
125988	517	1.15684842256354
29079	55783	1.1567908033556
10211	11070	1.1567659063666
23658	258010	1.15637779904302
27020	5194	1.15619325120475
6723	972	1.15607956850193
124446	2876	1.15519498393455
60314	8733	1.15517544913236
121536	830	1.15443999566008
28955	738	1.15395854946369
10381	10430	1.15312301380442
10450	26099	1.15271594220714
3178	54205	1.15216253742326
10447	166929	1.15176609136851
91252	9146	1.15164215995341
10809	7165	1.15144623014294
51292	6050	1.15095699721325
5499	5719	1.1504976181784
3611	6015	1.15044120702724
8550	8664	1.14891931071162
26017	9049	1.14849609294381
10436	22913	1.14760625918457
10400	2950	1.14718293624635
201627	9972	1.14699169028172
54948	91966	1.14687418102064
2950	972	1.14673792459373
10211	84310	1.14667422221635
84304	8996	1.14614213989387
54681	8694	1.14595762345788
3384	8192	1.14593394229341
10121	51629	1.14577471719869
51295	80308	1.1453292276413
10456	84232	1.14508350381723
22907	84033	1.14412712632424
10960	54681	1.14375373098544
22913	83862	1.14351663712095
51338	64231	1.14328253460045
1652	283871	1.14318461917072
29796	84681	1.14296597652327
84331	89891	1.14256399290736
25979	5096	1.14185851804846
23593	25915	1.14089715433381
3384	3421	1.14011726969734
2821	37	1.13990258810893
5194	54819	1.13865139671334
5350	6152	1.13751562536844
51070	84304	1.13715869418181
25793	5476	1.13706618364665
10211	513	1.13683879144466
5434	79002	1.13618019764768
23593	51501	1.13589919004401
51633	79624	1.13586976502567
5350	54205	1.13551430648959
126003	7311	1.13530742361311
125988	4354	1.13498106590796
26994	55631	1.13455339688488
10078	3784	1.13387097879343
10489	8733	1.13368722590118
23640	64943	1.13246779661647
1452	7325	1.1324644372278
498	6500	1.13222099382548
2621	2771	1.13209282786386
1121	51719	1.13116209766988
3476	9049	1.13059023121413
1482	6640	1.13007350615392
1212	2987	1.12960990271473
10273	3421	1.12890772808945
10975	115416	1.12872059960838
1877	54461	1.12718960379798
6129	6160	1.12714461006091
22827	5127	1.12689900957119
113829	25793	1.12645592531529
2060	51534	1.12628758079503
64431	830	1.12532808991338
10120	5434	1.12497002288326
84033	8662	1.12429595577769
1027	2060	1.12353854469834
22913	80279	1.12320468427995
51668	80145	1.12252445953251
197131	9748	1.12186193789739
6222	7178	1.12128321662328
10016	25915	1.12107443903254
513	84232	1.11878612815541
1482	84266	1.11867963231529
54700	85461	1.11832827083995
25920	997	1.1180212871741
10430	1212	1.11764249370035
27089	6167	1.11749871826706
1482	283871	1.11676146823027
10362	1211	1.11670446663214
1027	143684	1.11614936454457
3265	84232	1.11606969909288
10237	402	1.1159273197781
113829	9670	1.1143835224049
283871	51181	1.11384292526434
51142	55856	1.11376560978858
57060	84752	1.1135899756704
522	6167	1.11270819001074
10445	9275	1.11150161336024
5250	8031	1.11086548350108
11335	8813	1.11044518161043
1452	51719	1.11029046759719
400916	7167	1.10997472520363
51433	738	1.10986169150598
203068	5476	1.10985929725588
1482	79002	1.10962270799701
4723	50	1.10952406001701
541578	708	1.10921034576366
2621	513	1.10815936348805
533	79176	1.10776663433059
10915	83607	1.1074925878435
10055	5571	1.10693021756474
126003	6881	1.10638618721059
10376	203068	1.10320839952421
64844	7257	1.10319196932484
50813	5518	1.10292398987051
5194	85461	1.10204623624682
10434	91137	1.10193771676436
10516	947	1.10187679860382
1340	6209	1.10173305937807
10273	25828	1.10157509315035
51295	55572	1.10099864551258
10113	2873	1.10090817109026
10121	23640	1.10072042751756
5476	9862	1.09981551106711
509	6138	1.09973054222121
5176	5549	1.09935712643912
518	522	1.09855110208014
28955	64949	1.09853554882277
10211	84331	1.09818964897629
10484	80006	1.09744989383626
2551	51510	1.09744006403817
5683	6637	1.09642805232048
10120	10362	1.09446081531327
10436	7165	1.09407731694069
116138	2030	1.09389823128827
5699	84331	1.09333652082236
6282	79095	1.09226307780037
124446	513	1.09092296664238
10581	84572	1.0900171979567
114932	387	1.08945399216278
288	81627	1.08942948522022
10121	4354	1.08880726447241
6844	79073	1.08847497571994
5315	79073	1.08829709577059
10473	282809	1.08815846865604
119392	29079	1.08766575945124
51253	60314	1.0873726239609
22827	8402	1.08735552080014
1027	55074	1.08687825594195
100128731	51647	1.08669310275316
5164	79002	1.0864686794634
79171	81926	1.08569440920889
51719	9765	1.08543428541077
2783	53635	1.08520439900701
51569	57721	1.08343975270285
3297	6143	1.08233507186148
55957	60314	1.0823021245939
2950	84266	1.08223991378334
10237	10873	1.08197465021315
11284	51035	1.08184013652806
6133	6500	1.08135197384374
1622	374291	1.08102597050022
140576	402	1.0802316639207
10975	6152	1.07952556509599
4707	515	1.07934677846276
11007	2876	1.07858091447363
1212	23640	1.07850897353243
27102	55735	1.07833205824911
26472	29088	1.07787253987381
1027	54602	1.07765510770948
51651	6303	1.07762646720221
9130	997	1.07693202883823
3134	80279	1.07665543462055
517	60314	1.0760154629415
1977	54602	1.07588062002056
309	91445	1.07579776892792
4282	6881	1.07406493146333
118487	374291	1.07325663089898
203068	23558	1.07325150361409
1859	51747	1.07315386399142
83862	84331	1.07312738025011
60343	9670	1.07312422320218
23640	51253	1.07247891242756
522	5350	1.07232373128732
1725	55272	1.07223445038147
53635	8971	1.07195798195649
10078	541578	1.07191778404589
309	83862	1.07178209641825
10960	4723	1.0711498017865
118487	283871	1.07102513721189
10016	6881	1.07057637069864
55101	63941	1.0697437198572
283871	619208	1.0683174861022
26073	84065	1.06755306491461
10436	51329	1.06650052041725
1281	2335	1.06598990183501
255919	6814	1.06525427394886
27018	5250	1.06454771446939
30	64743	1.06402460923637
54681	79894	1.0627015639068
54973	83862	1.06137588856131
23593	7311	1.06035336992186
51142	54998	1.05995760362901
10398	3421	1.05950183750914
10362	10581	1.05895835294053
23647	54850	1.05870826548418
1917	89891	1.05868468448361
100128731	154791	1.05854626499362
327	533	1.05851037919742
51510	51534	1.05848245029416
4190	6156	1.05827205003678
10480	6921	1.05726246839698
4666	51451	1.05660292420652
8665	8666	1.05658506840052
54948	6183	1.05646676516367
7419	8031	1.05589050643935
23411	55327	1.05541883353863
10975	6156	1.05497116612011
1725	2874	1.05463528610322
10362	10873	1.05435860080274
10923	51535	1.053856959099
11284	2621	1.05343273533636
1397	826	1.05340373547411
29079	8548	1.052879268314
51329	80194	1.05268105300965
1350	4715	1.05222827593364
10456	2950	1.05181355810033
1760	6844	1.05094247307535
10430	517	1.050769229509
51535	8813	1.05057380294374
63941	84304	1.0503325607634
10190	80145	1.05024468243774
10245	23640	1.04979419920519
51239	65993	1.04957053654086
3265	5434	1.04941624046378
5250	6170	1.04935872132443
6723	8733	1.04911696736849
55213	9972	1.04909036378008
6129	6201	1.04839648641365
27129	79763	1.04810820540634
10120	9049	1.04691049207746
1350	23676	1.04662046684922
10362	2783	1.0463767430296
51079	9049	1.04612493754636
11171	56674	1.04596923571434
2950	6723	1.04504639891913
6604	6881	1.04475476691343
79171	826	1.04475204026337
374291	84033	1.0446835372035
64976	88745	1.04395823356698
51295	51368	1.04381270347849
327	57215	1.04345996395277
79572	9908	1.04329981638358
10554	23640	1.04323622775228
4201	9145	1.04271605342388
10121	26073	1.04203600020133
10245	10524	1.04192169633204
10245	8079	1.04164218309972
23593	5699	1.04110388748666
11335	119392	1.04097849177529
54555	60314	1.04083079069455
10445	50813	1.04043261373459
55819	6035	1.04034697415151
26046	5495	1.0400442553351
2067	84304	1.03947972675454
114908	57511	1.03858059090223
128869	8402	1.03843429776617
22827	51368	1.03759984372052
10554	79171	1.0372953371315
3029	541578	1.03713868943981
10075	93621	1.03581327016444
10436	8533	1.03526660118578
54602	9295	1.03457668315124
373156	51282	1.0344097565306
402	51292	1.03379898360781
11335	830	1.03369341854787
830	9643	1.03275037107627
10456	4282	1.03215681462618
10398	5434	1.03210027702698
1397	8815	1.03171945009622
7257	80006	1.03165909409763
5704	6881	1.031432841581
1345	4708	1.03083375837684
1397	55147	1.03043170518042
3106	826	1.02951081928226
4201	55505	1.02915432619913
10113	51253	1.02911008128103
1854	8813	1.02910880068235
5245	83862	1.02893059307811
10121	3163	1.02854984370542
1859	7750	1.02820260453107
10456	10641	1.02818960521421
51386	6234	1.02772465251744
51122	79624	1.02705488792133
22913	25855	1.02576366783055
10273	51035	1.02555317174179
25804	708	1.02485413806718
29796	6135	1.02479447428334
23603	5480	1.02466538289362
65990	738	1.02440087210169
373156	6183	1.02423401839423
10121	9275	1.02350463884903
55695	7709	1.02321916500905
27020	830	1.02316259770106
51030	8548	1.02255059714096
64343	8548	1.02222638199734
51122	51534	1.02184318210146
166929	2551	1.02098387273048
10809	1482	1.02063242744518
10975	6170	1.02055130624107
1350	6167	1.02009535694127
6206	6415	1.01980057630092
10078	8694	1.01969196862263
10456	5127	1.01948893994196
10273	738	1.01937814468159
2551	54602	1.01854720095011
121536	1977	1.0184951409105
23640	6723	1.01834979388933
51329	9552	1.01826443544213
11034	51372	1.01777179868725
4710	6204	1.01738961674569
23640	51116	1.01710849686476
1121	55327	1.01673987618791
30	327	1.01663988526931
3476	51024	1.01625184322255
117143	55335	1.01608103802845
2873	84065	1.01606767392341
26548	3029	1.01585377058214
6167	9377	1.01578857386033
10113	7423	1.01572840825638
3265	79002	1.01572233709778
1155	60314	1.01555869854072
2551	8036	1.0148676012487
1160	7168	1.01475826981043
26472	26589	1.01401877600794
11284	83862	1.01397038751189
513	708	1.01284969671913
10581	641700	1.01276695976424
1632	327	1.01253398078473
124446	23625	1.01166834371421
10273	283871	1.01149013914711
23625	91304	1.01081320639302
27252	9043	1.01066544930683
10430	11070	1.01019023413634
513	65993	1.00992190563593
54602	8548	1.00984559201804
27335	6881	1.00969678483272
3297	57410	1.00930634182856
10430	51253	1.00923705329226
60343	79073	1.0090879432408
1460	517	1.00898911584293
373156	573	1.00813122352925
10014	2950	1.00786976742735
10873	373156	1.00781571168845
1797	23625	1.00777006805133
10121	84232	1.00768982479748
50813	826	1.00744719862104
10994	25920	1.00699031012847
6161	84833	1.00647667867034
10121	517	1.00513629641646
29079	55319	1.00507169077071
513	9049	1.00492015174192
51604	7249	1.00473302370467
466	79624	1.00467493617385
2950	7917	1.00359685424269
1877	22980	1.00275738905093
65990	84304	1.00267571897916
5605	6525	1.0015560036304
25915	28956	1.00135073833805
5127	64223	1.00104124081521
51535	9364	1.0005724549164
