1915	6208	4.05988859870258
6187	6210	4.05850074892625
6187	6232	4.05796179009122
6164	6187	4.0575788726167
6164	6232	4.05734028957632
6147	6187	4.05692295426615
6164	6171	4.05636200606517
6205	6208	4.05600012597327
6156	6161	4.0552099482602
6156	6204	4.05472449018375
6164	6210	4.05467273012146
6147	6232	4.05455385690743
6168	6187	4.05454079839011
6161	6187	4.0545400553604
6164	6168	4.05444027828066
6147	6164	4.05439754423631
6210	6232	4.05411028305162
1915	567	4.05408427333844
6133	6187	4.05406989651641
6171	6210	4.05380976038289
6161	6228	4.05343651386187
567	6187	4.05328347927933
567	6232	4.05309794175237
6133	6161	4.05306793060017
567	6208	4.05290253244213
6168	6210	4.05287459567203
6187	6228	4.05286376433297
1915	6210	4.0522386058123
567	6210	4.05185403958521
6147	6168	4.0515584823696
6171	6232	4.05089168878139
6147	6210	4.05032803703716
6171	6235	4.05023770840241
6171	6208	4.05007711094
8287	8653	4.05002865732334
567	6164	4.04992884198343
6168	6232	4.04968608983124
6208	6210	4.04932843768711
6168	6222	4.04927782315936
1915	6187	4.04891170114116
567	6171	4.04879879622442
6204	6217	4.04860296707888
6161	6204	4.04859683430015
6133	6228	4.04839513484214
6158	6217	4.04838907939099
6147	6161	4.04776629979827
6171	6187	4.04753172801072
6147	6171	4.04752464596819
6205	6235	4.04728656724723
6168	6171	4.04705225007656
6209	6217	4.0463002343407
6187	6208	4.04627090228616
6191	6208	4.04626168390554
6133	6147	4.04622908988356
1915	6171	4.04614208174965
6156	6187	4.04607511329927
6208	6235	4.04602721057002
6228	6232	4.04560677057967
11224	6204	4.04552974284035
1915	6205	4.04535893596208
6156	6228	4.04529974968835
567	6147	4.04491000387361
6209	6227	4.04459335954924
6160	6217	4.04436580603028
6171	6205	4.04377211668425
6187	6222	4.04359875397489
6204	6228	4.04349705580006
6187	6204	4.04335560029645
6133	6217	4.04309126701408
6210	6235	4.04280243802902
567	6228	4.04274216047965
6141	6227	4.04271343562225
567	6133	4.04261067387502
6164	6208	4.04246390151691
6161	6232	4.04223070619507
6209	6223	4.04176201372284
6232	6235	4.04089485041632
6161	6164	4.04080377831615
6147	6228	4.04068461419941
4736	6217	4.04053209014794
6176	6204	4.03973624806976
6164	6228	4.03966648392811
567	6205	4.03919102899852
1915	6164	4.03888273941565
6168	6235	4.03885771484402
1915	6168	4.03853701026094
6204	6222	4.03852281744261
8284	8653	4.03842710686318
1915	6232	4.03727781626736
6217	6227	4.03719042610544
4736	6158	4.03708516714985
6133	6210	4.03700092691428
6133	6156	4.03679357884566
6205	6210	4.03629863575588
6191	6205	4.03621414430874
6217	6223	4.03605005962832
6143	6204	4.03583831428003
6164	6222	4.03556728296374
567	6191	4.03554136210596
6164	6235	4.03545157570436
6204	6209	4.03523094203294
6171	6222	4.03517396907347
6187	6235	4.0347215913161
6217	6228	4.03436698187289
6143	6156	4.03373007202593
6161	6168	4.0333129329261
1915	6147	4.03329040225702
6210	6228	4.03314529373101
4736	6128	4.03314370946769
6133	6232	4.03273678015623
6208	6232	4.03250121465459
1915	6191	4.0324280065906
6141	6209	4.03212846225616
567	6168	4.031879487846
1915	6235	4.03140052915106
6206	6217	4.03135272265999
6156	6222	4.03107053922021
6156	6164	4.03062561714351
6187	6217	4.03053620550642
6133	6168	4.02968435531348
567	6235	4.02924935440163
6168	6208	4.02807944472093
6133	6164	4.02758452725591
6142	6158	4.02711170934133
11224	6143	4.02697567709552
11224	6209	4.02663188596826
6161	6210	4.02649878511821
6235	7178	4.02643230489756
4736	6223	4.02629977070788
4919	51176	4.02601814407316
6160	6228	4.02595088567822
6156	6232	4.02564280770111
6147	6156	4.02553524130342
567	6161	4.02535897938152
6158	6187	4.02529999709807
11224	6156	4.02494433169702
6194	6201	4.02481486068585
6133	6204	4.02480133217271
6147	6222	4.02474574090392
6122	6209	4.02389215866347
6156	6217	4.02385439445769
6161	6217	4.02360685344126
6143	6217	4.02358257956683
4736	6206	4.02357388957235
6168	6205	4.02281912512487
6191	6235	4.0226447588188
6222	6232	4.02241343250692
6210	6222	4.02156478878225
6168	6228	4.02007366705608
6147	6208	4.01983427507654
6164	6205	4.01979475492727
4736	6194	4.01958336423697
11224	6217	4.01857503612451
6158	6223	4.01841896819713
6133	6160	4.01827612512745
6158	6209	4.01779549243799
6222	6235	4.01733125241168
6161	6222	4.01705984449863
4736	6141	4.01616307142571
6204	6223	4.01577540356751
6168	6204	4.01534263345443
6175	6227	4.0150778188416
6222	6228	4.0142425236819
6168	6194	4.01393438499493
6194	6222	4.01303173416323
4736	6204	4.01276920411022
6141	6217	4.01212366952929
115350	79368	4.01188644701577
6160	6161	4.01076995973744
6234	7311	4.01061773108461
4736	6201	4.01054037167759
6187	6205	4.01027134546353
6158	6160	4.00989855139409
6158	6204	4.00938075683986
6176	6217	4.00932592112608
1915	6133	4.00930874721129
8284	8287	4.00888368008455
11224	6223	4.00867532901628
6161	6176	4.00852418861482
6222	7178	4.00837964312954
6158	6176	4.00774284506422
6156	6168	4.00748162057761
6160	6209	4.00735807008225
6160	6204	4.00641158293271
6164	6204	4.00568781017057
6135	6160	4.00504240766772
6141	7311	4.00490145752408
6217	6234	4.00477121039244
6176	6187	4.00464274056764
6205	6232	4.00408309776245
6205	6222	4.00351245227835
6156	6176	4.00347440803805
6142	6217	4.00342876125987
6192	9086	4.00333884417401
23089	8910	4.00330349644114
7544	8653	4.00320376783637
6194	6204	4.00224229987856
6122	6141	4.00153428207585
6147	6235	4.00135372074286
6217	7311	4.00115303904772
6143	6160	4.00070515702817
11224	6234	4.00032262339391
6142	6223	4.00014940138383
6143	6209	3.9996253171404
6171	6228	3.99951341190022
4736	6122	3.99922961187885
6204	6234	3.99903241779031
6156	6210	3.99849939592929
4736	6227	3.99848716262961
6133	6188	3.99794407293105
6204	6232	3.99785675615663
4736	6191	3.99737196264623
7544	8284	3.99736738306861
6176	6209	3.99725417411668
6160	6227	3.99630563290055
6143	6228	3.99616724758717
6206	6227	3.99538240744462
6128	6158	3.99410092823824
6168	7178	3.99356529994354
6191	6232	3.99344929331729
6205	7178	3.99311217230909
6223	6227	3.99297826153656
6143	6161	3.99266827441146
6187	6191	3.99264058392707
6201	6204	3.99258869682011
6133	6158	3.99256863800745
6161	6194	3.99218658986079
6156	6206	3.99184493975849
567	6217	3.9916916374903
7544	8287	3.99090003333349
4736	6187	3.99085061252482
6206	6234	3.99036141280018
6192	8653	3.98944416760602
6156	6160	3.98889938814076
4736	6209	3.98872029169755
567	6222	3.98849449936106
11224	6206	3.98844864497568
6160	6187	3.98757566720997
6194	6223	3.98719134640744
6147	6204	3.98661361006591
6161	6171	3.98523236485202
6164	7178	3.98521077362774
6194	6235	3.98506869393209
567	6156	3.98443433704091
6171	7178	3.98380159370994
6133	6208	3.98376156511427
6210	6217	3.9830569605449
6147	6205	3.98127575381638
6187	6194	3.98124856914927
6135	6217	3.98121190580876
6133	6222	3.98119607721602
6135	6156	3.97992880989669
6158	6161	3.9795424850465
6128	6217	3.97933271672564
6208	6222	3.97860770879433
151011	65124	3.97858107986872
6152	6193	3.97818928700449
4736	6176	3.97779942882197
4736	6133	3.97695889188613
6228	6235	3.97336881689145
6209	7311	3.97321293263852
6158	6228	3.97315693961413
6204	6206	3.97309199547011
6208	6228	3.97297331785179
6187	6223	3.97281068218577
6156	6158	3.9726503778742
11224	6201	3.97264459224792
6191	6210	3.97247329970592
6135	6228	3.97224133604007
6171	6191	3.97197073590271
151613	51747	3.97189252234403
6133	6171	3.97188885535726
6201	6217	3.97098502236889
1915	6222	3.9705367048246
4736	6161	3.96947082964385
6232	7178	3.96942393057843
6160	6206	3.96891228425168
6176	6228	3.96807200406256
11224	6227	3.96758278870282
6206	6223	3.96687458152104
6222	6223	3.96645904491432
1915	6228	3.96640960673179
6161	6201	3.96620520788002
6194	6217	3.96576048430776
6176	6235	3.96563544483217
6143	6223	3.96539655784958
567	6204	3.96512723294623
6204	6210	3.96462153453953
6122	6175	3.96379936643865
4345	85012	3.96249624332697
6206	6228	3.96225558302915
6158	6191	3.96196285273055
6156	6209	3.96179476052356
151888	4345	3.96177523696201
6175	6209	3.96113577030437
6122	6227	3.96021113155597
6158	6206	3.96018033504004
6187	6206	3.95928980675241
6122	6223	3.95893289226049
6201	6223	3.95838027855484
4736	6168	3.95794119689073
11224	4736	3.95789164690209
11224	6160	3.95784660934211
6133	6206	3.95766092431258
8653	9086	3.95760858325745
567	6229	3.95710741421854
6217	6222	3.9571011435503
6135	6204	3.9560928252313
7404	8284	3.95538569681781
6143	6206	3.95519058345198
6158	6227	3.95486141003004
1915	6161	3.95479958446755
6141	6223	3.95450684852492
567	6158	3.95444382331148
6223	6234	3.95423711652517
6135	6176	3.95278432482412
6223	7311	3.95234215785022
6133	6143	3.95231581701552
6228	6229	3.95221806539409
6161	6208	3.95207787926483
8284	9086	3.95187800651947
6156	6201	3.95114658942048
1915	6169	3.95068728211538
6164	6191	3.95030682494543
6142	6176	3.95023962811356
4736	6160	3.94957547454601
6135	6158	3.94953188056595
6156	6171	3.94948443716978
6206	6209	3.94923001581845
6204	6227	3.94848716901335
6143	6158	3.9481907078036
7404	8653	3.94739014156942
4736	6136	3.94637412556175
6156	6223	3.94632961881759
6204	7316	3.94612128505342
6122	6204	3.94412137907901
6142	6235	3.942676167166
6217	7316	3.94259642688881
6201	6206	3.94211769611148
6169	6205	3.94197326257622
8287	9086	3.94159046617145
6168	6217	3.94006778552755
6161	6235	3.94006616194684
6143	6187	3.93884889677782
4736	6234	3.93876910926953
6208	6217	3.93838485997223
6161	6206	3.93830593578394
6143	6234	3.93801642369375
6158	6210	3.93783437370909
6142	6209	3.93714186715056
4736	7311	3.93673251870352
6156	6194	3.93638119922698
6122	6217	3.93415074802867
6194	6210	3.93374154515431
6156	6234	3.93372059163554
11224	6161	3.93354998190349
6156	6235	3.93335244572412
6191	6217	3.9329504178581
6158	6208	3.93230953251905
6141	6159	3.93214260117136
7404	8287	3.93171273820243
6135	6161	3.9316762306646
6206	6210	3.9314303066313
6128	6191	3.93112962437541
6194	6228	3.93107829516857
6204	6235	3.9305980332132
11224	6222	3.93003532327086
4736	6175	3.92951462307558
6155	6167	3.92816929395533
6159	6209	3.92769948347765
6881	79095	3.92705797438773
114803	9988	3.92692198511499
6142	6208	3.92615020138927
1915	6158	3.92578441004445
6194	7178	3.92399863760837
6141	6175	3.92374563268212
3106	3107	3.92347137134485
6191	7178	3.92303505935311
6142	6193	3.92255446846432
11224	6122	3.92178202094312
1915	4736	3.92164835028878
6205	6228	3.92061768487307
6164	6194	3.92012456137903
6176	6223	3.91964515243319
6158	6235	3.91963179161903
6135	6209	3.91945570449986
1915	6217	3.91866570323317
6217	6232	3.91855075313984
6158	6234	3.91815999754727
6158	7316	3.91768136284378
6209	7316	3.91741029827504
6135	6206	3.91710367187942
4736	6228	3.9167933565425
8545	94104	3.91672200152053
6176	6208	3.91666216188018
6169	6208	3.91643641201242
11224	6158	3.91616164926436
6133	6194	3.91576014528424
6194	6232	3.91552135478291
11224	6141	3.91532234021521
5605	7917	3.91482452714018
6187	7316	3.91414498820904
6204	7311	3.91413690835037
6176	6222	3.91394558477816
11224	6228	3.9138507747298
4736	6142	3.91370095048113
6164	6229	3.91236944651033
6171	6194	3.91117156405278
4736	6156	3.90915378003853
6141	6158	3.9090146952655
6168	6169	3.90867746756015
6209	6234	3.90819084420518
6201	6209	3.90788519953577
6128	6223	3.90687679260842
6176	6232	3.90687609644547
6168	6176	3.90680158805124
6122	6158	3.90672349804529
6147	6217	3.90554353928355
6191	6222	3.90490837339094
4736	6210	3.90418839004994
6204	6208	3.90293542373893
6141	6160	3.90246055709518
6191	6228	3.90228794052346
6160	6176	3.90185351810335
6141	6206	3.9018190739523
6187	6229	3.9012464091273
6158	6232	3.9007055898061
6122	6201	3.90062389461691
6161	6229	3.89952045541188
6159	6223	3.8991556179901
6227	7311	3.89858842011216
151888	57559	3.89816508450317
4736	6235	3.89808169676491
6168	6191	3.89756474922442
6158	6193	3.89726031178986
6191	6204	3.89671289991632
6188	6217	3.8965294831025
6206	7311	3.89607433276218
6176	6194	3.89553697046921
6201	6222	3.89464707464276
6158	6194	3.89453257689193
6135	6143	3.893831126662
6176	6201	3.89367957451898
6133	6223	3.89273579092989
6158	6164	3.89252468212386
6128	6201	3.89222930334323
567	7178	3.89201296342959
11224	6133	3.89180824903272
6133	6235	3.89168301412394
1915	6128	3.89162265848189
11224	7311	3.89144576239181
6164	6176	3.89032395740433
6176	6234	3.89007758981308
6160	6223	3.8893778802011
6158	7311	3.88928857161426
6176	6191	3.88914384023121
11224	6176	3.88752737932971
6208	6229	3.88749891967037
6158	6168	3.88726429141151
6128	6194	3.88708919720827
6205	6217	3.88676290267305
6191	6206	3.88632984634633
567	6194	3.88583790525118
6167	6176	3.88538705388545
6169	6235	3.88489116633726
6160	7316	3.88448222317866
6161	6223	3.88423464811925
6171	6229	3.88318733479291
6206	6222	3.88286149173167
4736	6208	3.88220258907323
6164	6217	3.88070762800987
4736	6222	3.87931505123059
6161	6209	3.87848310876761
6187	6209	3.87819951639739
4736	567	3.87798058806237
6229	6232	3.8773370853799
6142	6187	3.87673196619704
6129	6188	3.87426539022222
6191	6223	3.87368034266655
6171	6204	3.87277975387788
6128	6142	3.87179650265815
6217	6235	3.87143822080251
6192	8284	3.8708073106327
6223	7316	3.87052571797792
6156	6208	3.87029588927787
6210	6229	3.86977429435253
6142	6205	3.86904745228781
6128	6206	3.86865650595065
6147	6229	3.86822036271482
6143	6222	3.8667874209712
6133	6201	3.86504993056311
4736	6143	3.86437435433216
6133	6205	3.86420078753598
6122	6167	3.86306492904184
6160	6188	3.86300267136606
6175	6223	3.8621159836933
11224	6135	3.86081995932647
6208	7178	3.86027691150585
11224	6187	3.85811111693042
6141	6204	3.85801885539407
1285	1286	3.85793453462175
6168	6206	3.8570012683456
6176	6206	3.85682578062293
3105	6222	3.85666349261157
10443	94101	3.85505170084954
1915	6194	3.85485782131687
6170	6208	3.85231296551174
6194	6205	3.85054141443585
6169	6210	3.84960013013055
6128	6133	3.84954357207107
6206	6235	3.8484603207203
6201	6228	3.8468764995596
1915	6204	3.84582032744758
6191	6194	3.84547653089877
6187	6201	3.84525186373767
6160	6201	3.84504834680161
567	6206	3.8447876107835
6168	6223	3.84335006984703
6160	6210	3.84146359471819
6209	6228	3.84134189219746
4736	6232	3.83883383063239
6187	7178	3.8379958950765
6193	6217	3.83781067853498
6128	6227	3.83745984486258
6204	6205	3.83721847572042
6210	6223	3.83702408694362
6187	6188	3.83686547776667
6208	6223	3.83595801095358
6194	6208	3.83539191691566
5478	6143	3.83526494607876
6158	6222	3.83458931176291
6279	6280	3.83368127705818
1915	6223	3.83345464655052
6229	6235	3.83318176528453
26986	6160	3.83293731392686
6142	6204	3.8329233263795
6147	6191	3.83197007332087
6133	6176	3.83175648083875
6136	6141	3.83139782489859
6128	6187	3.83063209762713
567	6188	3.83000191793872
6147	6194	3.82940053839158
6122	6159	3.82925625109453
6142	6191	3.82904934637325
567	6128	3.82842815189919
6133	6191	3.82818427591819
6188	6228	3.82783329775822
4345	79921	3.82710505934159
6194	6206	3.826938963635
6176	6227	3.82672171262379
6169	6187	3.82643500027196
6160	6234	3.82599099311445
567	6176	3.82543898076311
11224	7316	3.82493324198935
6210	7178	3.82484046592456
6227	7316	3.82420350182337
6191	6229	3.82403050907768
6159	6175	3.82308974769984
6161	6191	3.82294103088366
6147	6158	3.82131871945116
6169	7311	3.82128180978294
6206	6232	3.82098005570307
113178	80774	3.81986723160618
6167	7311	3.81976408575943
4736	6159	3.81672386356036
6161	7316	3.81666139191361
567	6160	3.81422438350291
1915	6156	3.81407740859438
6223	6228	3.8130762752582
1915	6142	3.81184452823938
6205	6206	3.81173630320476
6176	6210	3.81166170922047
11031	116449	3.81098589102583
6143	6201	3.81097095135014
6170	6191	3.81019788602599
6170	6205	3.8070425321201
6128	6208	3.80698689291826
6206	6208	3.80684125789146
6158	6159	3.80547605987126
6222	6234	3.80407696929642
6223	6235	3.80261579947618
4736	6205	3.80121858072369
3799	6738	3.80025460836229
1915	6206	3.79925434754592
6142	6194	3.79883723271694
6133	6209	3.79821913499923
6228	6234	3.79742887779663
6133	6227	3.79719524532783
6159	6193	3.79649433845179
6143	7311	3.79404734990877
11224	6194	3.79254712262061
6128	6210	3.791581841892
6158	6201	3.79028874739506
6176	6205	3.78940780801773
6175	6217	3.78793866812484
51742	94134	3.78755550770339
6147	7178	3.78746188815329
6167	9168	3.78711893972394
567	6223	3.78449793664758
6133	6135	3.78446816115509
6122	6176	3.78319496985334
6167	6205	3.7826842205994
6161	6205	3.78268165558877
1915	7178	3.78266430088052
2512	6234	3.78252874998946
4736	6193	3.78236847570571
6156	7316	3.78193191106584
6158	6205	3.77982009936234
6228	7316	3.77720759384268
6147	6176	3.77690215999978
6159	6227	3.77621349098627
6129	6160	3.77575169280892
6142	6159	3.77524278706139
6167	6235	3.77362391523358
6156	6205	3.77105162388232
6167	6209	3.76968149719887
6167	6223	3.76964910351648
4736	6167	3.76886361248637
6167	6206	3.76815846265276
26986	6143	3.76626858036484
6205	6229	3.76626551815911
6142	6210	3.76594994230355
6128	6160	3.76571404431282
6160	6232	3.76564449204504
6191	6201	3.76252538293389
6133	6234	3.76132726593261
6142	6206	3.76036010196305
6147	6160	3.76022569396643
6143	6194	3.75916531288866
6204	7178	3.75852372087856
6159	6217	3.75708898671834
6167	6204	3.75685120636255
6156	6229	3.75651037904076
6171	6217	3.75649927770302
11031	51363	3.75563399268165
6128	6141	3.75555699541007
6187	6227	3.75226798174672
3105	6204	3.75168763252035
3122	6194	3.75124780717133
6122	6194	3.75087376905246
6160	7311	3.74881739819059
6122	6128	3.74781213554352
6135	6191	3.74749110721893
6129	6228	3.74704816034703
567	6142	3.74487430699727
6171	6176	3.74449664296537
6135	6187	3.74325524674468
6161	6234	3.74277337722252
6158	6171	3.74239688337508
6194	6234	3.74000401994542
6188	6210	3.73927556508846
6135	6201	3.73715363407614
6169	6171	3.73496386662905
6147	6169	3.73440336058552
6176	7311	3.73405862540746
5586	79982	3.73377104920626
6205	6223	3.73342416850307
6122	6143	3.73109603579809
6152	6230	3.73084336989999
4736	6164	3.7287573280665
6194	6209	3.72634572799739
6143	6227	3.72626457239232
6135	6234	3.72477043358913
6141	6176	3.72287429707147
6142	6167	3.72046733999276
6133	7316	3.71928575271667
6132	6209	3.71912352638689
4736	6135	3.71699274531556
6187	6234	3.71661207992323
6161	6188	3.71519929149047
51742	6670	3.71455484020811
6201	6234	3.7141211487614
6227	6234	3.7141070958223
130872	55692	3.71344055810581
6167	6191	3.71120433832082
6158	6167	3.71032599825776
11224	6168	3.70956601187978
151987	79876	3.70923426604962
6143	6168	3.70903124296715
6143	6147	3.70844118905926
6156	6191	3.70750783221226
6129	6135	3.70744866742014
3122	9168	3.70627923896539
6194	6233	3.70620433285326
567	7316	3.70612156921646
6156	6227	3.70597192523432
6192	8287	3.70439932452027
1915	6188	3.70348686791166
1915	6229	3.70315605199624
6135	6232	3.70289095016268
7404	7544	3.70244276220247
6128	6209	3.69686382069431
3122	6217	3.69498069241929
5970	7040	3.69460620545895
6141	6201	3.69405784249352
6210	7316	3.69257929235783
6143	6232	3.69124829591188
6133	6229	3.69092252989834
6156	7178	3.69088810350817
3105	6235	3.68901638926125
6223	6232	3.68901372338632
6141	6234	3.68750416509715
6143	6164	3.6874092900001
257218	905	3.68469644789009
11224	6167	3.68461014609367
6128	6161	3.68404038363235
3122	6223	3.68340421141216
26986	6209	3.68319949192336
6152	6155	3.6784325918729
6209	6222	3.67826974103896
567	6135	3.67759815106682
11073	151987	3.67206238930526
6228	7178	3.67168159625772
6143	7316	3.6716555791528
6141	6143	3.67127386051535
6142	9168	3.67124651516899
4736	6169	3.67007960506237
6142	6156	3.66987499724736
6142	6227	3.66864096703657
6169	6206	3.66838012024303
6164	6223	3.66684868067152
6136	6158	3.66650617939754
6201	6233	3.66575078849605
23272	26019	3.66379463659187
6193	6227	3.66322264069573
6167	6234	3.66320576760562
6159	7311	3.66201528926898
6147	6188	3.6619667283831
57551	9857	3.66033010989125
3151	57570	3.65898406921104
6164	6206	3.65719027365201
6147	6206	3.65641460560879
6143	6176	3.65554823966482
3735	7818	3.65353092010613
6158	6169	3.65296440625934
567	6201	3.65296197115255
6158	6175	3.65075511786178
3105	6169	3.64876669488024
4736	6147	3.64002555814527
116449	51363	3.63986161659341
23390	54464	3.63981763170149
6222	6229	3.63953860229538
5605	79144	3.63766697276578
6191	6227	3.63756874706028
2589	9991	3.63454528659521
6193	6209	3.63255252301891
113178	90379	3.63166832453659
6143	6210	3.62893721764703
6133	6142	3.62576750460086
6128	6159	3.62566265416812
6176	6229	3.62539704385275
11031	8631	3.62465440443572
595	6664	3.62363080400346
6142	6171	3.62336784925369
6164	7316	3.62275688118073
6167	6217	3.62218607061571
6169	6223	3.62092918310964
6169	6217	3.61885920197168
6168	6201	3.61883502599164
6122	6193	3.6153874009815
6141	6167	3.61514526905667
11224	6232	3.61442828120899
567	6129	3.61331179825457
151888	79921	3.61327348761247
6201	6227	3.61285299088555
1915	6176	3.61222354865581
137835	282991	3.61100041871945
6160	6164	3.61097843014337
3105	6234	3.61055315616774
79811	92344	3.60942326800526
6164	6169	3.60843194950116
6141	6193	3.60683354909825
4849	90379	3.60606465164075
3122	6142	3.60425752853621
153222	57551	3.60275894974803
6227	6228	3.60093555311882
6201	6232	3.59878348231191
3105	6168	3.59745789160331
6142	6160	3.59590155021707
6142	6222	3.5927073323463
6191	6209	3.59251925396875
6135	7316	3.59248630636659
6167	6222	3.59155190259923
4924	84514	3.59074725371047
1915	7316	3.58941876510591
6168	6229	3.58857064704451
6128	6168	3.58845992758399
6171	6223	3.58841099911908
6122	6160	3.58823895163383
55771	90338	3.58770233384214
6128	6228	3.58587975874853
6176	7316	3.58466075628591
55769	9044	3.58300200424707
2512	7311	3.58240529546929
6135	6229	3.58224392079726
6206	7316	3.58219782464481
6128	6232	3.58190040129602
22878	8087	3.58147724722096
6160	6194	3.58068949798495
6170	6235	3.57963629989506
6161	6227	3.57918093775327
546	55023	3.5788947901064
122961	57862	3.5777792407054
3105	7178	3.5770927790775
6208	7316	3.57585597112048
143279	79921	3.57441987317159
6142	7311	3.57321880459109
6136	7311	3.57305937863585
23443	8850	3.57301074492651
567	6169	3.57103797508241
3105	6171	3.57076178301704
6128	6175	3.5692953979555
6142	6161	3.56923256775913
6122	6206	3.56796337517463
26986	6156	3.56564127264719
6135	6142	3.56464284014495
6168	6234	3.56394819849808
6161	7178	3.56199384869124
6201	7178	3.56147346032279
3105	6156	3.56100008547978
1915	6170	3.56002229981227
6135	6227	3.55809710147773
23405	4012	3.5579199169939
6128	6176	3.55577359342322
6136	6206	3.55522718157154
6232	7316	3.55416949353359
4736	7316	3.55337544714507
6128	6235	3.55087679056312
23350	23390	3.55003454724542
50808	643836	3.54814608074195
6209	9168	3.54787227124611
3105	6205	3.54759540377811
6204	6229	3.54674083140675
6122	7311	3.54653343394742
6169	6191	3.54303949551312
51231	6836	3.54281221945289
7404	9086	3.54099392382196
253260	5586	3.54070587735889
55128	740	3.53991362772961
6129	6133	3.53892464126075
3122	4736	3.53668239465232
6222	7316	3.53614543811612
6147	6223	3.53561277106747
6176	6233	3.53401330213782
6142	6228	3.53126265461198
6169	6232	3.53092768452107
2944	2946	3.52918631026931
7072	8899	3.52851726453516
6128	6136	3.52800775637452
11031	4345	3.52751799468085
151987	23390	3.52602162511398
6135	6223	3.52225945064342
3122	6158	3.52020583210312
6176	9168	3.51739391699609
1107	23460	3.51363228121993
6168	7316	3.51086039706134
6201	6235	3.50973404640009
10452	57085	3.50877472157806
6167	6194	3.5075303482275
6223	9168	3.50752221304441
6128	6204	3.50746431172586
6175	6193	3.5070883011176
6136	6223	3.50581427474382
6142	6234	3.50027464391418
6122	6234	3.49967246228324
23523	4924	3.49939651491471
22818	7009	3.49887510715807
26986	6217	3.49627657610727
6193	6223	3.4954041799609
6188	6227	3.49492756137917
6135	6167	3.49434156882453
6160	9349	3.49374413881166
6160	6222	3.49300218627722
6132	6204	3.49127691206177
27033	85012	3.49055960028228
6169	6222	3.48959474998213
6133	9349	3.48777257752685
1639	5605	3.48776614525586
115939	5605	3.48598851001019
6171	6206	3.48295656395686
6142	6152	3.48198322596849
6141	7316	3.47981995058593
6175	6204	3.47841494048188
3122	6201	3.47781672649616
6169	6234	3.4755791020968
396	5605	3.47526547513524
3105	6164	3.47518984788639
151888	85012	3.4749499488498
6158	9168	3.4729121147434
2907	396	3.47288287373891
6201	6210	3.4719070465115
25836	339745	3.47103537014536
6160	6191	3.47058125334421
6135	6164	3.46898723634236
6191	7316	3.46898378429265
170506	4820	3.46894927990178
23523	7171	3.46858719421146
6122	6142	3.46780224053988
6152	6191	3.46687014039773
22894	64844	3.46558098086611
6128	6205	3.46493783863915
257218	57560	3.46479430825733
6128	7316	3.46442441119399
6129	6229	3.46335390012441
6133	6169	3.46230111219978
6132	6141	3.45974837778815
6142	6201	3.45923799333112
6135	6235	3.45802012798386
3122	6209	3.45642831640875
6192	7404	3.45385254857835
221	2931	3.45370088299697
6128	6193	3.45257410172418
6147	7316	3.45234231221967
57559	79921	3.45194747506582
6194	7311	3.45176788570223
23460	51176	3.45120465959257
11224	6164	3.4495718854181
11224	6191	3.44518497372814
5605	7040	3.4440325672087
6188	6206	3.44371452233934
6158	6188	3.44141404235645
6194	6229	3.44052152299453
10010	94134	3.4403961786395
6188	6232	3.43727321036871
11224	567	3.43595054149673
79921	85012	3.43566928471082
57551	9859	3.43538766562444
113178	4849	3.43408519331081
396	5970	3.43168892057301
27335	8409	3.4312779496731
113178	78994	3.43114443834424
6201	6229	3.43086201287662
2319	79095	3.4304601344444
10561	10964	3.42818687197802
6169	6176	3.42811127600838
11224	6142	3.42568156741172
6142	6168	3.4250282799489
7311	7316	3.42083742267878
7040	79144	3.42048358992911
4736	6171	3.41572223079793
6160	6168	3.41526300340006
6041	80342	3.41508014434404
6234	6235	3.41462011238597
6167	6193	3.41454204007513
6191	6193	3.41236799104517
4736	7178	3.40707112466005
4736	6188	3.40679492629471
115426	6670	3.40648899060517
6129	6191	3.40412802996971
6132	6176	3.4035857117686
79811	9044	3.40147565178455
23770	7040	3.40005021545578
11073	545	3.39651211658178
3122	6176	3.39641974476011
6160	6208	3.39546641972151
115352	79368	3.39534477706488
3105	6176	3.39466055371393
23770	6813	3.39289595488657
5605	84232	3.39153014332758
7040	7917	3.38939756871368
6164	6201	3.38939142044093
6122	6135	3.38854200027769
23347	9147	3.38708635914133
57187	6049	3.38530007431779
6160	6175	3.38479880097433
6193	9168	3.38226382258153
116449	55356	3.38217840657423
23347	94104	3.37971290082976
6234	7316	3.37912681674313
6198	9774	3.37859663805056
6135	6208	3.37568727012239
23350	54464	3.37519338898746
29888	4849	3.37130561467699
6169	6204	3.37010395703737
6156	7311	3.36934243003257
6142	6169	3.36896359556939
11224	6175	3.36839795344834
6132	6217	3.36748861936337
253959	80012	3.36665473703749
10498	50488	3.3655181745406
6128	6129	3.36424476871119
25852	545	3.36403373454595
6128	6135	3.36242341815141
6141	6194	3.36118824143541
6122	6156	3.35544392610261
6167	6233	3.35313136181853
6187	7311	3.35106738559566
6222	7311	3.34806592263723
55082	58487	3.34726039656912
513	5605	3.34585886961738
567	6143	3.34505912255218
6129	6217	3.34501661911744
26986	6161	3.34455816876363
11224	6147	3.34277770288568
6168	7311	3.34275775533612
6135	6141	3.34170125979647
6210	6227	3.33992982337324
26986	6227	3.33910689209762
6135	6233	3.3390143167943
6141	6191	3.33868808275381
6128	6188	3.3373320395386
26986	6206	3.33617237879633
6132	6201	3.33500148245522
3105	6187	3.33397931488011
10443	6670	3.33375013665118
6167	6208	3.33183398264693
1915	6160	3.3315496739972
6188	6208	3.33048320479317
11224	6132	3.32923222659927
2319	5589	3.32751678422244
6136	6159	3.32717070114781
23451	54801	3.32697431912934
11224	2512	3.32614034931317
10893	79650	3.32580802007959
6142	6164	3.32336044998596
113178	6813	3.3143198120779
23063	51719	3.31071653023297
207	58190	3.3054336665805
26986	6204	3.3010747642432
6159	6167	3.2993237960138
78994	90379	3.29841075585141
6133	7311	3.29790300941048
6129	6206	3.29616860365478
6167	6227	3.29543435297536
6142	6143	3.2942606602751
10746	3799	3.29004236906352
6152	6159	3.28987056516442
11331	60314	3.28669433680456
116449	4121	3.28590818555026
11224	6210	3.28230162484973
5478	6223	3.2811940850912
6141	6142	3.28077932326793
6167	6169	3.27867885293246
6136	6227	3.27810403522309
6176	7178	3.27730434194547
6122	6233	3.27510346709051
6208	6209	3.27413075515295
6209	6210	3.27164766971938
6155	6193	3.27154157302637
55758	6670	3.26958681112541
10443	55082	3.2694559398708
6128	6164	3.26556354298368
7544	9086	3.26521793267623
11224	3122	3.26415000097336
6133	7178	3.26362950519016
6201	6205	3.26126603641541
11224	6159	3.26116301393883
3105	6223	3.25917142319312
6217	6229	3.25269478945674
6160	6229	3.25146697287694
567	6209	3.24525406869902
4820	56987	3.24207758910479
6142	6232	3.24175026465566
6159	6160	3.24129954104213
26986	6201	3.23933122984267
6201	6208	3.23013572333624
3105	6167	3.22901666318463
6135	6210	3.2284483184227
6188	9349	3.22810714817633
6208	6227	3.22780854556388
2197	9168	3.22729896102881
3122	6141	3.22562124217808
26273	64848	3.22534244860088
151613	9044	3.22520667289993
6204	6233	3.22250624642957
3122	6128	3.22188430754404
7040	79180	3.22029391976795
23347	9988	3.21979982322867
7311	9168	3.21711178738791
26046	55031	3.21483066322904
6142	6233	3.21441325009537
1211	26003	3.21425576559808
10452	11092	3.21315993187104
6229	7178	3.21268319932682
6122	6191	3.21261402130828
26986	6135	3.21028616620092
6147	6234	3.20365120507399
6175	6201	3.20235249892352
6156	6169	3.20159346942158
3122	6167	3.1964097587797
6232	6234	3.19366387843013
26986	6188	3.19258540408881
23347	8545	3.19252074318179
6136	6217	3.19151058982125
1347	5689	3.18491103789484
6175	7316	3.18371085656773
11224	26986	3.1816189314317
6155	6170	3.18108519416753
114803	9295	3.18086703667659
1915	6201	3.18031020881816
5586	57551	3.17951115336088
57337	57560	3.17847554264545
26470	441151	3.1776519034792
6156	6188	3.17687873150513
6128	6171	3.17152396988581
116449	151888	3.17138737636067
6156	6167	3.16781353267676
6168	6209	3.16703946662782
6188	6204	3.16650654539261
6164	6188	3.1637642293275
55667	65110	3.16126466736301
6128	6152	3.16062793673056
23350	5926	3.15963974992248
6892	7917	3.15775786840265
6135	6194	3.15741666780136
6122	7316	3.15732619158991
2319	6881	3.15672682318184
167227	23272	3.15670011804521
6122	6161	3.15651180721214
6193	6206	3.15584661726236
5987	740	3.15559430252621
5478	6161	3.1538801003501
6209	6232	3.15378338101338
6167	6201	3.15060382702655
6167	7178	3.15055836055106
151987	6654	3.14882010505583
23350	8899	3.14539507696973
3105	6147	3.14460183780437
6152	6167	3.14197835315304
11224	6128	3.14142788417991
6206	6229	3.1411393776585
6142	6175	3.14046034545067
6122	6222	3.13736590517115
6122	6187	3.13656446416822
284297	348	3.13527985543532
6128	6156	3.13459727813277
567	6234	3.13417295611351
6167	7316	3.13122447943949
4924	5589	3.12953596249561
26054	79811	3.1293123162618
57560	84162	3.12660283997477
6129	6210	3.12208860995177
10746	6738	3.11165402484671
1915	6227	3.11031758583147
3122	6193	3.10962801014984
6135	6147	3.10774507619838
26986	6228	3.10729677866798
2512	6141	3.10247183317745
6228	9349	3.10217260321305
6152	6158	3.10200088739453
5478	6204	3.10066104556178
6129	6208	3.09911835191844
567	6227	3.0946324556368
3122	6204	3.09250276192474
6170	6171	3.09148316003478
23390	55814	3.09095911960432
10155	125950	3.09049555962896
6141	6152	3.08713755001955
11007	9092	3.08697464250074
23625	79002	3.08527445154817
10299	151613	3.0837514520801
6152	6227	3.07959839217377
6159	6201	3.07868178946638
6171	7316	3.07825165500821
55023	84081	3.07802465251114
1915	6129	3.0757160648403
6209	6233	3.07561632557411
22894	6670	3.07529755249925
396	7040	3.07291611142774
6135	6222	3.07125691152581
6176	6193	3.07003070703107
6133	6141	3.06866319786699
6147	6201	3.06717418812009
6175	7311	3.06687230085381
4150	7917	3.06668028666017
11224	6235	3.06310336647197
55015	92344	3.06103735990992
10589	4924	3.05834672378894
10254	8452	3.05465851191769
6167	6168	3.05341572997849
339745	80205	3.0503433864547
57104	80774	3.0503344289749
6129	6187	3.04787027166324
545	57560	3.0465929341967
6143	6188	3.04566462188497
3105	7311	3.04510392076457
1203	9338	3.04294585191705
6143	6235	3.0367930658237
6135	6205	3.03473400636979
23390	339745	3.02989519152896
2783	5605	3.0275821983823
6167	6187	3.02507423824661
373	5586	3.02410296914866
113178	55593	3.02168007085854
6201	7311	3.01990858761701
5605	6881	3.01981735894964
11224	9168	3.01976941842822
6142	6147	3.01815272490731
23558	6844	3.01560789916587
6205	6234	3.00452249117877
3122	6235	3.00335416316615
6141	6187	3.00315118971888
220988	23451	3.00275442756876
6191	6233	3.00121923156003
178	9652	3.00036992109483
6132	9168	2.99805125479487
6132	6227	2.99421041321949
6122	6228	2.99260627371086
6160	6235	2.99119669990775
7040	80774	2.9900228902073
5478	6133	2.98678233376761
6128	6143	2.98477741454102
6209	6235	2.98473465496079
6128	6147	2.98132461372683
6164	6209	2.97587626557589
26986	6133	2.97391381613479
6205	7316	2.97340937501747
6217	9349	2.97205927413703
10443	115426	2.96857582121244
3105	6232	2.96716303839954
27033	79921	2.9670040665434
6206	7178	2.96687310610767
11224	6205	2.9648631827669
6128	6229	2.96285865794831
26986	6187	2.96158334793075
3842	79982	2.95961308285447
3122	6122	2.95897651960543
3122	6191	2.95807067416962
2319	513	2.95701110030249
6141	6161	2.9561596377848
23347	55814	2.95501545193194
6191	6234	2.952915481296
6210	6234	2.95279855360212
6161	7311	2.9469974674635
116449	4345	2.94639972057196
6222	6227	2.9463966447114
22878	8545	2.94082250748245
2744	8452	2.93869420019117
3122	6136	2.93839461313848
6129	6232	2.93781219935323
167153	4820	2.93686203625464
3122	6222	2.93631174930205
11224	5478	2.93620486745558
56987	5922	2.93586242593919
23405	80267	2.93551837397377
6129	6161	2.93512549289434
115939	396	2.93199055933463
1879	9922	2.92921868946875
27033	4345	2.92700490890561
10463	7337	2.92682874047295
6136	6209	2.91571782936701
127933	3842	2.91266809466201
6161	6169	2.91115740259426
3122	6206	2.91029726128623
324	9859	2.90961482298334
4736	6229	2.90786884553892
6160	6171	2.90707806869255
10155	10262	2.90551355888624
4736	6152	2.9047561480421
6168	6188	2.90321118926287
11073	23390	2.90205413073488
513	6881	2.89587603353289
3297	4046	2.89544710217427
4736	6233	2.89147532083076
6194	6227	2.89085468106428
401505	9556	2.88990393637755
11224	7178	2.88927208538741
23268	493	2.88122605580371
23038	23770	2.88118672073289
6159	6204	2.87913334849579
23523	79171	2.87864008510315
5478	6217	2.87753880634783
10419	10539	2.8729408557898
151613	64062	2.86888043930735
6141	6156	2.86726960567518
6158	6229	2.86509928720484
10893	64319	2.86377192283606
6188	6191	2.8619418886233
55593	55697	2.86070991999109
6122	6133	2.85855245090849
6169	6228	2.85565923165579
6228	7311	2.85494653886599
6167	6170	2.85484336584084
375743	51742	2.85321224764608
6171	6201	2.85307011829358
3105	6194	2.85202373215909
6210	7311	2.84870480092031
6160	6205	2.8482946202658
6205	7311	2.84636498997952
167153	55119	2.84621021288428
6235	7311	2.84329583249853
79144	79180	2.84239210175803
6136	6194	2.84133667379058
51742	79670	2.83681311817314
139818	6935	2.83589288891333
6813	90379	2.83563783852324
9147	9988	2.83473223908974
6188	7316	2.83422074889045
5478	6209	2.83397086098279
2783	9040	2.83175530907748
6164	6234	2.83031184839379
25836	9857	2.83019516921918
10893	2794	2.82965736840084
2331	2549	2.82903696025014
6175	6176	2.8286956444635
6128	6222	2.82831755774439
1915	6209	2.8280651063134
26046	9101	2.82558633562286
6159	9168	2.82553275094644
6217	9168	2.81813048824973
283899	55593	2.81603971360232
6227	6232	2.81328638513285
6159	6206	2.81217270308566
22841	9735	2.81092443014862
3105	6208	2.80838918260992
23272	79811	2.80608597861368
3122	6187	2.80514527921395
114803	23347	2.80377983250561
22894	55619	2.80261509903166
545	9847	2.7984720984632
738	79002	2.79812667939926
26986	7316	2.79695805192663
6128	7311	2.79628577466896
25836	55183	2.7962702416292
26986	6158	2.79582650758154
4736	5478	2.79500057197728
29966	84162	2.7941422686839
54464	9169	2.79291640935507
4345	51363	2.79137840108628
4983	79966	2.7896492607761
6193	7311	2.78842302391318
51426	5926	2.78763314194953
57560	9652	2.7875439017739
114803	253959	2.78651994934419
257218	54801	2.78591470986838
6168	6227	2.78570497971965
167153	79982	2.78461508146521
50808	54737	2.78232437998207
6142	7316	2.78175549720034
116449	8631	2.7803977004063
11224	3105	2.78001749224289
3122	6227	2.77935378261741
6135	6171	2.77839329016503
25836	5926	2.77784126285202
6141	6228	2.7777988836213
6223	6233	2.7746513464297
23215	55119	2.77419814279627
55619	6670	2.77332220875289
23770	396	2.77193333268075
22841	23451	2.77112661968093
11031	79921	2.76831340643353
5589	5605	2.76821879618307
3105	6161	2.76607175627347
2783	84232	2.76470504645553
6143	6171	2.7633341049903
6159	7316	2.75903102516714
10735	55031	2.75467407642561
153396	23398	2.75444497345917
116150	8763	2.75383187280453
6160	6193	2.7529520814428
5478	6156	2.74877983578024
2319	5605	2.74645132061016
55119	6314	2.74539176172775
23272	57187	2.74188025085393
285172	79670	2.74075168870041
116449	79921	2.73956850389323
5586	9859	2.73945026605783
153396	54482	2.73851109235766
6135	7311	2.7384830429289
3122	6159	2.7362253887094
6152	6217	2.73574879694666
6132	6156	2.73249752000682
22841	54801	2.73111850516004
6175	6206	2.73111527213914
23347	23398	2.73067040335869
151888	282991	2.73016211267633
112950	5987	2.72983556308845
25836	55814	2.7258778349641
6142	6170	2.72374111837467
3105	6210	2.72286945022435
5605	6892	2.72175570963689
6159	6176	2.72071529009147
3002	4818	2.71993883470681
5478	7311	2.71142949327714
79095	79144	2.71041991478574
79002	79095	2.70781390030527
55031	6093	2.7066187045443
6223	7178	2.70623865278392
55349	55540	2.70564602663925
114803	23398	2.70509044046313
10735	26054	2.70348235700331
23405	79982	2.70240822917399
23376	8615	2.69287798923701
4201	5034	2.69224062486684
55023	55031	2.69078165023021
167227	79811	2.68873757730552
6205	6209	2.68542819484755
6193	6201	2.68226149668417
6142	6229	2.68210343516346
5605	6813	2.6808791835345
26046	55023	2.6732840111204
4155	51363	2.67296674372987
1915	6143	2.67230688515446
6201	7316	2.67053880185612
115939	2319	2.6699094219984
23063	64844	2.66983988536823
26046	3799	2.66717062863111
6204	9168	2.667155785754
6122	6136	2.66365410798533
396	79144	2.66052694552784
3122	6156	2.66047317064685
124565	79894	2.65930969350325
114803	905	2.65761128518977
6234	7178	2.65724911339543
3122	6234	2.65604590436611
6208	6234	2.65573810933179
659	84830	2.65571210509718
5689	5692	2.65437185063308
6171	6234	2.65421512899211
23063	2744	2.64925384211421
3122	6133	2.64897807357494
4345	57559	2.64796060444628
6122	6132	2.64676804142895
23398	9988	2.64637713068961
2495	60	2.64000357146216
55690	7040	2.63997001506161
6156	6233	2.63512986718878
23275	284297	2.63304557524601
22908	7181	2.63286929919003
11224	6208	2.63255994839628
3105	567	2.63062540871523
220988	6670	2.62920403601533
23390	25836	2.62633825524229
55031	9101	2.62400326363978
282991	85012	2.62397431963526
51430	9652	2.62230214020176
6881	79144	2.62172537607052
6158	7178	2.6213568431457
23460	4919	2.62047318888131
1915	6135	2.61635019128606
23275	2691	2.61565499461472
11224	6233	2.61471908605112
6169	7178	2.60744392959552
6217	7178	2.60618178991572
6147	6209	2.6056118791741
6128	6167	2.60546966615821
3895	57187	2.60375546893363
10893	23275	2.60343048706164
84954	8907	2.60259734627615
3122	6228	2.59967465834724
25836	324	2.59489789197542
10983	2778	2.59292276341988
6206	6233	2.59222896744022
23272	55023	2.58976844162992
1915	6167	2.58974154732634
5478	6160	2.58951295292714
4924	78994	2.58945067359122
6175	6191	2.58912490453003
6167	6210	2.58836410904401
6158	6233	2.58488915815111
6159	6194	2.58445010743135
10893	57455	2.5844396377775
2197	6167	2.58341351719867
6129	9349	2.58176569817558
114803	26054	2.57801084474332
6129	6158	2.57730725816768
6128	6234	2.57473818923362
10114	9575	2.5744216065151
162	5605	2.57337485772823
27166	6150	2.57216959957805
3105	6217	2.57146765589301
6167	6232	2.56961862790461
6234	9168	2.56766244182682
3001	915	2.56657116767418
113829	23625	2.56514033079824
6169	6209	2.5644976870636
51747	9044	2.56400180853585
26986	6141	2.56286726959356
23398	56204	2.56269656166078
4820	79982	2.55915077125073
6169	6227	2.55818754055934
26986	6223	2.55797738524354
11007	5524	2.5577527729004
151613	22841	2.55725190800803
253980	6813	2.55069938059402
55660	55749	2.5477813448589
9857	9859	2.54664277638652
10142	79811	2.54621909791998
22876	54741	2.54514849291685
23390	57560	2.54506742236175
6135	6168	2.5432397576841
11224	1915	2.54116994404287
220988	22841	2.54094938365422
738	84065	2.53902017115933
10578	4818	2.5372654891079
6122	6165	2.53476708421055
57104	7040	2.53445524624917
3105	6228	2.53215113081067
6175	6187	2.53061236146298
23390	26054	2.53011496216396
1072	60	2.5295167682228
134147	55142	2.52420053032308
167153	54906	2.52066825560952
2197	6203	2.52005583784454
23350	26054	2.52001432101146
10381	10383	2.51688391125611
1347	7818	2.51568064419856
55031	6738	2.51382919688644
6205	6227	2.51254361281953
396	6813	2.50881149137426
11224	6171	2.50740319049814
10735	6814	2.50729256090338
5926	8899	2.50718874986592
6141	9168	2.50493118008639
6132	6160	2.50453995359208
340252	9321	2.50361225633731
6188	6209	2.50316837019386
6194	7316	2.50295291302241
23347	55023	2.49989815926192
79144	7917	2.49686853427992
10772	5926	2.49357175333554
112939	6949	2.49356182967962
25864	7351	2.49256085866653
6670	79670	2.49194963878804
23405	55660	2.49193858994988
6167	6228	2.49179350523684
7351	951	2.4913360035772
6161	9349	2.48957890596869
6135	6193	2.48057367605461
1107	4919	2.48045061584502
6143	6167	2.47942509023158
54464	6654	2.4770059842762
4849	80774	2.47212673565324
10114	663	2.46962971530181
26036	55870	2.46946082935271
6233	6235	2.46735736821064
4345	55604	2.46411145243232
11054	166	2.46279771825888
3122	567	2.46259641491388
6709	78994	2.46139496572412
25800	2773	2.45895681531243
54801	92344	2.45284418939293
56204	9988	2.45216224650384
54737	94101	2.44988523173789
10155	738	2.44968875008544
57597	90249	2.44861973448965
253959	905	2.44666103986476
26232	79102	2.44646815362172
140890	54906	2.44526931100474
4849	9546	2.44435088380045
6193	6204	2.44334014849043
1107	51176	2.44314328731898
1072	973	2.44052908154321
283899	4849	2.43960307081009
6167	6171	2.43904441941517
2512	6209	2.4374665142416
6655	79718	2.43483635406028
282991	4345	2.43386452078542
283899	4924	2.4321961837616
6203	6209	2.4314426412958
3122	6160	2.42967852511477
10419	509	2.42896407164392
151888	27033	2.42765018161895
6223	6229	2.42202120983363
2527	26470	2.42158801668891
6133	6175	2.42092127425819
23350	57560	2.4206521579898
6159	6191	2.41958780871358
6193	6234	2.41752299726658
80205	84458	2.41595896456134
6122	9168	2.41349107751059
39	6307	2.41225919152439
4924	64755	2.41083519034824
162	7040	2.40851817549545
54867	5605	2.40774190796418
6136	6234	2.40731727496485
10735	23376	2.40434199961277
6217	6233	2.40390224642707
23390	6654	2.40383596955375
3105	6142	2.40356925490043
28958	9978	2.40062310505238
6122	6168	2.39916503180728
2931	79798	2.39826070895331
1915	6234	2.39805727212773
23398	26054	2.39761663910538
3105	6158	2.39291531249984
10600	26054	2.39190586509034
3122	6205	2.39046153814149
22841	80012	2.39029736169068
139818	8036	2.38965022144086
22827	23246	2.38635794567269
22894	51742	2.38530295731257
113178	7040	2.3850611420653
373	57551	2.3848808585894
6141	6203	2.38478306351882
10735	9859	2.3845829222562
6122	6203	2.38091540425844
6136	6160	2.38044280593559
1915	3105	2.37867296816459
339745	57551	2.37680510973841
221	5338	2.37653156641542
79868	84458	2.37619827390587
369	396	2.37615987935111
7167	7284	2.37224551782628
6135	9349	2.3701402650485
27134	284297	2.36812201094778
56889	6655	2.36783869496679
10524	1796	2.36766653273874
23770	57104	2.36674904186843
6129	6147	2.36668097757038
6141	6188	2.3665594792105
2527	441151	2.36550798344844
1212	396	2.36426863349155
4736	9168	2.35823028263948
26986	6132	2.35715588915477
26122	6670	2.35567533130177
127544	4924	2.35384124765886
10452	79798	2.35311512631719
5478	6234	2.35190276468625
26986	6122	2.35133273744645
1315	178	2.35107203489344
11224	6193	2.34702639757362
3122	6161	2.34657037961202
23405	9857	2.34600412645441
4809	65991	2.34165145052026
4736	6129	2.33907994136694
5478	6187	2.33871137153015
339745	8850	2.33799109604913
5589	6844	2.33312295441881
2319	396	2.33255568347002
57614	9958	2.33219756063061
10274	151987	2.32494995836817
1879	83700	2.32312010057368
80012	9988	2.32116642333479
5970	7917	2.3196235791151
151888	51363	2.319623237286
115426	58487	2.31793257155762
114803	5930	2.31692506965855
6143	6208	2.31606033977034
1456	51762	2.31547236000247
54998	60314	2.3148065921892
6235	7316	2.31440609257744
26470	51512	2.3134586729127
6159	6234	2.31286057189679
221	79798	2.31169174335376
6132	6223	2.30955146636435
151613	55660	2.30871769303183
23350	9169	2.30857971195328
1378	79365	2.3078600861799
84081	9736	2.30680602299328
6152	6170	2.30622942921153
7351	8907	2.30427754527283
2822	79703	2.3020528389909
140890	79982	2.3020268422729
203197	8115	2.2990676862418
6169	6194	2.29850113905181
6191	7311	2.29783788379099
10419	5688	2.29664987878836
8480	84916	2.29304457387711
4924	6813	2.29176106147774
3105	3106	2.29135900371366
3661	7157	2.29035386747686
55669	57560	2.28843229861544
10254	2820	2.28602280352532
51306	6873	2.28222859707799
5586	9857	2.28132394197773
6141	6222	2.2809791789177
6188	6223	2.27959997839995
6156	9349	2.27806514614513
10772	26054	2.27762547991579
567	6170	2.27707857024345
23215	51306	2.27579583786468
10443	54737	2.27075376200537
25836	57551	2.27055395501022
22841	6670	2.26950347121869
115426	55758	2.26909229251932
55082	94101	2.26892486468015
23264	55142	2.26762424223982
23398	29945	2.26655920387905
8467	8615	2.26640348397747
55814	9147	2.26618017058839
79982	84188	2.26393780594347
23390	9147	2.26386957027474
6129	6164	2.2629167317917
55690	9546	2.26262121012719
6670	94134	2.26148257824565
114803	26273	2.26130517159825
122553	55619	2.26013100359841
6169	7316	2.25635878978251
25836	54467	2.25397849920009
23390	545	2.25197909836853
23347	51455	2.25000441391187
27033	57559	2.24739335015163
10772	23390	2.24576969573228
23398	84196	2.24328023717994
6136	6175	2.24318900944556
53344	9044	2.23973791538059
11224	6169	2.23871606557835
4288	55824	2.23711102813262
7155	9652	2.23615635112577
153396	8899	2.23612447263739
10735	81611	2.23500944826022
23390	80012	2.23457088732536
162	7917	2.23358776367223
26046	3841	2.23307501217102
6152	6209	2.23167723926724
2197	6155	2.23104334144654
6206	9349	2.23081097655751
2319	6844	2.2286643355462
6132	6143	2.22683506872617
6160	6167	2.22660375984771
6128	6169	2.2245359379332
11014	5037	2.22388365410763
23262	8850	2.22350216620565
4849	55690	2.22260836871494
10772	51426	2.22043353012747
125950	6881	2.22035273730044
6143	6191	2.21735218170797
6135	6188	2.21658135851287
6133	6136	2.21651291100258
221079	23347	2.21649822290523
6143	6159	2.21567799114301
6208	7311	2.21329526456522
6161	6233	2.21178862613729
6164	6167	2.20987590716337
6227	6235	2.20930604478263
124540	9749	2.20655604522852
51234	65991	2.20582951818228
6175	6188	2.20490646549245
6132	6135	2.20484118858365
139818	7155	2.20415433030345
25852	57560	2.2028423343053
132299	84916	2.20254221358687
4924	79171	2.20137508192061
3122	6132	2.19687192568019
6813	9546	2.19680534381519
4023	65124	2.19587719584857
26046	5290	2.19508362198218
6155	6230	2.19424898369866
1639	396	2.19260996957402
51363	8631	2.19219515468541
441151	90668	2.18927833308393
116449	55604	2.18733718365736
6192	7544	2.18632641238205
567	9349	2.18559947619227
6128	6233	2.18478365082211
23272	84081	2.18396664184625
3122	6135	2.18048170981284
6152	6208	2.17988940698496
55023	79811	2.17919318254148
2907	6813	2.17851557861573
6233	7178	2.17775533722582
23469	55031	2.17767319557308
162	7515	2.17590117873312
1386	8661	2.17431434243795
1639	84232	2.17372540430903
6141	6210	2.17366952377074
255104	4494	2.17092739443596
55814	905	2.17043281657918
22878	3799	2.16991946246963
3122	7311	2.16627517625612
3106	972	2.16465860626679
57187	84081	2.16412128314709
7767	9736	2.16342166197755
6135	6159	2.16101003675119
11224	6136	2.16084666114204
26986	4736	2.15930477539466
221	64319	2.15927666950155
6193	6208	2.15899239788829
23523	84514	2.15721758440279
23451	6670	2.1561115905836
2512	6204	2.15535630372433
3122	6168	2.15306658446104
162	369	2.15198575347502
9169	9958	2.15182683678493
339745	55814	2.15178198340552
3122	6232	2.15082113108397
9295	9988	2.15047219029061
55660	9857	2.14958737061645
4924	6811	2.14741309352509
6132	7311	2.14640699220848
6227	9168	2.14522689293557
253980	9546	2.1441680926795
6229	7316	2.14255436367982
29888	90379	2.1420430933201
50618	51426	2.1379857773046
6811	9214	2.13774408688478
2332	65056	2.13716169489046
4849	64755	2.13514496522973
7917	79180	2.13471274676139
10577	966	2.13422216729087
11064	11177	2.1337956405156
140609	6814	2.13339778863608
3105	6143	2.13114266580889
53615	5442	2.12896880300374
6141	6168	2.12885320901259
1059	4924	2.12813020125756
5478	6158	2.12759840798065
23483	51742	2.12494979914559
84514	9546	2.12293843078762
6222	6233	2.12257410037802
5295	56987	2.11241005332501
3104	9903	2.11112768632138
6152	6205	2.10683813881916
6164	6227	2.10653183377088
253980	4849	2.10531851617376
115939	84232	2.10371799827586
6152	6175	2.10237746878869
50618	5286	2.10155499257591
2512	6217	2.09890181221063
3122	6208	2.09753933897735
10746	253260	2.09254152634583
3799	9774	2.09252167613593
8065	90592	2.09251226512122
51762	79718	2.0905120579584
10600	23350	2.09032021968103
150726	63925	2.0875221666454
10905	8545	2.0860568909879
122553	2073	2.08333899023037
6147	6227	2.08247841833743
26986	6176	2.08015120546152
6136	6142	2.07882986690867
6813	7040	2.07588788593423
283899	84514	2.0755447064471
3105	6133	2.07535155456805
153396	253959	2.07415692439254
10150	153222	2.07311062305156
10735	54989	2.07201505522905
5286	79982	2.07155531894228
6161	6167	2.07101410512081
324	6198	2.07094416590321
369	7040	2.07080325290949
55015	79811	2.06671555498582
1739	23358	2.06656760540026
163702	493	2.06621227320843
6141	6165	2.06444947604464
23770	4849	2.06248589872498
84196	9988	2.0614167895612
11031	55604	2.05975422988297
7175	79982	2.05812484275492
10155	2783	2.05788824199846
11092	4975	2.0570713482994
25836	79982	2.05596602663185
27166	7167	2.05461433505656
26019	54832	2.05168423994758
10640	139818	2.04958870193193
25836	9821	2.04862391806097
146705	91304	2.04842129851515
6141	6169	2.04827835813182
6228	6233	2.0465092542635
1915	7311	2.04623071921427
90231	9806	2.04387213297618
6142	6155	2.04195349176613
57455	64319	2.04131997908062
339745	5926	2.03795242206888
151987	54464	2.03736907766944
738	79095	2.03721137152493
11073	79876	2.03584511283647
6171	6188	2.03244404204466
25852	57337	2.03126071751195
125950	3297	2.0300515305595
513	57104	2.02982540056831
22894	50808	2.0295403654216
6122	6152	2.02890042043887
122553	9877	2.02868903999394
5478	6194	2.028434341176
57559	85012	2.02723928910856
51742	64844	2.02693613411442
5034	527	2.02671052384398
29095	84522	2.02459625130383
1639	4924	2.01866480837498
6152	6206	2.01860804318855
55604	8631	2.01708866240083
6129	6205	2.01617784317684
738	8733	2.01329217611336
23272	25836	2.0086617897771
9147	9295	2.00424837680132
54890	79144	2.00270274107624
139818	23244	2.00127260535969
23215	4820	2.0010607150062
6161	6175	2.00047797823809
283899	78994	1.99793174812638
6147	7311	1.9956803489485
3069	6811	1.99338145264108
396	84232	1.9924617586467
6175	6234	1.98953780082507
23063	50808	1.98632780633179
26122	3717	1.98599996865739
6136	6201	1.98553256080826
7351	79002	1.98319910802719
23358	90592	1.98256853589834
22875	26224	1.98244732592235
22908	25871	1.98236835505246
26054	84081	1.98191666656185
6188	6201	1.98148340794479
6143	6175	1.97997709354593
29888	9546	1.9799627826066
63940	6881	1.97958421615358
441151	5733	1.97615636218514
6206	9168	1.97407438965886
644096	94107	1.96905708811521
53615	6881	1.96898329850228
10198	57560	1.96830459058334
221	57597	1.96704115110321
151987	79811	1.96693498130772
6143	6205	1.96675918948098
1936	29997	1.96663120621797
6193	6205	1.96644791819563
6191	6230	1.96593393815577
6169	6188	1.96565051549423
5034	84232	1.96496678860143
2512	6203	1.96419247974668
10772	8899	1.96320800690189
139818	84376	1.96198752666184
28958	9551	1.95906739151331
23770	55690	1.95777796012995
23275	57863	1.95619564738752
166	57104	1.95594140645699
6171	6209	1.95586870087964
6156	9168	1.953597712232
8545	9774	1.9526755966897
11224	6188	1.95145959318752
25792	6830	1.95138395911916
6129	6227	1.95123993844074
113178	396	1.95121503788603
25836	6655	1.95029643507872
10452	4669	1.95027977547512
54103	90594	1.94880728708419
1203	51176	1.94320470509964
6155	6191	1.94217275356724
1915	6122	1.94055498476659
23398	94104	1.93882051936314
10735	8087	1.93795324950723
7376	79581	1.93777275366617
22913	738	1.93671842044453
23350	79811	1.93573700660342
5926	79982	1.93563130294076
55749	7750	1.93514739192405
57560	9847	1.93461341403649
23443	26054	1.93283202574994
84196	9295	1.93180450183858
6122	6208	1.92983533936867
23063	55719	1.92932636744601
64127	84969	1.92909558682319
11137	51202	1.92733292987304
50808	55667	1.92724089598205
6129	6156	1.92609163686262
6136	6187	1.92574770923617
26054	57187	1.92382935896714
167153	26036	1.92360843326171
23038	396	1.92339880603228
5478	6206	1.92041280131134
29997	6167	1.91857216802592
26470	348180	1.91771673724341
25836	54953	1.91746393247191
79811	8850	1.91686087748181
1347	3735	1.91625776493827
151987	7871	1.91591019757748
3105	7316	1.91399841136731
22894	92344	1.91398499804577
10010	51742	1.91105331730233
10150	5286	1.91051833229757
22894	23483	1.91025789875435
4849	78994	1.90953721863526
396	7917	1.90733104011783
54801	905	1.90696935522291
360023	51430	1.90590189473163
23015	6627	1.9029421593818
5478	6147	1.90271444081257
114803	84458	1.90231449264801
23390	905	1.90203279442357
22818	84987	1.90156080436561
11054	5725	1.9003411457981
1059	84514	1.89998777313719
23523	64755	1.89989078238572
7040	78994	1.89880298452011
4345	90634	1.89872306264436
6143	6169	1.89733760123681
80774	90379	1.89209447127338
23350	25836	1.89194707685741
25836	9126	1.88780336411009
26003	5987	1.88678736839628
23360	545	1.88332828381623
23405	373	1.8829497388199
10254	54737	1.88294940893051
3105	6191	1.88153640469328
4976	7871	1.88081691590788
6158	9349	1.87943285813907
22883	5034	1.87904273551448
7171	79171	1.87873138691595
6122	6235	1.87731322086558
29997	9168	1.87615380753326
441151	57817	1.87595892232082
1105	55186	1.87497663351128
253260	54822	1.87473875634299
10274	54505	1.87156277055361
6132	6206	1.87028632509747
54832	9736	1.86968439355723
348180	56123	1.86633083924916
23272	9931	1.86571930748117
112939	4669	1.86493240137914
6160	6169	1.86365762328844
2512	6206	1.86268432051839
26986	6232	1.86146715235679
10775	9978	1.85562853842133
1203	4919	1.85453626323773
905	9988	1.85330426040303
6141	6208	1.85306624928438
55109	7072	1.85258314753199
55593	80774	1.85187034630315
6135	6152	1.85133944058567
23253	25836	1.85024939939634
6135	7178	1.84877482514515
23269	57551	1.84843726058279
153222	9857	1.84781605718826
6152	6176	1.84759752569802
22875	54737	1.8465649430278
11258	518	1.84632907246457
3105	6209	1.84615653616674
1105	51575	1.84589195091014
10735	55814	1.84499242838619
113178	283899	1.84456203789429
6222	9168	1.84405994299844
23063	55667	1.84285541025297
23770	253980	1.83778478752515
5478	6168	1.83565573767218
3122	6210	1.83523957282281
6129	7316	1.83217215759221
4124	4644	1.83032638010222
115939	4298	1.82820941439966
25844	2783	1.82714953488216
23405	25836	1.82681664547363
11047	79581	1.82336683629153
396	6892	1.82330700202103
57560	9169	1.82286132123852
6136	6169	1.82262329474099
23461	375743	1.8217717554883
5790	63940	1.82050131635551
149041	9735	1.82024990986155
23347	26046	1.81951799095301
146542	66005	1.81841372567255
1760	23770	1.81831593275068
6136	6193	1.8182237552895
253260	6198	1.81790680000346
29992	9021	1.81702103391544
5205	55771	1.81669616021771
9295	94104	1.81664287624923
6229	6233	1.81626631781104
10498	79180	1.81394393360802
114803	55814	1.81381944530365
25836	5286	1.81289844518604
51747	84869	1.81235390462379
10772	114803	1.81201658435099
6129	6204	1.8119587221256
5605	79095	1.81051695668705
54737	55719	1.81032474334248
6170	6210	1.80970918480788
221	338324	1.8064079242498
5605	5970	1.80607250783023
284297	57863	1.80543415895873
2931	51025	1.80514918140952
57184	79921	1.80462798781632
51527	81627	1.80377020780241
3799	5290	1.80149938631859
3937	64110	1.80093001691238
79095	84619	1.80063919888993
6122	6232	1.8002540992576
6132	6161	1.79931363873065
26470	57597	1.7992365382323
6128	9349	1.79802024539305
65991	7818	1.79683829654168
10010	10150	1.79679936078267
51339	8631	1.79591589224351
391	5216	1.79347716723504
11054	6881	1.7909848814306
7343	9810	1.79051972772835
1915	6141	1.79039608714886
7185	84969	1.78790152536883
10209	114034	1.78735196375497
472	7174	1.78684734357011
55023	9101	1.78530566935625
23318	8899	1.78373490766036
23398	51455	1.78365828278311
2549	3572	1.78318239314465
375743	9874	1.78207053561777
2197	6209	1.7817345992159
153222	5586	1.78085574300245
1327	5204	1.7805169904938
148867	8545	1.77846468056173
147991	55619	1.77798176282332
54464	80012	1.77709346770266
56204	8065	1.77574679793571
5378	54737	1.77439517176143
56927	84065	1.77429106258024
6165	7311	1.77256330236722
11259	8676	1.77192446307718
8087	8545	1.77137580317309
541578	91966	1.77057783014597
29997	3105	1.76917296071022
56889	8615	1.76889829581902
23350	53344	1.768712045052
5204	6748	1.76562268429243
10096	56943	1.76387258196517
23275	57597	1.76368952003672
50808	51028	1.76360632159004
2931	57636	1.75906911579381
6235	9168	1.75873756688529
1739	90592	1.75617839040043
23390	257218	1.75488395883391
55660	57187	1.75485391291327
160	56834	1.75270897262244
10254	50808	1.75078335548206
567	6167	1.7493952892338
53615	79095	1.74844997259644
6132	6234	1.74651644620234
113178	4924	1.74535637071186
6187	9349	1.74519963948319
220988	22894	1.74425614244553
6188	6229	1.74384909944689
6813	7917	1.74314675913677
23253	55183	1.74254296662892
51747	90594	1.74218916945646
51150	6836	1.74055727215252
25836	57187	1.73945728903001
4245	55128	1.73933400081151
441151	51512	1.73910829555781
79670	94134	1.73834253611329
11224	6229	1.7373882899959
25836	6935	1.73698283066016
207	3421	1.73680242276434
51363	79921	1.73663784256842
23347	55660	1.73635839989215
23318	23398	1.7359798257986
4752	50808	1.73503948147339
122553	54801	1.73502263373396
3572	64127	1.73500163324794
567	6141	1.73500043966544
26054	9295	1.73445838804669
4924	5605	1.73400767229477
10150	51426	1.73354840802264
114803	84196	1.73238240021011
6142	7178	1.72922722143969
10961	29108	1.7271268035934
115426	3717	1.7269733614989
153396	92255	1.72634597836238
6232	7311	1.7258709200421
6164	7311	1.72568625403517
23262	80205	1.72567414821275
4924	90379	1.72533139357879
23347	9101	1.7253281256216
5586	6801	1.72441434824926
6193	6235	1.72386616208865
6156	6175	1.72276610752507
23523	90379	1.72232993700209
2512	6122	1.72109162769809
5478	6228	1.72009621160623
1915	6175	1.71733564783668
11047	55611	1.71714855499925
4946	6155	1.7168059634558
253260	57551	1.71430791596176
3998	65109	1.71378306880362
23390	79876	1.7133541574731
3122	6233	1.71228394243696
6136	6168	1.7116658855497
26020	8907	1.7102471232094
10197	5886	1.70972508285415
10735	57187	1.70937698541716
440574	4712	1.70865686129831
26019	79811	1.70807734318609
54014	55023	1.70701385926856
915	925	1.7041854837757
5562	64848	1.702793654111
5290	55031	1.7016170059814
3122	6171	1.70011748748296
10254	55719	1.69969807960418
253260	79982	1.69851073779144
54832	7767	1.69627403088102
6194	9168	1.6954735055415
6143	9349	1.69418894452126
567	7311	1.69367802125085
151613	9406	1.68932203245815
122553	55719	1.68632782565848
6132	6158	1.68468056194587
23318	5286	1.68433104578035
55795	84236	1.68335770802453
10274	8087	1.6832559744631
285231	55142	1.68286453181414
11031	85012	1.6827039470355
5585	5605	1.68208476476152
139818	54953	1.68095547379311
57534	9857	1.68074350188266
4708	746	1.68038083775656
11031	151888	1.67878760493744
26986	6210	1.67860536268469
10923	6634	1.67826973584411
84885	84954	1.67819757629248
4296	51291	1.67700815368252
55697	84514	1.67694431924276
151613	221037	1.67611095325489
5689	5695	1.67397482512014
2005	4012	1.67145067980408
3572	84830	1.6687956551392
6188	6205	1.66763647098698
54801	6670	1.66762623427734
2073	55619	1.66739831201283
3105	4736	1.6664551175674
11216	6627	1.66622870174463
6141	6235	1.66604523115891
23347	57187	1.66600068039101
5478	6227	1.66529273503503
6170	6193	1.66327744024076
5692	5715	1.66308107006214
10254	26128	1.66183285903516
5926	6935	1.6613535046895
2512	4736	1.66087694755004
10299	55660	1.65929127265126
207	6468	1.65882868211465
23398	253959	1.654411904695
23347	84081	1.65357454817636
11184	22870	1.65343804148365
11224	9349	1.65222247381788
6188	6222	1.64882846921124
10142	9044	1.64743485120862
11258	150678	1.646758367787
25836	5586	1.64480792676595
6229	9349	1.6418174064553
2512	6143	1.64116962010796
1347	65991	1.63933653661179
253782	4023	1.63719550889787
6129	6201	1.63617294514192
10772	25836	1.63600985478823
5034	84993	1.63500660918751
5970	6813	1.63305365429437
23268	64764	1.63208004785646
64764	659	1.63178402390581
51091	79441	1.63100213083778
11054	28988	1.63092695660326
2319	9810	1.63001223354787
3106	6204	1.62842358163297
6136	6191	1.62779113458631
23038	7040	1.62658787116568
682	8815	1.62431711650422
11177	26019	1.62364811820394
6205	6233	1.62326870606006
26020	5034	1.62275621626572
5478	6141	1.62208133204488
23161	8545	1.62200228483009
6143	7178	1.62085285915307
55593	78994	1.6198038788329
22883	79144	1.61718590524019
8907	951	1.61703583130412
6132	6222	1.6134222746614
2512	6167	1.61225888368146
10905	221079	1.61208087413565
4919	84830	1.61205270654346
3122	6143	1.6113258143144
22875	375743	1.60953469060802
10263	391	1.60430231368786
23390	79811	1.60309960304801
26046	9774	1.60164532735975
6159	6187	1.60083924130354
5589	84514	1.60063036479681
2512	6223	1.60060482674288
23483	6670	1.59954276619556
375743	4090	1.59950402573601
339745	6935	1.59720758973397
115426	55619	1.59624824528569
90379	9546	1.59623190473946
151888	8832	1.59613990985915
23272	26054	1.59590925544998
151987	545	1.59515856611128
11073	23360	1.59460808077398
5378	80856	1.59340761626233
6813	78994	1.59236662192292
26986	6129	1.59206023913737
3909	84818	1.58935924234427
51028	57511	1.58631555417744
6176	6188	1.58553342427359
5205	90338	1.58407982450996
4820	55186	1.58392715081592
54737	6670	1.58361163035645
282991	8631	1.58295213701505
11224	6203	1.5824105950373
1107	57476	1.58203863000111
1855	8568	1.58106192399346
22841	285172	1.58037185124028
6187	6193	1.5769058698417
10746	9859	1.57606561420639
375743	55719	1.57578348988846
151987	54505	1.57467641100429
6830	78994	1.57421450700402
80010	9453	1.57385321347754
2783	6881	1.57203855331126
6132	6193	1.56996223400212
1059	81858	1.56809854011839
6141	6205	1.56803815464875
4584	7429	1.56637872288708
26986	6128	1.5662180238698
6143	6229	1.56601744494049
54801	9735	1.56550019539982
10254	643836	1.56405283500022
143279	57559	1.56389036322853
55102	84188	1.56324019916493
25792	5605	1.56321100706033
23350	545	1.56143357034017
153222	3799	1.56074808236429
22841	5599	1.55850240742392
153396	51747	1.55689397168889
1796	66005	1.55590058854749
148223	23598	1.55570237957205
79176	84545	1.55536824005451
1072	26099	1.55443981565523
6175	6194	1.55416094531476
3421	8623	1.55340567450839
6129	6152	1.55296972301084
10605	6745	1.55177971558102
4736	6132	1.55110114014741
54505	8087	1.5510208999409
25913	4528	1.54909270894475
64844	6670	1.54858349393693
1212	5970	1.54604051405529
6152	6160	1.54521350194588
23347	9857	1.54448702511179
6122	6210	1.54401757548956
26019	9931	1.54246985294419
5524	7515	1.54174342354212
26046	8545	1.54162978333561
23405	57551	1.54075283595101
23243	23390	1.53905886828516
5216	5790	1.53893203192934
11092	1302	1.53826310993917
6143	6233	1.5374068691003
4849	55697	1.53683817561839
2319	57104	1.53646310038271
11259	3570	1.53519172178286
115939	53615	1.53378359510618
54890	5605	1.53371065029456
6122	6155	1.53344414827961
340554	55906	1.53343470084909
25836	373	1.53318078007963
6170	7178	1.53251439713342
6132	7316	1.53228293660028
54467	55031	1.53123285375599
51426	84458	1.53046381859967
6129	6235	1.53019095028328
54464	57187	1.52959847694825
22841	253959	1.52928891779079
6132	6167	1.5284424474179
140609	9857	1.52817892520035
5034	79144	1.52782712113848
1639	84514	1.52771708255151
6122	6164	1.52748784566078
112939	29890	1.52643194112625
10772	23350	1.52576400847561
283899	6813	1.51993795753205
10772	5286	1.51988916674657
283455	55884	1.51913071778087
5286	55183	1.51897713983393
6169	6170	1.51862416376279
23064	6655	1.51756252682601
23350	4659	1.51735688450568
10443	255967	1.51672408933268
3799	8545	1.51506235757889
375743	54737	1.51378703102233
151613	51455	1.51337976748093
10772	23347	1.51275193406494
79650	9230	1.51248519617877
2908	9852	1.5103287608702
57534	57551	1.50706175813055
5605	57104	1.5070246311197
146542	1796	1.5069283753318
57104	58509	1.50431002915887
6141	6232	1.50413341409204
84232	8733	1.50410712639698
26036	55119	1.5013729058758
54737	8452	1.50093801392599
256471	51747	1.49965481592129
51439	55900	1.49929810345445
396	57104	1.49884572514784
84162	8850	1.49788291112773
2319	84232	1.49778170422573
22878	94104	1.49342828040181
22908	545	1.49293378135051
10572	84153	1.49174105223147
4150	7040	1.49123354837518
28988	84310	1.49092927627926
441151	655	1.49045241923829
6136	6210	1.49015618435169
115939	5585	1.49001402340875
25792	7917	1.48953371027693
53615	7040	1.48914461156978
1385	9735	1.48802006941797
4820	5922	1.48756706030968
115426	55082	1.48744616762736
6175	6208	1.48695147419706
79811	80012	1.48669490631873
659	79921	1.48509820954617
6193	6194	1.48426692794345
10893	221	1.48399668780712
133746	80012	1.48291193179459
23347	84196	1.48096738474958
23456	57708	1.48095343896707
23347	25836	1.47995563649611
23770	5605	1.47842092579789
113178	57104	1.47784059343261
5926	80012	1.47670238672797
23318	7767	1.47587925598994
122773	151613	1.47501782656827
153222	253260	1.47428884219049
25864	373156	1.47378785707855
125950	5589	1.47368855612608
22955	8862	1.4732472847497
65056	9702	1.47306262056251
157680	5586	1.4717472946711
23347	85459	1.47060743987416
545	9984	1.47021070320177
1915	6193	1.47010993454641
5692	5695	1.46996729954446
51068	79876	1.46947019449819
2778	3106	1.46878691578533
6654	7072	1.46789573966392
4345	57184	1.46703903687023
493	9855	1.46511185805962
112950	740	1.46450187152698
7094	78994	1.46446623020584
114803	56204	1.46422995547272
8545	9101	1.46229036996814
23041	55669	1.45971966571061
2319	8733	1.45965914205228
51614	738	1.45862239893318
7040	84232	1.45637561710563
23347	9295	1.45561554181435
55023	6093	1.45532181463429
55814	5926	1.45510486067609
54505	94104	1.45497345648848
492311	5813	1.45321518408691
10772	23398	1.45320195189105
255967	55758	1.45217895525633
151987	23350	1.45104214250668
6881	738	1.44915454585779
4849	6813	1.44848095468099
79798	8568	1.44815449280012
10150	25836	1.446089323909
23398	9295	1.44103031864113
10443	7273	1.4388194095504
25836	546	1.43868980817213
6141	6233	1.43824828015521
79982	9857	1.43804103799292
26986	6164	1.4363257911692
115939	4201	1.43582833447104
5546	79171	1.4345179192545
55023	57187	1.43403762179407
2589	55914	1.43284929071973
6122	6205	1.43094427199379
26054	8899	1.4305822302211
54539	738	1.43021615034949
10893	65268	1.4294235277827
23398	9147	1.42907267873552
6152	6223	1.42836680134763
5605	79180	1.42818520263718
64319	79650	1.42684160693161
51272	6844	1.4247153563354
53615	84619	1.42390487936145
64844	8452	1.42369808507714
5478	6175	1.42159116461875
6159	6161	1.42079190465706
25836	55023	1.42007412991161
161882	255783	1.4187230228024
53407	6047	1.41827470646306
23244	6935	1.41766561724903
6133	6159	1.41753776294006
29924	57597	1.41713312715678
3105	6135	1.41674944335088
11152	6881	1.41628849788932
6147	9349	1.41473609499017
23190	51762	1.41440571705819
54602	64764	1.41326382399461
10980	4191	1.41321546460016
26054	55814	1.41314908702412
6206	6230	1.41285220006964
3106	6194	1.41269809766349
81502	9092	1.41260802306232
132299	7385	1.4115237207506
79921	9338	1.4100007284374
130872	90594	1.40998503507826
284297	348180	1.40679353913031
6136	6167	1.40676120954766
6198	8545	1.40534210568616
55015	9044	1.40473050575002
3113	9168	1.40470118225212
83700	9922	1.40408861155756
78994	80774	1.40345946170003
79876	9039	1.40340715035076
6208	6233	1.4032260543371
140609	9859	1.40296092069686
10263	5216	1.40156793476135
567	6122	1.40147075224715
122704	389541	1.40080393504183
6234	9349	1.3981090803658
146429	7425	1.39762669690425
57104	6829	1.39591502775655
207	8907	1.39459248259764
6133	6193	1.39387042334467
7040	84926	1.390918469872
6170	6222	1.3908597246407
396	84514	1.39047796031682
10735	167227	1.38899406217076
10452	115708	1.3885244521228
54976	79798	1.38820684210416
50810	55824	1.38820309181016
2549	64764	1.38744386415234
51426	5286	1.3861935575842
10772	79811	1.38617789520409
10181	55608	1.38453706771973
10274	23390	1.38386033828667
10735	9702	1.38245860868467
128240	51079	1.38052380150924
22868	23451	1.38018456560338
114803	5926	1.37917795918751
122553	50808	1.37855348128662
7009	84987	1.37792286641819
150275	8463	1.37769145721391
3572	64764	1.37755469641111
5478	6201	1.37703001725904
23770	56949	1.37675790552469
10075	6201	1.37593366599461
6167	6175	1.37489828579347
150223	4904	1.37444721546758
29945	5562	1.37416195048434
122773	94101	1.37302133187772
51363	55356	1.37118795915543
114803	80012	1.36982428343746
151613	9988	1.36982316363144
6892	79144	1.36932785692238
4150	9092	1.36931877959232
6171	7311	1.36796809466453
4946	6152	1.3665517206216
54737	58487	1.36653248075031
6136	6143	1.36588207542574
57187	79811	1.36586825574991
10735	25836	1.3656992912401
6935	8559	1.36556123711415
5589	6881	1.36396506700011
6132	8666	1.36305445322069
115426	255967	1.36227935491331
2687	4975	1.36131164001641
546	6093	1.35978734530837
85012	8832	1.35880455285346
197370	2644	1.35827238267557
153222	9859	1.35822202311198
1915	3122	1.35684338063597
10735	8545	1.35443126325993
26986	567	1.35324289647962
2512	3105	1.35320588683694
23451	9735	1.35231663539026
23390	57337	1.35181533179148
10443	79027	1.35180273567238
26019	84081	1.35153655980718
220988	51742	1.35124329805738
78994	9546	1.35062858779685
23262	84458	1.34987011868616
23347	3799	1.34910759337875
2687	64753	1.34833605352758
79800	84874	1.34786532634955
54464	545	1.34749624328725
6129	6171	1.34599969455404
6164	6170	1.34550447587448
2512	6227	1.34295396792115
2073	4548	1.34179113825184
23398	64417	1.3410738151713
1337	5250	1.34001772219036
51742	55758	1.33897809330745
79811	8899	1.33852646435626
1059	23523	1.33737757593298
113178	7094	1.33669678312148
1019	7009	1.33633866574127
6155	9168	1.33587848680417
26054	94104	1.33573878539201
1639	25792	1.33533845586869
10893	79798	1.33516782976627
26122	51719	1.33504435613811
6165	6167	1.3350028013497
79811	905	1.33449450155686
6175	6222	1.3327597775599
11007	53615	1.33259864087371
6949	79798	1.33258310025055
51574	55914	1.33173703450867
4345	8631	1.33110725462312
26054	905	1.33087082970278
151987	167227	1.33060503645891
10114	989	1.33016257515194
22908	56204	1.32998338846535
26036	5586	1.32665352584997
373	54891	1.32411524061257
6187	6233	1.32398751651606
339745	81611	1.32305989199907
10735	26046	1.32304948602394
26122	55758	1.3212378362033
6128	7178	1.31880861082362
122553	54737	1.31802106121692
23376	2589	1.31662862303922
1639	23770	1.31651662472686
162	79144	1.31571516284046
151613	54801	1.31529478013407
6201	9168	1.31511856339146
26054	8850	1.31231361369619
10670	26003	1.31221165310885
5034	5605	1.3104840158638
79039	79798	1.31046012116373
7040	9092	1.31002684543914
1347	5692	1.3100096210206
10746	8545	1.30804860819222
7316	9168	1.3078007930199
5478	6136	1.30743850691685
353	5216	1.30718432473978
51735	57508	1.30574284071591
6156	6159	1.30497182189773
353	55611	1.30429330746055
10915	545	1.30370069977817
257218	80012	1.30369376684527
3035	84266	1.30166247518107
79876	9652	1.30161489515707
4090	51742	1.30156666543196
113178	55690	1.30142781274937
23390	8559	1.299738226141
6170	6187	1.29908057551114
10735	23272	1.29879086555013
29890	4669	1.29855402534485
4924	55593	1.29853203406549
10554	6844	1.29797058820069
55660	9728	1.2970839871249
26019	55023	1.29696160409493
441151	57636	1.29598038923234
151888	55356	1.29505015855495
4174	8721	1.29384556418711
4849	79735	1.29363197094799
162	9092	1.29323670517067
11092	2687	1.29311551041487
55128	5987	1.29218450728502
148867	1783	1.29108744850654
10772	9044	1.29050608211238
55183	55660	1.29041247853217
3717	79800	1.28976207751622
23038	55690	1.28919943343045
151987	23512	1.28918411685133
84458	9988	1.28912435051748
6233	9168	1.2890060049096
54776	6829	1.28870796937349
23347	23390	1.28797982517016
64764	84830	1.28790588949278
151987	2332	1.28784392226486
1399	51603	1.28784130526828
2005	3842	1.28678120445083
10893	2931	1.28584399956602
51363	55604	1.28558992921105
151888	55604	1.28498169031964
51742	55183	1.28411019298315
23262	23443	1.28398668512564
29945	56204	1.28344885886835
55102	9849	1.28334351438294
151987	4976	1.28117085365383
746	8409	1.28036207344993
4154	55291	1.27989153455353
6136	6204	1.27959032769794
133746	5926	1.27886687168152
57104	6813	1.27851297194418
23443	79811	1.27814594823125
114327	9666	1.27809802207444
23398	84458	1.27804776678349
27090	7351	1.27775901583241
51234	7818	1.27539159729984
2687	79444	1.2747697306623
84232	8567	1.27467716123433
10772	9988	1.27323500519731
112574	4919	1.27126056427245
9044	92344	1.27125831819227
3842	4012	1.27125217408723
10640	8087	1.27104023171094
27071	56987	1.27086132254349
1639	5589	1.27078000079018
10443	10724	1.27038372409258
283899	64755	1.2702331099159
114803	79811	1.27002376112321
6152	7314	1.26963784153159
10915	25852	1.26908001399999
11215	9617	1.26693843262872
2907	5605	1.2668472493439
2931	375607	1.26584405629936
50808	65110	1.26485071641782
51128	51527	1.26315913157405
23275	57455	1.26292087160036
55660	7707	1.26181686818403
6233	6234	1.25912007422964
545	7181	1.25840368512908
124446	25864	1.25706898442369
2783	5589	1.25675301362609
151987	8087	1.25554125609194
2197	6159	1.25394466004672
4345	8832	1.25260716369186
26224	2744	1.25176916157966
1915	6136	1.25042716881811
10893	93611	1.25009136028881
26020	6881	1.24956467241487
54906	79982	1.24955733757554
2820	55619	1.2495441416236
3106	6234	1.24946751285859
2319	4924	1.24934675705753
23268	79921	1.24895409688834
58487	79800	1.2488921583288
22913	79002	1.24871691817001
5586	6198	1.24825552789578
23265	79002	1.24759351264145
23770	90379	1.24735170773994
6167	6230	1.24670180604369
55758	79670	1.24654886517654
23398	51735	1.24487000566478
11007	146542	1.24485923898106
25852	79598	1.24354968776023
2197	6141	1.24314108630122
23347	339745	1.24289592910475
6093	8615	1.24240858144935
3001	3003	1.24118162224496
253959	84458	1.2405749191756
26046	84081	1.24037677043444
116068	51128	1.24011886967274
6171	6227	1.23925672097841
2319	79144	1.23915435330201
27107	90592	1.2378165770264
6156	6193	1.23674423881801
4689	79095	1.23651388994774
3105	6206	1.23637219162591
6193	6222	1.23607351883783
10735	23379	1.23559146217945
7157	7351	1.23481785512143
23348	57695	1.23440719686157
10574	10856	1.23373040410759
162	4150	1.23370442841616
129138	7376	1.23332065317783
23275	26470	1.23290038954388
57551	79718	1.23166674780116
57104	84231	1.23153528217004
10150	373	1.2290110732938
23390	6935	1.22871926605401
54801	79811	1.22825984087702
122553	55667	1.22695900560917
4975	7429	1.22689237502518
253260	3799	1.22648624763458
127687	191	1.22623621871137
26019	55031	1.2254398003257
25836	54464	1.22476969484212
51575	54165	1.22446601545242
4121	55356	1.22439237156455
54863	8402	1.22424865760073
253260	324	1.22417472792823
115350	115352	1.22369982914377
2512	5432	1.22231593448832
2180	54836	1.22219625500835
6152	6235	1.22186426654882
6132	6228	1.22173771966798
79444	79798	1.22166539297946
2687	9719	1.2203399097005
10600	114803	1.22017869841602
6136	6161	1.21955168691835
58509	9810	1.2189606933936
26054	5926	1.2176107122795
6209	6229	1.21752151411641
1639	23523	1.21698150157711
655	751071	1.21537994683547
6135	6169	1.21502681082983
2319	51291	1.21482178069191
1834	57555	1.21457786033471
55017	8655	1.21385647237985
26986	6175	1.21362518199264
4012	57551	1.21235214833928
202915	221	1.21226801131401
4150	5605	1.21129447430258
167227	54464	1.21015821334649
1639	2907	1.20980024879599
116449	85012	1.20900654051371
2332	54989	1.20842078246273
567	6193	1.20823647229234
55356	79921	1.20767304739121
3133	89846	1.20586978031026
57597	57817	1.20569765085593
23358	27107	1.20522387138383
348013	51512	1.2044992675384
10735	286410	1.20424482826837
7040	79735	1.20378671097595
283899	7094	1.20366443978786
115426	64062	1.20311348916873
202915	348180	1.20276184022679
51176	84830	1.20191469220247
115939	7040	1.20133339347796
54953	79982	1.20005946397234
396	55690	1.19994725473401
6187	9168	1.19937337141741
84458	9859	1.19934107329033
23443	5926	1.19909427343131
10254	64844	1.19863044174701
153222	9728	1.19847867637841
6193	6230	1.19838230683805
26147	60489	1.19752701321816
11047	7376	1.19720313531179
10411	2331	1.19687588652008
5757	7311	1.19687339822487
5478	6128	1.19606425090881
23244	324	1.19592696337995
10443	55619	1.19490051066322
546	57187	1.19475093787619
23770	2907	1.19473325812703
10150	94134	1.19417204874834
10150	285172	1.19368441076456
116449	282991	1.19315609071178
6135	6230	1.19290742095202
6892	7040	1.19233329364626
23405	57534	1.19219043920324
6147	6167	1.19186456515231
5034	79095	1.19124859819037
51426	54801	1.19115443575943
153222	5286	1.19064399271151
65986	7803	1.19055322782734
55690	79735	1.18906130451765
29888	6813	1.18866617201926
3113	3122	1.18862247000412
23272	54832	1.18853712848896
26470	6337	1.18831126401123
6136	6176	1.18692407776342
10554	4924	1.18466717621338
5034	8567	1.1843892769706
10893	57731	1.18416176602146
6811	84514	1.18350620807188
57531	57560	1.18338177051008
6122	7178	1.18312440052122
261726	9043	1.18266855081115
22878	9147	1.18211816897694
26273	27107	1.18093850958779
8879	966	1.17990101745403
6210	9349	1.17984376593904
6152	7311	1.17905217672927
57863	9394	1.17863346232735
6227	6233	1.17861044100443
51575	54953	1.1770771810477
83442	8907	1.17687735344525
10893	5338	1.17610982605436
10181	81669	1.17586122455448
10120	149603	1.17582365012202
3735	5692	1.17508424931837
255967	55717	1.17491198311083
6201	9349	1.17342123325369
6188	6235	1.17131941609369
375743	6670	1.17079680558971
116068	80010	1.17077844204262
11331	27335	1.17013648025739
3106	6176	1.16934985647787
2931	63827	1.16932732997431
6160	6233	1.16856067625188
1639	6813	1.16794150476596
6122	6169	1.16793707815065
26229	9546	1.16735550721669
143	3162	1.16686082038332
6229	6234	1.16626170863235
3106	6222	1.16624603575972
151987	7072	1.16609823697835
23347	26054	1.16598521058917
567	6233	1.16551708539681
10589	23523	1.16549630348333
253959	285172	1.16541290231779
396	5034	1.16524059657451
6169	6175	1.16522760165673
6709	6830	1.16492541618719
124565	396	1.16447485798954
148223	66005	1.16416428867097
146542	5447	1.16373003237697
57120	8615	1.16327891598199
5478	7316	1.16199794260911
53344	54801	1.16143314695668
6133	6167	1.16139778391522
54862	79798	1.16129672466945
6132	6175	1.16067900104537
55814	91452	1.16034944986132
257218	53344	1.15923106976228
11201	64770	1.15896799048419
2744	54737	1.15881470065035
6159	6208	1.15861014696682
55914	6815	1.15860684523305
153396	257218	1.15685141927975
10150	55183	1.15543242177685
6132	6187	1.15526465292032
6165	6203	1.15445545191341
1337	4704	1.15442029471154
11092	79798	1.15224624393267
125950	7040	1.151408763679
5286	55660	1.14990173171808
10632	65991	1.14989167101345
55619	55758	1.14906015855199
23379	6814	1.14897167278114
1834	338324	1.14860016425132
26054	9736	1.14844246658993
54464	55183	1.14636327187473
6129	6176	1.1462641929667
54867	7040	1.14558482652949
23390	9988	1.14545509947686
23347	253260	1.14542640282627
54867	84232	1.14501715252844
2999	3001	1.14323810719119
23523	23770	1.14323025780678
6129	6143	1.14316191322412
11092	3993	1.14308799795013
161882	2319	1.14279572208588
7351	84885	1.14253980410208
51430	84162	1.14217616335094
26229	51343	1.14159230473576
203190	441151	1.14147212943925
6193	6228	1.14096477802672
57560	905	1.13928181932392
659	91404	1.13899789715724
55004	79002	1.13883772307021
23347	80012	1.13871034775879
10155	10362	1.13846853628711
144453	221	1.13845377468846
125950	2783	1.13812658931994
51742	9874	1.13737256382842
396	5585	1.13721326769263
6204	9349	1.13694761586303
8545	9859	1.13663781447649
151613	23451	1.13578379621426
4820	54906	1.13542220482757
347735	79798	1.13537144319152
5143	55771	1.13529174815003
11007	162	1.13488262045475
396	513	1.13486504295263
51742	8661	1.13279709375222
5524	7040	1.13200094268629
338707	441151	1.12886242503949
23350	79876	1.12858437676921
157680	54953	1.12779508182782
55055	9879	1.12656501807124
25836	55031	1.12648266995153
65981	90592	1.12627410405665
4698	7411	1.12533651624308
4919	54438	1.12522183480368
28957	29088	1.1250346523173
57597	79798	1.12447942560946
60487	905	1.124121529406
151613	92344	1.1228508192991
11051	51534	1.12226751205312
79811	79876	1.12182527867018
6155	6176	1.12107164144859
51386	6138	1.12072117512473
130872	26098	1.12030795945305
545	57337	1.11960526533906
23350	57337	1.11947630065202
119	79817	1.11941885494011
6158	6170	1.1192932977467
2319	5034	1.11925745533248
1639	3069	1.11908654784145
7351	83442	1.11896305798596
10746	6198	1.11896161897958
5290	9101	1.118934614288
23515	7337	1.11852396333823
6132	6159	1.11841850082459
6576	79002	1.11840167722983
57560	8559	1.11707555075087
10915	7181	1.11667284564964
153222	5290	1.11664711546224
10555	146542	1.11612639014521
54832	79811	1.11541904131038
10290	56123	1.11497490780949
25932	404550	1.11451985695424
10274	23350	1.11446806970125
253260	26036	1.11400182837198
127544	79171	1.1132247228616
221037	9044	1.11318304948588
6881	7917	1.11275134537285
140890	167153	1.11272571171698
51466	6625	1.11202223450414
167227	56889	1.11200775276638
6170	6176	1.11169755569105
26054	55023	1.11160177170174
11224	3106	1.11136618216034
78994	84514	1.11121851766303
8899	9439	1.11120734992073
57559	7581	1.11110433504423
51575	79982	1.11055072783131
6001	966	1.10973819404269
140701	29924	1.10962670641943
5585	7040	1.10946946989175
23318	5926	1.10942447319932
5605	9546	1.10913249732831
26986	6159	1.10908692962003
29924	79444	1.10904842468262
10915	23243	1.10858153251116
3297	8175	1.10833654836966
54906	64848	1.10796714192036
10254	10484	1.10778459259509
23390	253959	1.10773011434806
253959	26054	1.10763918587664
151888	90634	1.10680057651133
6193	7316	1.10676427622109
3799	55031	1.10640752410023
23770	5970	1.10537780170582
1105	7175	1.10435462530009
513	7917	1.10335435543904
6175	6228	1.10319162036196
55088	64844	1.10313882123989
5478	6210	1.10278907104819
253959	57551	1.10253766396775
207	7351	1.10194540647309
8467	9126	1.10137844988336
2073	6670	1.10092344675268
23390	9984	1.10009182673301
54467	81611	1.09986216937064
56204	57614	1.09845713701826
143279	65110	1.09845052995624
29924	51512	1.09835629674726
26122	55619	1.09805509130853
23275	50943	1.09775899205109
2319	54890	1.09761742566886
5692	9343	1.09725881965164
5725	6881	1.09695677693926
26054	9988	1.09637530636387
50808	64844	1.09623653014639
23347	6198	1.09547190654175
10274	79876	1.09481950712054
23405	54467	1.09455001393986
23523	9546	1.09435434947987
64755	84514	1.09429546922792
396	51343	1.09418823530679
115939	2783	1.0923940202191
151987	26054	1.09199216436585
55660	79982	1.09193109986963
114803	64848	1.09105028929131
55015	8899	1.09054582393964
3105	6229	1.09038952820154
5216	6892	1.09006780678806
26003	55905	1.08985283459102
153396	56204	1.08959332163439
7750	79982	1.08900953001674
1075	3421	1.0890035495188
4012	9857	1.08892493236917
218	79798	1.08847380950876
57104	90379	1.08828219973443
10632	1340	1.08777004738094
4069	6280	1.08709383280793
5605	84514	1.08691775716186
6168	6170	1.08505911156981
54464	57560	1.08401454571384
1212	5605	1.0824498974356
55004	7351	1.08242387226815
51430	57560	1.08177603661774
375743	79670	1.08146579803836
6188	6234	1.08124146993803
221	57455	1.08103618728035
3105	6201	1.08052322326281
54464	79811	1.07997997741011
1378	9315	1.07804962857237
6844	84836	1.07746575081255
375743	55758	1.0773361696992
57731	65268	1.07672809818241
10007	10575	1.07434635549818
6191	9168	1.07421456835883
5286	5586	1.07401009251125
54739	5610	1.07366220110578
114803	57187	1.07297478151134
527	738	1.07296975233406
22878	9774	1.0727066016718
55624	80764	1.07259521285454
23347	253959	1.07208989688924
51735	905	1.07189722473133
257218	84162	1.07156795782449
11335	6814	1.06978687732063
23350	55814	1.06936887166695
113178	26229	1.06862638414234
6881	84232	1.06814007099623
2197	6122	1.06778050415492
167227	26019	1.06702592091108
4298	84232	1.06669692229424
55023	9821	1.06654057313384
23272	8850	1.06560679590786
54801	84128	1.06532210375666
5478	6159	1.06524541980355
6232	9349	1.06450690386099
1739	27107	1.06242549005116
6205	9168	1.06226253189413
1059	51343	1.06173166804605
153396	53344	1.06091819382438
6175	6210	1.06087620304756
23272	546	1.06065182698297
11177	8850	1.05893872230644
10075	7178	1.05886004188094
2091	27335	1.05883501055282
146542	23038	1.05809349039843
2744	55719	1.05807825709764
2931	64319	1.0572969117833
387921	79800	1.05692517951783
1456	9859	1.0566042124106
161882	5589	1.05645474793877
167227	339745	1.0551565370165
10555	79039	1.05446050588831
26046	6093	1.05430652511766
285172	6670	1.05308131296972
1327	6748	1.05274006181464
221037	9205	1.05267686787277
167227	23390	1.05194889925938
56204	65981	1.0517965623247
146542	4669	1.0505849302291
6164	6233	1.04799526413809
4849	7040	1.0479322088354
79811	8450	1.04787162803448
513	5589	1.0469663315647
23443	905	1.04653813647382
113178	54867	1.04589100258707
80012	8850	1.04407850729083
1456	79832	1.04365880379055
23190	8615	1.04336543852595
153222	54891	1.0433087002115
1915	6152	1.04291653022218
2512	6136	1.04268195682947
4849	55593	1.04264175763859
79921	84830	1.04197024597593
79646	79718	1.04174818917774
26273	90592	1.04157790071421
23770	9546	1.04115218669506
6170	6232	1.04092104555436
23063	8452	1.04003825068729
23405	57721	1.03968586071662
1629	55119	1.03948109308663
6143	9168	1.03939440906589
396	6829	1.03938930738674
197131	23244	1.03904645496713
10150	9857	1.03841844072457
10452	375607	1.03809463771294
26229	90379	1.03784702071126
6136	9168	1.0377082071011
253959	51426	1.03696696117623
396	55643	1.0368783785311
1456	1657	1.03684399629757
50808	5378	1.03630895469678
6159	6165	1.03565722153626
5478	6222	1.03354420297613
253959	9849	1.03349357215513
57551	8545	1.03276290086764
6136	6235	1.03215391180565
162	6813	1.0318528598471
7767	8899	1.03178729081236
10443	26091	1.0312794889436
282991	51363	1.03087200788382
55119	79982	1.02991704623196
5478	6188	1.0288826990189
23523	6813	1.02857572094298
11031	4121	1.02738234286282
23350	257218	1.0267205423712
7155	8036	1.02655468999179
162	57104	1.02605255415923
4659	54464	1.02576859944365
22827	60	1.02403089109252
10589	5589	1.02399207398253
3717	55619	1.02365138747178
3122	7178	1.02332508644312
6129	6168	1.02213406191677
10554	396	1.02118391366741
10452	1302	1.02086251358947
6169	6201	1.02050601318664
51150	79903	1.01792407996114
6892	79180	1.01787660652706
23405	3842	1.01721311147793
10772	339745	1.01716539878874
140890	64848	1.01596740540956
3762	4975	1.01270868224562
283489	55281	1.01163333041573
2197	7311	1.01082419285754
23063	54737	1.01077770913072
8545	9857	1.01037628666879
23215	5586	1.00993550318201
203190	6337	1.00942892401032
26986	6234	1.009398785396
27095	5689	1.00858029940458
55690	90379	1.00850806887992
57092	9774	1.00766266147168
5478	6122	1.00761559663197
10725	51426	1.00690205497579
6049	8615	1.0067430845516
10735	339745	1.00450505943785
9101	9857	1.00434536112644
3122	6147	1.00421318945405
5286	57187	1.0029105402118
373	80155	1.00241032582112
255967	54737	1.00200368051828
161882	6844	1.00199342243104
23272	55031	1.0014475213336
113178	5605	1.00016304120208
6522	7917	1.00009604733917
11073	57560	1.00006832619471
