1278	1281	3.78057491051671
1278	1290	3.78051321537674
1277	1278	3.78047942916201
1281	1290	3.78047446744209
3151	57570	3.78043910343922
6192	9086	3.78040643828436
4666	6167	3.78006052422768
1277	1281	3.77984056104635
8287	8653	3.77976947909776
6192	8653	3.77976809595299
8284	8653	3.77923078218571
4707	9556	3.7786876408198
6167	6170	3.77840998128053
6167	7178	3.77808261590186
4493	4502	3.7780009917557
1277	1290	3.77766672055183
6192	8287	3.77646530496042
8284	8287	3.7764642068018
1278	1289	3.77644104897024
6171	7178	3.77589810429741
8653	9086	3.7758419519701
6167	6171	3.77535721867858
1290	1293	3.77518105915104
6143	6228	3.7751454381406
4983	85019	3.77483456227791
6228	7178	3.77397877236228
6168	7178	3.77226386115645
150678	9556	3.77177709108633
10412	689	3.7717712060169
1290	5352	3.77154627405267
6136	6160	3.7715027225814
6194	6228	3.77083692222608
6147	6171	3.77081198516346
1915	7178	3.76968697111375
6152	6161	3.76889693564812
8287	9086	3.76888793561041
6128	6217	3.76865481152645
23264	285231	3.76762924141602
474344	55303	3.76740568801058
4666	6194	3.76684133630737
6143	6217	3.76681286091041
1349	9556	3.76660753293178
6192	8284	3.76643771432624
4707	84833	3.76592602553158
1277	1289	3.76532051012139
1349	4707	3.7644209500935
8284	9086	3.76342873266029
4707	514	3.76288238740017
1289	1290	3.76264528035544
1281	1293	3.76242032179403
1281	5352	3.76222146712895
6143	6147	3.76202370937563
1033	983	3.7617870998181
6133	6167	3.75891485947419
1350	689	3.7582594828049
6128	6143	3.75787580232349
6633	6637	3.75777145457423
55771	57486	3.75754357258755
1278	1293	3.75704583964476
6637	84833	3.75693620734526
115362	2633	3.75675794852877
285231	84267	3.75647791865089
4706	4711	3.75593477670925
84833	9556	3.75517626860982
6217	6229	3.7551227777553
4711	84833	3.75475526067116
1349	84833	3.75454251337805
51187	91408	3.75426512810239
6171	6228	3.75397098853503
6204	6222	3.75360244490658
5143	8621	3.75318480731306
6633	9556	3.7527293795695
515	6428	3.75241789334224
5440	56943	3.75185484321472
51187	58505	3.75150968591963
3106	3107	3.75146153932105
6136	6156	3.75009118774688
6156	6228	3.75005085460193
4666	7178	3.74968134873495
4706	64960	3.7494531617919
115361	115362	3.74838665670887
4707	6637	3.74815483233719
3094	515	3.74791545299008
51187	515	3.74632452904402
150678	514	3.74429537002206
4666	6228	3.74386448120453
401466	4707	3.74317549505178
6136	6161	3.74279946034103
1915	6228	3.74249965885321
6169	6228	3.74224256053327
4711	51188	3.74171083573543
57486	90338	3.74148803979235
4736	6171	3.74128205275784
1281	1289	3.74013821880245
4706	84833	3.73975471414988
6156	6210	3.73941773891017
51371	84833	3.73807333092558
6143	6222	3.73771166754055
6210	6222	3.73690407408351
401505	6637	3.73628123198234
689	9045	3.73590841494212
6222	6228	3.73504457451807
401505	51142	3.73478435435753
4736	6152	3.73422617037435
4085	983	3.734005767871
51371	6637	3.73356619124211
25994	80145	3.73229645936098
4085	58505	3.73190387862154
6210	6235	3.73126577368873
515	9556	3.73110420782734
4666	6160	3.73030661355348
29089	983	3.73018537695292
401505	4711	3.72921854916506
3106	3134	3.72921055922737
6210	6229	3.72873346901402
4666	6230	3.72849165125106
6169	6230	3.72757005455894
100129792	5143	3.72606965566043
6133	7178	3.72503026810216
2958	84191	3.72470263402357
4738	9553	3.7232388607171
6228	6229	3.72261528881685
4707	515	3.72258878614202
6147	7178	3.72226889951464
6133	6160	3.72167252912315
4706	4712	3.72158764719673
57486	79939	3.71951568461004
3094	4707	3.71839477028994
115361	80830	3.71800595264698
6161	9045	3.71760148292631
3003	387357	3.71726003226826
5143	57486	3.71668058514028
5440	55863	3.71597334148089
285231	5143	3.71505481355364
84191	9553	3.7146328172168
830	91408	3.71426759508579
6133	6171	3.71383833743177
1350	6152	3.71163651565949
57129	84833	3.71157389139782
58505	9553	3.7111786878188
23213	3624	3.7110300239754
4711	57129	3.71051807131745
6167	6228	3.70920078173478
6147	6210	3.70818454567721
3094	6500	3.70678086625045
4666	6133	3.70578984226404
3134	3135	3.70538175507374
515	6637	3.70482215577972
1278	7058	3.70418759605902
6168	6228	3.70381983572537
6152	9045	3.70351345188311
6147	6170	3.70284678687838
6161	6210	3.70282249833286
6138	9045	3.70119069630705
25994	4711	3.70001082487997
6138	6152	3.6971795523898
2335	7058	3.6971598957821
401505	80145	3.69655766979378
6147	6161	3.69568740780766
6171	6191	3.69505726191916
4711	84191	3.69446311624609
6156	6235	3.69279912175149
1915	6143	3.69115716035808
51128	58505	3.69048818865938
10632	2197	3.6893658102446
9553	9556	3.68900977304158
10075	7178	3.68753599868512
4736	6161	3.68670788728003
6136	6210	3.68600186571042
4869	689	3.68595191260558
29880	6428	3.68371055078868
6143	6229	3.68358626544465
6500	9556	3.68323796759012
4707	6500	3.68162151374394
6156	6169	3.67910840741245
5143	84267	3.67824227611273
514	9556	3.67598726273787
6160	7178	3.67459311871026
3001	3003	3.67447958171453
6204	6210	3.67379367444826
1163	9556	3.67164816289769
4666	6201	3.67103154563906
6168	6229	3.67092427139444
4736	6136	3.67047968475078
6160	6201	3.67023205403585
6204	6217	3.6678232689057
51187	6428	3.66728399976551
51371	84191	3.66716660344202
6170	6228	3.66639867946346
3094	51287	3.66535941736218
55742	800	3.66479085706884
3627	6373	3.66346582667359
1278	1462	3.66212404238815
6147	6156	3.66199879326647
29880	51187	3.65939350278241
401466	5440	3.65822768175835
1349	6500	3.6574478282871
6637	9556	3.65523882608637
4711	9419	3.65362281935155
4666	6171	3.65333845420609
4709	51187	3.65310320828134
6143	7178	3.65276546462373
4736	6191	3.65069350308269
6143	6171	3.64974304897111
3624	7058	3.64870661998653
6210	7178	3.64839853129742
6136	6143	3.64811316849862
6136	6147	3.64802562244251
514	5203	3.64787524197476
27089	9553	3.64786244586432
4707	51371	3.64688232503629
6164	6228	3.64599927503381
6143	6160	3.64479774112636
4850	58508	3.64448761070115
5685	9377	3.64247760010147
170960	5143	3.64238534453237
514	84833	3.6421365102041
6210	6228	3.6421353857443
4736	6204	3.64133472595215
1634	4060	3.63762029991135
10975	84833	3.63659879307148
51371	6633	3.63600722748545
3094	6637	3.63438178807406
5204	6500	3.63359214215923
1290	2335	3.63234861786517
51187	6637	3.63035080672462
4736	6147	3.62995500425257
1164	51649	3.6284928015143
1278	2335	3.62535258508001
4289	58508	3.62310198965097
4495	4502	3.62277901188769
23213	7058	3.61996453076525
5203	84191	3.61922022040958
401505	84833	3.61835352223166
3281	9556	3.61674771946784
25994	51188	3.61627922766099
1281	2335	3.61617527169294
6156	6206	3.61327263604815
713	714	3.6095203639661
401505	57129	3.60896244538816
65991	9553	3.60875216177877
6170	6171	3.60767231125502
1278	5352	3.60760919772944
6170	7178	3.60710795593018
115362	2634	3.60701117638593
6156	6160	3.60658072131479
1350	6635	3.606347391824
6133	6136	3.60299865537526
4738	6391	3.60171112674404
401466	401505	3.60143161934296
150678	4707	3.59991734797127
51187	84191	3.597625963657
1915	6168	3.59675565770399
4666	6170	3.596559207612
285231	8621	3.59641630206518
6147	6167	3.59571237974067
6147	6228	3.59513808985634
6160	6222	3.59321202325077
4707	91612	3.58985086523071
23264	57486	3.58722688883357
51510	5440	3.58647594753429
25874	9556	3.58515242813148
515	689	3.58371732783873
51397	91408	3.58194986160195
51187	81853	3.58191834694039
4666	6136	3.5814678119248
6136	6152	3.58047972291151
10959	400	3.5802214132994
6161	6222	3.57882424709675
51510	830	3.5778431135267
4711	58505	3.57709511353364
6143	6204	3.57680837800562
280636	4707	3.57399081292631
401505	51188	3.57330097329837
10476	10632	3.57233452775667
522	539	3.57220502803019
401466	84833	3.57063201669218
6160	6228	3.57043772013271
1329	81892	3.56989305593638
401505	64960	3.56985243883688
6129	6194	3.56919000852905
1290	1462	3.56749710664906
1508	2799	3.56594742215885
51714	5440	3.56500279509293
6160	6210	3.56262144000755
6133	6228	3.56069685024926
509	515	3.56054723999197
401466	9556	3.55944721107378
1964	23658	3.5593129499553
10412	1350	3.55825679985838
401505	4706	3.55480410017894
6206	6235	3.55396255334732
6147	6191	3.55023235850625
6136	9045	3.54559198677884
9551	9556	3.54544459448934
51371	9556	3.53937847726913
10190	51649	3.53877113271473
4738	6633	3.53690764413892
5440	6637	3.53677006044507
401505	51649	3.53645784945109
170960	5228	3.53620542606192
170575	64919	3.53421916326189
2958	58505	3.53257182392358
27089	4738	3.53205599614818
51371	515	3.53036662536264
6156	6161	3.52984700153147
84191	84833	3.52874265875762
6147	6155	3.52668270098384
6228	6235	3.52639854878773
5143	90338	3.52538588863235
401505	4707	3.52408811873786
6136	6222	3.52255298963587
4706	51371	3.51764539518731
7544	8653	3.51736738277431
5440	6500	3.5166801732059
6921	84833	3.51635468844958
4711	80145	3.51624639214135
8649	91408	3.51439752175768
150678	401505	3.5114624309634
51371	57129	3.51020680268511
6152	6230	3.51010913019129
6500	830	3.5087380123214
401505	515	3.50861868379891
6128	6229	3.50518798702875
150678	84833	3.50273092052807
3094	9556	3.50220633316211
4707	57129	3.49998200159317
5440	6921	3.49811958198174
6143	6168	3.49484031212298
5440	830	3.49316954003749
51371	6428	3.48695067269992
6171	6222	3.48676358352918
5203	9553	3.48585716355038
4736	6155	3.48148502871745
401505	9556	3.47753183198828
6152	6156	3.46249680890451
4707	5440	3.45805503811266
51128	51187	3.45438854263231
4501	4502	3.45408318867477
51187	8089	3.45190238195571
51142	84833	3.45072554744419
51187	9556	3.44888932595539
6391	9553	3.44883795257551
6229	7178	3.44883793365997
401466	514	3.44805177893932
6156	6171	3.44720407344712
4711	9556	3.44396624333382
4712	5683	3.44271634963275
6155	6210	3.44077927124846
332	983	3.43569527050146
58505	80349	3.43313844228087
4493	4501	3.43178658065883
6143	6169	3.42924545753083
2958	830	3.42858189321019
6500	84833	3.42692143918198
28977	51187	3.42653314447692
28977	58505	3.42473305309875
8089	9553	3.42373015003117
10975	9556	3.42289532797677
51187	830	3.42111648768268
3336	9521	3.42009189923776
6160	6204	3.41782620040272
6156	6230	3.41586769975276
6428	983	3.41456147781772
4709	91408	3.41190897951054
401505	4712	3.41023212882639
6428	91408	3.40741105128586
27258	6633	3.40644771183907
51187	8487	3.40514456454841
515	6633	3.39833961641051
2958	51187	3.39625094326742
6206	6210	3.39581685050806
6157	6181	3.39387641179873
1349	4706	3.3929350611815
2958	5440	3.38935691768772
10190	25994	3.38731660537962
6633	6727	3.38723684667024
6217	6228	3.38662130470887
4085	55839	3.38382458822809
150678	401466	3.38202988001684
51187	81689	3.38083848278097
3094	5440	3.38051031334586
51187	5440	3.38049218794687
115361	2634	3.38042629315742
3336	6637	3.38000777755561
6143	6210	3.37836975402964
3281	9553	3.37811398044634
6156	7178	3.37565475254617
4700	9553	3.3753119488293
4709	9556	3.37496509610376
1854	5685	3.37466604109994
6152	6210	3.37281771521065
84191	9556	3.37251088646312
3094	509	3.37241801884922
10631	2335	3.36952979956639
57129	80145	3.36874878967787
285231	57486	3.36834445334455
1277	1293	3.36413736826018
1508	2752	3.36234972859206
1163	29089	3.36188514521397
10632	9556	3.36155671236922
3094	689	3.35995378678179
51187	6633	3.35911205265338
4707	84191	3.35572668964569
1163	4738	3.3552172041656
4707	84661	3.34900661170396
6161	6171	3.34503713521207
4706	9556	3.3446157479072
51187	7334	3.33879428618031
3094	84661	3.33549188305538
4694	9556	3.33240616115215
25994	401505	3.32757545616338
23264	84267	3.32476200717765
6194	7178	3.3217499998664
1009	55742	3.31841993253566
10190	57129	3.31781652759212
4711	4712	3.31693734813509
5143	5228	3.31640059735606
6160	6194	3.31350982577498
84267	8621	3.31116661450105
3094	51371	3.30960808303176
55771	90338	3.30718238674666
514	521	3.30186014608513
6204	6235	3.30061784243437
515	830	3.2959495387612
509	6637	3.29215199130076
6188	6222	3.29201364899669
400	51187	3.29097515604077
115908	4060	3.28970061977826
162394	64919	3.28566742682681
2633	2634	3.28478813456134
5440	84833	3.2833382276345
10190	5440	3.28262393986349
1163	4830	3.28172925247787
23264	5143	3.28057780538494
58515	9553	3.27927318241938
285231	90338	3.27885520000806
4707	6633	3.27667648568562
100129792	170960	3.27632716387826
1289	1293	3.2755926019112
6147	6222	3.27230600753895
6129	6228	3.27106781292861
4706	518	3.27097451910898
7544	8287	3.26897073679451
3017	8345	3.2685430503551
6152	6204	3.26719362198165
6167	6230	3.26674825535473
51187	9553	3.26571780641089
23421	64960	3.26148123519127
29880	58505	3.25715775796817
401466	6500	3.25463833561504
55839	983	3.25444279570746
6133	6229	3.25415439683488
1350	4707	3.25230693112121
6204	6228	3.25213681194494
6637	84191	3.24337340594003
6160	6229	3.24304999146115
6146	6152	3.23958349988605
3094	6633	3.23825592980047
4493	4495	3.23499466079169
5440	84661	3.23389719495775
5440	9419	3.23371320552597
4700	58505	3.23270078857025
3094	56943	3.23081451567304
6155	6161	3.22927285142259
6136	6171	3.22793408472256
1347	4711	3.22762301364965
3281	4711	3.22658804067373
2625	64919	3.22576967605972
10631	7058	3.22354503618617
11224	6141	3.22248312740095
6217	6633	3.2222200342171
10632	26521	3.22212653385547
5691	9978	3.2182035555618
6141	6203	3.21721914186706
5685	80349	3.21683701078098
4706	6637	3.21645933807546
4711	51187	3.21580127836901
6633	84833	3.2145328750071
23658	80145	3.21345563396512
10959	58505	3.21271630029992
518	84191	3.20992260185775
6171	6210	3.20822528920566
2958	4709	3.20614216563186
6129	6170	3.19987600250895
285231	81856	3.19807762931756
4707	6635	3.19791212535553
10959	51187	3.19487494075079
285231	55771	3.19373351658533
55567	85019	3.19219790037976
6201	689	3.19191453814869
2634	80830	3.18704624743805
4707	5204	3.18463781710536
10632	3094	3.18433606662665
6133	6147	3.18398847730404
1164	401505	3.17421406939583
6201	6204	3.16848300148858
7544	9086	3.1682299335738
51187	5203	3.16604084966892
29880	515	3.16436763464769
6175	6633	3.16381440596436
6228	6233	3.1625283514289
5203	6637	3.16027873667031
6128	6228	3.15831113388452
25994	51187	3.15798991177881
4666	6129	3.15662233610388
4707	55967	3.14436004373592
5440	58505	3.14290545424754
6169	6204	3.14202356770207
6155	6222	3.14101397643015
1070	539	3.13718037316175
4736	6146	3.13035034560339
3281	58505	3.12743938490637
10480	401505	3.12466921762327
6142	6235	3.12171804757432
29880	91408	3.11910297332211
2533	64919	3.11879903997328
6160	6217	3.11801218600045
6142	6175	3.11532110840579
1629	8621	3.11441649217298
6633	9553	3.11204338409231
6146	9045	3.10575223229807
11214	65125	3.10357881556941
27258	6637	3.10281174906896
6209	6223	3.10123880317884
5143	81856	3.10064272503373
6204	6230	3.10054698454487
58505	6428	3.09960815858453
122704	4707	3.09865537449322
1281	7058	3.09729899715345
27258	84833	3.08904886859165
4706	84191	3.08633259222373
6143	6156	3.07960633416733
51187	54534	3.07632805415274
2958	4712	3.06979028183998
64928	9556	3.06855371065096
10631	1281	3.06837160167412
6170	6194	3.06609396676148
6171	6204	3.0658545788646
6160	6167	3.06519421399868
10094	4707	3.06479896290937
51187	51397	3.06391722774529
6201	6235	3.06329552330728
23658	84833	3.06297897474214
6168	6171	3.06149569798263
91408	9553	3.05902867276175
515	58505	3.05840852888856
100131801	6500	3.05638786226509
514	6637	3.05197238252973
27089	5691	3.04833389468855
1293	5352	3.04567114100945
1349	51371	3.04321520792681
58505	6500	3.04222518592712
6133	6156	3.04192376277569
401505	7411	3.04187311640377
56943	6921	3.04160697892598
509	84833	3.03809941625514
6141	6223	3.03733464264853
170960	8621	3.03618443566969
4738	9556	3.03496989253967
1163	27089	3.03372036831349
6167	6194	3.02913003122662
6633	84191	3.02592790108444
440145	54205	3.02308704462201
58505	9978	3.02116574005107
1350	6500	3.02106559015304
58505	6391	3.01758713537078
4707	689	3.01510006291401
1070	515	3.01471659207447
515	6500	3.01438386273233
6155	6204	3.00844344874013
10632	4707	3.00781543041542
51699	5440	3.00748170184609
51645	6428	2.99642681831553
515	91408	2.99055390956942
10480	5682	2.98250673325253
4700	6500	2.97529055228215
23421	401505	2.97268012071548
23264	55075	2.97199655739984
6136	6228	2.9696534566362
131118	91408	2.96781646522873
6194	6201	2.9661037711264
1964	80145	2.96322916222729
400	91408	2.96306856182988
80349	9553	2.96103967434647
58505	91408	2.95878599897078
401466	6921	2.95748751601066
1163	9551	2.94837152423574
4666	6156	2.94453215144335
5583	64919	2.94175401864766
51187	51371	2.93934919310111
1854	9377	2.9391407602649
4869	9045	2.93892792523232
51187	80349	2.93502454488113
196294	27109	2.92843174999005
6142	6230	2.92718522004289
401466	56943	2.92242074222529
170622	27089	2.92062173487856
3281	6827	2.91859675916524
509	51187	2.91551143286789
6152	6235	2.91541560646828
150678	9553	2.91394341497676
58505	6747	2.91228182494572
280636	6500	2.90709098070066
6167	6201	2.90459505206212
6222	6229	2.90312955187435
4709	51371	2.90294765709184
2971	51371	2.90282745870015
58505	830	2.901361140652
57129	6637	2.89770122281329
170960	55771	2.89636387598485
4738	830	2.89612073160585
2971	5686	2.8959894859068
2533	474344	2.89377307215552
1349	4711	2.89293926972593
115362	80830	2.89034453094206
6201	9045	2.88791683568904
6206	6228	2.88231219632147
6136	6201	2.88026387298607
6201	6228	2.879369368906
4706	51188	2.8781771858183
6147	6235	2.87406958957253
5203	58505	2.87397829450059
6160	6230	2.8734785799725
1349	1350	2.87227280841617
51371	518	2.871991716971
7334	84191	2.87152755305512
1915	6128	2.87057506273512
6133	6168	2.86854802066136
498	6632	2.86750803477368
6142	6206	2.86718159287437
6142	6228	2.86653675482974
25994	54205	2.86593526297468
55863	9419	2.86578366552117
6192	7544	2.86439189659271
115361	2633	2.86369452547318
515	7334	2.86179867134692
170960	84267	2.86089962350529
2944	2946	2.86066944027301
1009	84168	2.85752184924333
170960	285231	2.85488596700758
10935	4711	2.84988367825957
1350	6633	2.84817974850972
55839	9768	2.84708170101349
2533	3937	2.83845694938955
10975	4707	2.83655517310472
6133	6170	2.83518664448174
81892	9556	2.83387729849776
6201	6633	2.83094943142065
55839	6632	2.82541634100946
1345	3094	2.82170878278743
4706	57129	2.81960439372318
23658	80349	2.80814118633904
280636	3094	2.80803953330568
4666	6128	2.80651384237526
6156	6229	2.8018591976088
84191	91408	2.80109234265343
4711	515	2.7979812937004
54534	81689	2.79562688690547
6143	6188	2.78815325824545
23421	51187	2.78797655825354
3937	474344	2.78634825058918
2207	2752	2.78301918505254
51371	5685	2.78188581830476
4711	55863	2.77987360395971
6921	83940	2.77720470422745
1163	3094	2.77564332437838
119392	91408	2.77434249585671
10539	58505	2.77373252264918
6217	6222	2.77327995533501
4085	51187	2.76329520440819
5440	84191	2.76251523898695
1337	58505	2.76215056514169
131118	58515	2.75924014855617
4085	8089	2.75822865012854
6156	6234	2.75603162839365
2335	5352	2.75403274812748
6228	6230	2.75367727408861
27089	81892	2.75264018704561
6171	6230	2.75138635277633
6156	7381	2.74802423746274
1163	4085	2.74625883295144
4711	5440	2.74369040617685
6155	6171	2.74116961802953
6147	6160	2.74087201110111
5440	9556	2.74020668103847
4707	4711	2.73808128611497
1163	6391	2.73696979684254
51714	58505	2.73651973171926
4711	9553	2.73626609734304
515	64960	2.73276619139771
539	689	2.73272207137574
27109	91408	2.7324406905358
6222	7178	2.72684032181171
4706	4707	2.72559261379273
23213	2335	2.72405993147926
1345	6637	2.72086240299765
23658	4709	2.71490152887396
6155	6230	2.71428194479383
54819	830	2.70613646634248
6170	6230	2.70329364326767
1070	401505	2.69295291912674
400	51128	2.68916053467574
122704	9556	2.687657975305
6391	91408	2.68512586011302
400	58505	2.68170994439928
10476	5691	2.68161189168246
23658	4085	2.68017702572233
1350	3094	2.67966419590239
1350	9556	2.67918250802997
6155	6235	2.67819880940548
5440	5683	2.67817592384763
4494	4502	2.67746897575972
1349	57129	2.67319967333355
51371	9446	2.67307357772484
6146	6230	2.67189835317416
23112	4297	2.67132344299919
1329	1337	2.66770381302703
4707	81853	2.66747881342829
2335	3624	2.66682917721176
6637	9553	2.66578494479372
6235	7178	2.66547858829378
6160	6633	2.66294382622159
131118	9553	2.66085235605722
26521	9553	2.65858265236716
84833	9553	2.6571296001699
4494	4495	2.64921844719977
3858	91408	2.64897651550657
6171	6229	2.6485222421438
6133	6210	2.64705011510453
10935	509	2.6447923984529
6160	9045	2.64377349103918
26521	84833	2.64162290509155
25994	57129	2.64144452978726
7057	800	2.63845910390295
5828	91408	2.63133497851842
10935	3281	2.62971609604535
3094	5204	2.62756308690941
4709	6633	2.62582625690222
29880	51371	2.62517145349641
6155	6169	2.62491023622336
3094	51187	2.62457233859461
153339	401505	2.61311376357529
51311	5265	2.60984142576623
10671	84233	2.60697796621278
4707	9551	2.60422092558337
57129	9556	2.60286425655299
4706	55839	2.60263271574459
6171	6235	2.59855403460779
6133	6201	2.59766164244774
4738	58505	2.59651144771621
58505	58515	2.59495517563307
6176	6217	2.59372746972954
1282	1290	2.59311056798151
6147	6229	2.59291557610327
6156	6201	2.59196300897724
51128	5440	2.58561092013453
6136	6158	2.58179220967699
51371	5682	2.58050751711238
332	55839	2.57988443485439
1540	64919	2.57744434898038
6147	6169	2.57582388040866
25994	515	2.5754157997108
1349	539	2.56880965667575
4736	6138	2.56801530787085
6133	6230	2.56654941113929
3094	84833	2.56557729028761
23480	6633	2.56544731939722
81689	91408	2.5630022337217
4711	51142	2.56275764827577
280636	522	2.56238566775997
514	84191	2.55952593169897
6160	6165	2.55891520830978
1350	6138	2.5577420304636
401505	78988	2.55457575088096
4711	5691	2.55294751365104
401505	5440	2.55256678237437
4700	9978	2.54857251840936
1337	9556	2.54778050014312
170622	4738	2.53600019594625
10959	23478	2.53457509673753
131118	6500	2.53309638582291
6156	6204	2.53228751394568
10959	6747	2.53192135172511
27089	29796	2.53187578178839
6136	6234	2.53174761958172
4707	64960	2.52623151170524
29880	400	2.5240980328552
51187	51714	2.52303017105213
58505	8089	2.52262977522219
3015	515	2.52014066039599
10190	401505	2.51673937528136
55771	81856	2.5164433868777
6170	6235	2.51103543367538
51187	57129	2.51055650591303
51510	6500	2.50687843283413
4706	6428	2.50642241850069
56943	6637	2.49853421816434
1337	9553	2.49290477421964
400	830	2.49280677451607
5143	55729	2.4904003441827
6188	6228	2.48775155340176
51082	78988	2.48764923737655
1289	5352	2.4862786895147
6170	6222	2.48575680746845
2971	57129	2.48502777566461
6138	6161	2.48339402078677
6635	689	2.48338348926343
10971	51649	2.4827305882548
10412	515	2.48012008375379
1349	401505	2.47769658016878
6169	6206	2.47722714991343
4736	9045	2.47103449186917
10190	9419	2.46995009432185
2958	9553	2.46893190952297
10975	1349	2.46662728077365
10935	53938	2.46457336934238
51187	689	2.4630141295188
6169	6210	2.46265211356828
4707	509	2.4521266092072
3858	51187	2.45184673854581
332	4706	2.44933893870146
2958	4706	2.44587417217389
4666	6164	2.43643930033502
2971	55967	2.4364056582976
4709	84833	2.4332869947008
51187	93081	2.43189906499892
6165	6217	2.43006430110443
516	9556	2.4300119238282
55839	6428	2.42843523284085
6500	81853	2.42525443080699
1278	151887	2.42468797007562
155038	3937	2.42143063186163
1347	9419	2.41881787455624
6136	6194	2.41549875828731
26519	9556	2.41481430099041
1277	5352	2.41378459492933
6206	6229	2.4121053039371
55729	8621	2.41097073492028
8089	91408	2.41089088900328
6228	6234	2.40994284756565
1347	401505	2.40877817032942
6164	6229	2.408507218524
9768	983	2.40833621435406
4666	6142	2.40758018280337
4711	84661	2.40487857585153
1350	6204	2.40460542720333
6428	64928	2.40385031388506
3281	51187	2.40149425112114
6167	6235	2.39997803839084
23658	8487	2.39783022761782
51187	80145	2.39436669771679
6136	6167	2.39310512671351
6204	6234	2.39066346141959
3281	58515	2.38558878375545
522	6635	2.38487129266732
4724	9553	2.38381616817915
2958	4085	2.36575190916399
150678	4711	2.36503927709308
518	6428	2.36485870618256
4707	746	2.36403654205725
518	9377	2.36359491486639
3094	5682	2.36001153810612
23112	284058	2.35895497724011
4711	51371	2.35320115538821
4983	55567	2.35252039719639
23264	8621	2.34898185744693
196294	8089	2.34791282805912
6500	91408	2.34738394620113
23421	5828	2.34712396475509
6136	6204	2.34525892233119
6171	6234	2.34034963783862
131118	8487	2.33953958899863
170960	79939	2.33436874953689
515	84191	2.33091277827513
29081	51649	2.32952401818578
57486	81856	2.32739137433297
6204	6229	2.32591939548442
4736	6230	2.32415302993837
118487	4707	2.32234001891077
6133	6143	2.32157541948566
58505	81689	2.31848073386313
6206	6217	2.31718081870738
3094	58505	2.31685809302066
5955	80349	2.31539185037194
5440	9553	2.31530707769888
3281	515	2.3131044474762
1349	150678	2.3089806226698
29089	4085	2.30680642498965
80349	8089	2.30488539226481
712	714	2.30430184112527
401505	56943	2.29823018868039
29880	93081	2.29569094529902
150678	5203	2.2922851922768
51142	9551	2.28965836126385
4709	81853	2.28447918672183
54819	6500	2.28403273890833
26521	4706	2.2835792373273
29796	9556	2.28304845202923
6428	6637	2.27812751489157
10542	515	2.27714918767787
6229	6235	2.27501763161001
6637	6727	2.2736625864764
6147	6168	2.26835637177201
51128	515	2.2626449259741
23658	2958	2.25838245695529
4711	91408	2.25780579604971
515	9403	2.25573486833975
150678	6500	2.2539634011988
1915	6194	2.25387111063522
6152	6201	2.24981339652183
29081	83940	2.24954651982593
5691	9556	2.24453621888689
516	57129	2.2419839125554
2197	25873	2.23621348520906
6169	6222	2.23568466206199
6143	6194	2.22270795129762
5691	9446	2.21966493404529
55863	84833	2.21836929281843
6201	6217	2.2183400019109
55505	58505	2.21813847749751
11052	255967	2.21491455700507
4711	6500	2.21380711636595
401505	7334	2.21275942403731
2958	6428	2.21179337833383
55863	84191	2.2081737715458
51142	56943	2.20441771373476
1329	29796	2.20397729846481
23658	51142	2.20380939061356
6146	6167	2.20350880540779
10476	4738	2.19878150922991
6201	6229	2.19659622969683
58505	6633	2.19495743159033
401505	51187	2.1931664705981
10632	6500	2.19069134279978
6161	6235	2.18974328047845
1163	4695	2.18854931990362
4709	6637	2.18784894657691
5204	9556	2.18755631106835
6633	689	2.18564963579105
10632	6217	2.18173546890571
6147	6204	2.17768724311413
196294	58505	2.17520484603342
401505	55863	2.17286890702458
150678	4709	2.17223716290701
155038	2533	2.17202539757716
27089	64928	2.17132126613797
1964	401505	2.16941981452653
29080	4712	2.16861892156244
4700	64960	2.16744033093428
29880	9446	2.16671787143759
6230	9045	2.16653967350272
91612	9556	2.16652127532796
515	57129	2.16610363828203
6209	6222	2.16556842833994
4707	522	2.1642993506374
4738	91408	2.15801624145313
6128	6165	2.15712757212053
6152	6635	2.15599338625095
6169	6171	2.15085730196991
51522	55863	2.14888956315051
518	9556	2.14829868570954
1277	2335	2.14580451454283
23264	80097	2.14437164990945
6156	6194	2.14126834892533
51142	64979	2.13541119285699
1293	2335	2.13152028837319
4707	5203	2.12690926842941
6827	9326	2.12218982125006
26355	58505	2.10790055157771
4706	78988	2.10725950648389
1349	514	2.10703886183081
1033	4085	2.10623044102324
6155	6228	2.10583670986643
5203	9556	2.10324922106165
1163	8487	2.10002757927204
3094	401505	2.09415606509009
6136	7178	2.09370840221763
4711	81689	2.09343561708764
6210	9045	2.09113628520036
5440	81689	2.09013894770739
1163	91687	2.08907946459752
4711	6428	2.08226893763029
5682	58505	2.08163562658764
1350	515	2.08142169461019
4666	6143	2.07969596046431
1345	4707	2.07690140959508
6143	6235	2.07616140335255
23421	515	2.07480885690458
3281	4707	2.07388369611331
26521	746	2.07233835284659
2958	64960	2.0623017599609
150678	6637	2.05934029168105
6175	6193	2.05829382854713
6165	6229	2.05766267438733
285231	55075	2.05624081726838
746	9556	2.05308504925019
4709	4738	2.05300690477281
10190	4711	2.05213050055265
10094	6500	2.04987660750184
6133	6204	2.04790707588313
6391	9556	2.04725219959725
2982	7026	2.04322405862292
400	84191	2.04240965465349
2971	515	2.03527763891635
27089	58505	2.02931455813164
25874	84661	2.0291991385252
26519	64960	2.02492888739275
51371	55967	2.02212901381224
6136	6191	2.02112903658259
280636	57129	2.01909000408306
509	9556	2.01692321459302
29080	515	2.00969545229812
1290	7058	2.00893025307587
1164	29081	2.00356194198968
6428	830	2.00355952873764
4733	6428	1.99832410565838
2958	80349	1.99527917389768
6175	6176	1.99502641012903
4712	58505	1.99253875125466
6500	6637	1.99178202903112
64919	923	1.99141045895347
4706	515	1.98842579191851
4711	509	1.98722251931135
23658	57129	1.9869032181581
23421	401466	1.98494983505192
51529	9556	1.98403850535095
23421	4711	1.98297360547323
91408	9556	1.98237608392118
4666	9045	1.97854871450188
64960	84817	1.97479129822476
150678	4706	1.97403269585871
6206	6222	1.97146741298516
51397	58505	1.97136601119864
4666	6169	1.97085147728029
26521	4707	1.96932892959955
6194	6233	1.96802284754491
10631	3624	1.96073317650858
10190	6500	1.95960300150254
2287	401505	1.95879662816388
2958	91408	1.9579826193609
10190	7247	1.95785815932697
1329	9556	1.9572317574084
1349	51142	1.95708159279719
332	9768	1.95660927159244
2971	3094	1.95482044585004
6169	7178	1.95380771371952
6217	6233	1.95322618198601
27258	9556	1.95292235633508
5228	8621	1.95106150165597
51639	58505	1.94421236294432
6143	6234	1.94276311216816
1329	6500	1.93936898911849
54534	91408	1.93453700718161
80349	8487	1.93402879915396
51142	57129	1.92881399914647
1350	9045	1.92705010358243
4709	509	1.92697038662772
6204	9556	1.92358101464791
84817	9978	1.92074755935466
170622	9553	1.91998571020065
1349	9551	1.9172812621784
1350	6201	1.91664902359521
57129	6500	1.9163198275263
55967	6637	1.91172716857496
4707	51187	1.91076051696897
522	9556	1.90930716766108
150678	4700	1.90813660723162
58505	84661	1.90806065491864
440145	539	1.90780673441078
4706	5682	1.90724943018593
4493	4494	1.90671866643873
131118	404672	1.90594618742409
26519	51371	1.90490674407838
509	5440	1.90407931929952
29081	6921	1.90315316996855
51128	84191	1.90293684382896
6170	6210	1.90212329573144
51128	51510	1.90182080757761
23658	401505	1.89760538241069
196294	51397	1.89741478239517
2971	401505	1.89706869971573
6167	6168	1.89572660812141
509	51371	1.89034230284648
58505	64960	1.89012948164929
6142	6201	1.8877667927649
4700	9556	1.88380153601598
5203	91408	1.88351675402197
6156	6217	1.88167329925715
10975	514	1.88054575461036
6210	6217	1.87915837592908
515	539	1.87842295835857
122704	6500	1.87681647511519
404672	91408	1.87482516847297
6169	6170	1.87458778214684
3281	4700	1.8730740252797
4289	4850	1.87216100907266
51142	6637	1.87029574621976
6160	689	1.87021520339167
1337	9978	1.86671420835805
84661	9556	1.86488579074494
81853	9556	1.86226080008761
4733	51187	1.86106795496528
196294	4738	1.85890896088137
3281	84191	1.85302173062217
5352	7058	1.8518583339173
51187	5828	1.84848396500448
6428	84191	1.84837058051572
23421	79022	1.84831353043792
6194	6230	1.84759976887701
6152	6155	1.84686894197446
10971	401505	1.84063089582317
81856	90338	1.83994058552773
6129	6156	1.83955645759794
115362	4283	1.83887967837137
6191	6228	1.83699748418525
1329	27089	1.83564163599957
27089	4695	1.83270787303403
6143	6191	1.83183696347289
5685	6637	1.83090861424367
10631	5352	1.8295486703394
3937	64919	1.82847186000276
10631	1278	1.82693357458343
25874	5440	1.82642341033172
55010	57129	1.8194520617885
1164	539	1.81918388495465
29080	55863	1.8176636783916
29081	8520	1.81701506962014
746	84833	1.81650857975075
509	6633	1.81470487182316
51068	80145	1.81184934623783
155038	80830	1.81149150356607
6229	6633	1.8113955682525
153339	51128	1.81052780527822
515	5436	1.80984990522455
10123	170575	1.80780165662426
4711	79072	1.80242622621188
2958	6391	1.80159311103089
4085	80349	1.80120402532513
51287	55967	1.80063227242436
4736	6167	1.79831067849589
400	9553	1.79814231792001
6136	6138	1.7944608557588
55863	6921	1.79350153732235
6500	91612	1.79181840097984
81853	9521	1.78846924002751
131118	170622	1.7870775737454
10190	9255	1.78631310204404
29081	401505	1.78212473065899
8724	8763	1.77901860099403
55173	81853	1.77673592620048
23421	29080	1.776705989239
1603	58505	1.77588385983597
4666	6229	1.77444489603321
2958	3094	1.77384830861925
10632	56943	1.77082467040621
1350	4736	1.770303047866
6229	6233	1.76966617800664
6146	6161	1.7694368921671
84833	9446	1.76828449438092
6201	6210	1.76480253981846
518	64928	1.7579839501239
1163	23658	1.75687014257548
6161	6191	1.75514383332574
4711	7334	1.75454105178551
6428	7334	1.7487530106073
51699	6500	1.74780879756642
4706	9521	1.74558621266043
6193	6633	1.74505011044346
387357	4068	1.74367556102943
6164	6208	1.74359556745228
4707	51142	1.74241787584407
6230	7178	1.74030838671468
1163	332	1.73995591343126
6142	6217	1.73938379593628
6136	6206	1.73917676457723
10658	867	1.73824973914388
4707	51699	1.73727382946191
830	9553	1.73645430392048
6147	6230	1.73468004979619
23557	84191	1.7313431518033
3015	57129	1.73053829180387
3133	3134	1.72847668271774
515	80145	1.72819219216252
25874	4707	1.72705543270046
4709	9553	1.72667199794689
6637	9377	1.72563699201748
170575	474344	1.7249119886658
6635	84833	1.72431768222376
6205	6230	1.72393091609409
515	9045	1.72296690112765
51510	81853	1.72179220803129
4711	830	1.7191915417492
10935	84833	1.71727979940514
401505	539	1.71362313010492
55863	7411	1.71307203965691
689	9556	1.71213137036228
27089	80349	1.71158277001664
6165	6633	1.70925471914976
10539	51397	1.70885553802575
515	84661	1.70848477263744
2958	7336	1.70813007867303
64919	8821	1.70809173138669
4706	6633	1.70678126274273
150678	51187	1.70620691027692
4709	51397	1.70526916859655
6160	6235	1.69866972807938
27109	51397	1.69377261758942
51128	5203	1.6919559329596
6142	6156	1.69188790137197
6160	6169	1.6895863516847
539	54205	1.68757525908579
1329	26521	1.68580641032691
170960	57486	1.68098106973106
4085	6632	1.68064694184433
3977	4781	1.6788089766308
131118	1329	1.67862846157402
4706	5691	1.67557950486243
1163	6633	1.67318112738708
10549	6747	1.67300969807215
1349	522	1.67209454678997
280636	9556	1.67183155576472
4085	6428	1.67033354206301
51082	689	1.66711166521022
11235	131118	1.66622031156324
5691	9551	1.66484497225855
6391	91687	1.66387160502387
131118	26521	1.66101991849419
1278	3624	1.66096377481327
11017	51510	1.6608679379095
518	6633	1.65660177893345
4709	515	1.65652948976221
6143	6206	1.65550966269226
1349	401466	1.64970294554389
6169	6234	1.64844452508837
10959	5440	1.64835964890314
5682	6428	1.64804102706591
3161	983	1.64461204399176
23480	84191	1.64322704152489
131118	58505	1.64272483150608
23658	51371	1.64224285277253
6727	9556	1.63900226978338
6169	6217	1.63787857780316
170622	84299	1.63772966759546
515	5686	1.6370098409655
9553	9978	1.63371631290206
6128	6160	1.63333869852786
4085	55010	1.62949667055107
1163	84299	1.62875573065208
10480	689	1.62741076528018
4709	84191	1.62466569143531
6635	6637	1.62443080249848
280636	515	1.62397363560336
29080	4706	1.62061495667397
23421	3858	1.62060735407033
4738	6428	1.61845808511375
58505	9556	1.61757566964526
401505	9419	1.61659470376882
4085	80145	1.61592238246398
6160	6171	1.60946447699316
23557	9553	1.60886004329335
6217	6223	1.60598054223878
2079	2958	1.60300187800442
5691	5720	1.60197111050754
4711	51645	1.6015301227201
6164	7178	1.59963186414178
58505	84191	1.59671712509663
23215	7175	1.5908356201947
55863	6902	1.59002574758019
1278	6678	1.58554611486465
150678	64960	1.58276378384539
509	7334	1.57828048177264
6143	6201	1.57630073022898
4820	6429	1.5735910923725
5691	58505	1.5731969402144
1163	58505	1.57105340179184
4666	6235	1.57046286443499
153339	51126	1.57015301726323
29089	6428	1.56822895514219
10635	54205	1.56776126465514
3281	81853	1.56732490491988
3281	5691	1.56544532949767
150678	91408	1.56444299194412
1629	285231	1.5622673673919
23112	84162	1.56196910862656
10094	5204	1.55739346691647
5228	81856	1.55168730700031
51247	5440	1.55161239936267
2197	4707	1.55067636463239
3858	4738	1.54370392010205
4085	54205	1.5434205250518
10190	54534	1.54323152787436
6165	6194	1.53962977215673
3281	84661	1.53841229785206
6208	6228	1.53682539736352
150684	51128	1.53631369981633
29880	9556	1.53525819652228
4736	6210	1.53519672114073
3281	6500	1.53470120672158
509	746	1.53426150814522
4707	6727	1.53038874297514
10288	51311	1.53037046834712
2958	8487	1.5288719448373
1281	1462	1.52830633394768
78988	9556	1.52693384214656
4712	57129	1.52567415094837
6637	84661	1.5226523002198
3281	5203	1.52156469474598
4712	64960	1.52114675077197
5828	84661	1.52083828341747
4695	9556	1.52070640997541
3094	9551	1.52030774442218
6156	6191	1.5193473353414
2079	4706	1.5192118267662
5203	84833	1.51696171742254
23421	91408	1.516942132624
4830	9551	1.51628093209871
51142	6921	1.51618319372526
119392	63877	1.51426111029444
4085	54534	1.5136686877456
10935	57129	1.51315417615231
51187	64928	1.51027798067026
5143	79939	1.51022534950156
51187	6500	1.51009609114795
6156	6222	1.50988251795954
10476	6633	1.50825373944254
515	51714	1.50729462092184
401505	51510	1.50559471266732
5440	91408	1.50554690709565
3281	4738	1.50505018140315
3015	6428	1.50469373413288
2958	4711	1.49937494183525
26521	6637	1.49882037922459
2633	6772	1.49795067395288
58515	91408	1.49741139729066
6156	6170	1.49713226806052
515	5440	1.49535376529067
1329	4700	1.4951679913652
25994	91408	1.49371943645832
55839	6637	1.49306699635648
539	9556	1.49053181134352
1349	6635	1.48989408875857
4738	8089	1.48973056145988
26521	401505	1.48875628422289
6230	6235	1.48837658783999
6637	7334	1.48579076491556
51371	6500	1.48537093053406
55771	79939	1.48397839133698
4085	5683	1.48387663092749
170960	81856	1.48160800025943
3094	6428	1.47979157091502
6169	6194	1.47807582997678
23480	509	1.47764032376936
401505	51128	1.47755975087913
332	4830	1.47571612595566
10632	9553	1.47384588720335
3858	6500	1.47059146792929
26519	401505	1.4703718753535
5691	6500	1.46961390860774
92259	9556	1.46708891018096
2958	51128	1.46666292476505
1329	58505	1.46645096588972
5682	57129	1.4654893743977
4666	6147	1.463289910566
10632	746	1.46255715939514
6165	6727	1.46200954645997
514	6633	1.46160903207104
84300	9553	1.45998451416222
155038	170575	1.45957993492549
23658	400	1.45791718632637
4700	4707	1.4574325102847
401505	51371	1.4548017890126
6142	6204	1.45322398094232
6169	6191	1.45233949909253
51187	79752	1.45162693988633
3858	9556	1.4488365457125
23421	58505	1.44872590148284
27249	51187	1.44673396017489
11214	29123	1.44584356618376
29097	84191	1.44375286259738
8487	91408	1.44221077968824
58505	8649	1.44181125017329
58505	64928	1.44140693457766
4085	51182	1.44131722805426
2958	51510	1.44019250076737
23658	6637	1.44014877968353
1163	9553	1.4364198570864
10288	2633	1.43614800022913
6428	8089	1.43469534358827
6152	6166	1.43314566993934
6194	6222	1.43088438519417
6229	6232	1.42911896532058
1277	7058	1.42789734624696
9470	9553	1.42603019704343
27089	84299	1.42559986517165
51371	539	1.42465194084467
196294	3858	1.42416384499429
29880	84191	1.42146451181172
23480	51187	1.42060954404611
6155	6156	1.41894803904109
2958	5685	1.41718740487208
5204	91612	1.40942220657006
4709	81892	1.40940734461761
280636	4711	1.40757258287884
1329	5203	1.40720065781063
2633	7453	1.40617472048907
65991	80349	1.40516410440954
518	6637	1.40513237547483
23264	55771	1.40371825919584
10632	1345	1.40296232931342
1290	3912	1.40113166138075
29080	64960	1.40082064876059
51247	54819	1.40011428823935
100129792	57486	1.40000045439585
6201	6230	1.39829333582481
3281	65991	1.39702857954804
29080	830	1.39563960411242
58505	65991	1.39340377306637
440145	55156	1.39135283246458
6428	9556	1.39108395578327
196294	23421	1.39043975539676
196294	91408	1.38881779166968
131118	6391	1.38705730670533
10975	78988	1.38138464130162
10539	91408	1.38062730240905
3094	746	1.38008374986246
51128	81689	1.37997842525525
1009	800	1.37885036232949
56945	57129	1.37586549928919
1070	4707	1.37512541291095
6428	689	1.37502482278397
28977	4085	1.37410309629987
10935	401505	1.37227216535909
401505	79077	1.36755792603132
6169	6235	1.36522502013537
4715	55863	1.36310972509313
4736	6222	1.36288369371408
23658	91408	1.36274639005342
2958	6637	1.36188442583901
5440	5828	1.36033669277571
5984	6434	1.35737022904309
51187	51510	1.35424042039098
4711	6921	1.35195878498925
332	4085	1.35191622915264
4711	6637	1.3481264534292
4706	9551	1.34767631456101
401505	84191	1.34294167265696
6142	6160	1.34185662937302
285231	5205	1.34178739661959
401466	4711	1.34056142911669
56943	84833	1.34037433960141
3094	401466	1.33823260954923
5685	64960	1.33660321015542
401466	6637	1.33488148568243
25874	3281	1.33172730521056
1349	26519	1.33157750926525
4711	9616	1.33054978689967
7168	800	1.33010449002518
515	84833	1.32854245890475
4709	64928	1.3254904414041
1164	57129	1.32512516216633
23264	7840	1.32480032838685
5440	5805	1.32379070234561
4706	56942	1.32316714836494
4707	539	1.32312136324769
3094	830	1.32278714867506
440574	6500	1.32216902538429
6167	6169	1.32017516678186
170575	3937	1.31878966377019
1070	3094	1.3184192491018
280636	84833	1.31813096758222
6156	6167	1.31709517494044
4830	6632	1.31604811890029
6633	9377	1.31201252724333
29081	539	1.30951895319566
84833	9521	1.30812501974883
100129792	90338	1.30647490858604
1282	1293	1.30632192938117
4085	8487	1.30498582017584
6147	6152	1.3041403308767
280636	401466	1.30261048602825
4709	5203	1.3010300609873
401505	9551	1.30046666609035
10190	81853	1.29924255697247
23658	51187	1.29731772062463
1281	6678	1.2954253750771
2079	4707	1.29470760962589
5440	81853	1.2943966293603
6164	6168	1.29309673950816
4714	84833	1.29295363396206
1163	131118	1.2918490328913
11157	4706	1.29014819117577
6637	9521	1.28907441219538
339448	9556	1.28850396217586
6152	6160	1.28831984405596
1163	196294	1.28820519799829
25994	440145	1.28747496681236
10935	11345	1.28527109363087
6143	6161	1.27673478873386
4707	78988	1.27539189689078
10632	1329	1.2707454277868
10412	3094	1.27065545870459
64979	79072	1.2673335754696
1915	6229	1.26480188191025
153339	5440	1.26274384698109
1329	521	1.26036850560675
400	81689	1.25898977101892
51187	5684	1.25894270068279
1349	4694	1.25887485534608
4711	64960	1.25863499064579
196294	4709	1.25804318052546
401466	81853	1.2578412376488
1327	6217	1.25698620176246
3281	84833	1.2559249184336
539	6635	1.25305836409056
5682	84833	1.25145623356382
1163	84833	1.25138150818223
10618	1200	1.24899247398604
29080	58505	1.24880548179022
23658	5440	1.24619040706312
6632	9184	1.24121429624989
170622	65991	1.24012850896421
150678	29080	1.23962841560153
4694	4707	1.23901950127184
23421	80145	1.237579739118
122704	6637	1.23752693064813
29880	58515	1.2358886549888
509	84191	1.23586108634864
3281	91408	1.23532853167754
4085	4711	1.23428740430663
150678	515	1.23363255800689
3094	51510	1.23278861735795
6143	6165	1.23091851150531
1164	6921	1.22943033092298
3094	6635	1.22888714341539
1349	3094	1.22774457882381
29796	4738	1.22754311216877
10632	6188	1.22639884037629
4666	6165	1.2263577361885
23658	4706	1.22484785166132
10539	6428	1.22431654362607
4666	6146	1.22061370102173
1350	6136	1.21828974697575
10190	29081	1.21655908319749
26986	5042	1.21526950990915
1329	3281	1.21506657149307
10632	29796	1.21366879662821
6201	6222	1.21361296790201
3161	891	1.21250671583931
131118	4711	1.21135340338951
401466	51142	1.21122329329984
3281	55505	1.21095443367145
63877	91408	1.20610401579163
23557	9556	1.20595929355575
81689	8487	1.20391272212075
6217	6235	1.20243461226655
29080	4707	1.19820130669723
23421	79072	1.19476589932456
7247	81853	1.19421378413696
6210	6234	1.1935457559909
29080	4711	1.18939147316847
6632	983	1.18798323256118
79939	90338	1.18489591584759
27089	6391	1.1794090240492
23264	81856	1.17777282732448
4712	84833	1.17775407625767
5691	6923	1.17754717289037
4733	58505	1.17727188792623
1164	3015	1.17436800820975
1329	2197	1.17271734309826
4712	51188	1.17050860781377
155038	474344	1.16816022082866
23421	27109	1.16641150746111
51371	54205	1.1631165119516
196294	84661	1.16247943812517
10975	150678	1.16211141906768
6142	6143	1.16083181258997
51241	55967	1.16065234511013
51371	6635	1.16003834883317
1337	27089	1.1589342523169
509	54205	1.15825810292066
29880	3281	1.15783294499107
567	9168	1.15773568630179
6161	6228	1.15639322508578
140823	9551	1.15524552856529
23658	5685	1.15452933245141
3281	6633	1.15228825254752
29880	9553	1.1492809383002
746	9553	1.14912416898511
26521	55505	1.14780387204746
3015	5111	1.1473113280164
23264	90338	1.1446233021619
80145	9556	1.14370882211673
401466	515	1.14362488321035
51699	6637	1.1421465629423
51142	9556	1.14172623840118
9553	9616	1.14107726275215
6204	6633	1.14059423863218
1282	3912	1.1404947494427
100129792	81856	1.13941561897711
401505	5203	1.13824534304946
3281	63877	1.13768816436081
10476	84661	1.13749659318193
5143	55771	1.13571019383723
6203	6223	1.13547485086064
515	5682	1.13546568995516
51053	6637	1.13530749099972
5204	5440	1.13462760843246
10190	401466	1.1329662361315
4706	5901	1.13285864113782
10935	81853	1.13142232691142
6188	6229	1.12956145080886
1915	6164	1.1286778258517
51142	55863	1.12845049866889
1347	5901	1.1283212329499
11017	5440	1.12821926486297
5440	9804	1.12724959296293
4085	509	1.12674482959562
4707	518	1.12646658155834
1116	7941	1.12601455378475
55173	6500	1.12578983901108
155038	2634	1.12573680485442
1349	23658	1.12483370975077
150678	6633	1.12357522362181
51287	6637	1.12348989346957
1350	401466	1.12342867422763
6160	6170	1.12323690464773
285231	5228	1.12216460441254
10959	9553	1.12193596297198
285231	80097	1.12191009294356
23658	8089	1.12173619884075
401505	64979	1.12164595115194
10284	6500	1.11869367188947
10549	10959	1.11807700794081
10959	29880	1.11668500246296
4666	6206	1.11525647199618
63877	65991	1.11403398525797
1163	6428	1.11375409706361
4707	6204	1.10856230017548
4711	6747	1.10816459667316
401505	440145	1.10813823254228
51187	51290	1.10770312443644
6170	6204	1.10714994059887
23658	5203	1.10671445444412
51397	5828	1.10612055199467
10663	3003	1.10584977350363
196294	830	1.10537208615683
131118	51397	1.10475112888842
55872	983	1.1031303345419
1349	51649	1.10230634449907
6500	9419	1.10096095181348
26521	6500	1.10088852121173
10190	55156	1.10033102578283
1163	4709	1.0999261089458
26355	64928	1.09942026922727
10476	3094	1.0968331395344
10434	5440	1.09676917227583
1163	84300	1.09653920399692
6175	6204	1.09342892831842
8089	830	1.09270619571152
5691	9553	1.09219061889779
6128	6171	1.09195329057946
401466	54819	1.09038203407127
10632	84833	1.09025820349383
6136	6155	1.08773973124535
401466	92259	1.08704561253568
4736	6156	1.0861683388091
6141	6233	1.08320304631231
29080	401505	1.08297082646872
509	55967	1.08287804467116
1329	51258	1.08189114806457
6133	6194	1.08138350693918
6209	6210	1.08085336572222
170960	90338	1.07771173585373
5265	58191	1.07768229474907
6428	6633	1.07638263121971
1329	9553	1.07444734666025
131118	65991	1.07154805734931
1349	6921	1.0714068652005
6156	9045	1.06921634512273
10935	6637	1.06697988353874
51187	5682	1.06525918224146
6633	746	1.06498264984717
23658	830	1.0642007394171
29080	400	1.06335751011375
515	81853	1.06178501608418
4707	57570	1.06104002113281
6161	7178	1.05966184871939
2079	6632	1.05828410301605
10190	1349	1.05745352555158
4706	6500	1.05722465043635
2971	51287	1.05655375964059
746	84191	1.05650676898272
200916	51065	1.05474763750452
4712	9419	1.04973577695412
122704	401466	1.04880462480334
1349	26521	1.04783755426245
51714	84661	1.04631909141404
64960	9556	1.04620185992704
509	51053	1.04470092656303
64960	84833	1.04460812216922
29880	51128	1.04421242147387
54931	80145	1.04375074517779
515	5204	1.04367714746853
4706	58505	1.04189041446766
51699	57129	1.04074232564602
6128	6194	1.04050447944694
131118	9556	1.0387719672547
51187	54205	1.03846485613802
4712	51142	1.03610330432376
26521	9556	1.03530157528185
515	8655	1.03527765918074
64928	9553	1.03456647698476
1337	4700	1.03451715755237
29796	3281	1.03268958088111
23421	8487	1.0324950448046
4707	64928	1.03245204894547
201725	6059	1.03158528155947
10975	4711	1.03125605976072
29880	4709	1.03092393370071
51187	6391	1.03072292833669
1345	5440	1.03070438478218
6168	6210	1.02976593530007
6136	6230	1.02894833818552
51371	5686	1.02843809183416
4707	6921	1.02763412181305
4666	6210	1.02472318050938
28977	2958	1.02284115736222
51699	830	1.02083680038675
10456	27089	1.01869989907234
11051	3015	1.01594629341863
401505	81689	1.01395945364482
1033	9232	1.01381178211206
26521	6633	1.01248007937763
51082	539	1.01092085510263
514	91612	1.01074758062196
4085	4830	1.00971744746331
515	51699	1.00861957947552
6428	81853	1.00747489747591
57570	6428	1.00702413281864
91408	91612	1.00636355296612
58505	9616	1.00613818898319
2533	4094	1.00591560260292
6194	9045	1.00534178388188
3015	51053	1.00520825188566
58505	6637	1.00494947036726
1337	6633	1.00437586498535
80349	8802	1.00238987873282
9045	9556	1.00138242010771
55863	57129	1.00043276848264
