6171	6187	4.23232901557682
6161	6205	4.23193960036393
6161	6209	4.23145916802482
6161	6222	4.23060857614442
6171	6229	4.2292644952052
6171	6222	4.22893295516191
6205	6222	4.22885310905117
6160	6161	4.22685568908948
6222	7178	4.22611245470354
1915	6171	4.2258409994732
6160	6209	4.22584062946092
6168	6232	4.22579757955173
6158	6205	4.2257136063318
6160	6205	4.22568709149594
6222	6232	4.22498674678803
6160	6222	4.22472229461862
6209	6222	4.22465123800133
6168	6222	4.22383506765847
6147	6161	4.22364970827424
1915	6187	4.22311119069629
6168	7178	4.22291463872264
6205	6209	4.22286748419013
6161	6171	4.22172222768217
6171	6205	4.22127975097103
6187	6222	4.22105854327149
6171	6209	4.22080955309987
6232	7178	4.22072825863672
6158	6160	4.22058380019814
6160	6232	4.22044522217219
6161	6176	4.21918877530158
6158	6222	4.21917410203083
6158	6161	4.21817399554921
6170	7178	4.21804453480382
6161	6208	4.21792839748273
6205	6232	4.21770583615823
1915	6222	4.21758783476785
6205	6229	4.21700237953548
6176	6222	4.21676221744238
6209	6229	4.21549423478445
6222	6228	4.21530068765807
6187	6229	4.21524454341539
6160	6217	4.21495442723057
6187	6209	4.21452712808745
6147	6222	4.21440847551918
6222	6229	4.21428563738496
6160	6171	4.21423435783003
1915	6176	4.21423223418774
6158	6232	4.21403999968467
6158	6168	4.2140092924547
6171	6176	4.21398978815162
6168	6205	4.21390755088269
6161	6232	4.21329184643736
6176	6232	4.21328507258163
6168	6170	4.21244317834145
6176	6209	4.21191156301179
6147	6205	4.21187416681827
6171	6206	4.21182814779136
6176	6187	4.21181012891187
6147	6208	4.21166236153694
6161	6229	4.21142403797862
6147	6176	4.21082700193346
6176	7178	4.21060976321429
6160	6229	4.21008304292289
6176	6205	4.20966598407146
1915	6229	4.20957281690734
1915	6160	4.20933783022113
6161	6187	4.20932928291104
6161	6168	4.20906845054417
6158	6171	4.20890058410616
6208	6209	4.20877487632224
6171	6232	4.20870964331771
6160	6208	4.20857454942638
6160	6187	4.20838993417174
6192	8653	4.20765523469966
1915	6232	4.20742575126587
6205	6208	4.20739452346043
6158	6209	4.20701726844727
1915	7178	4.20675597250589
6161	7178	4.20632618551357
6161	6167	4.2057240390379
567	7178	4.20565464970924
6209	6232	4.20563419406408
6160	6176	4.20536613386477
6209	6217	4.20535749193813
6187	6205	4.20511627065323
6147	6209	4.20506607459902
6160	6168	4.20489355656663
6168	6228	4.20470721377081
6158	6229	4.20333728458124
6205	6217	4.20312324825973
6171	7178	4.20291410804418
6160	6167	4.20279168817097
6168	6171	4.20241995971111
6158	6187	4.202384716426
1915	6209	4.20226649433011
6161	6228	4.20193368630457
6158	6176	4.2016256377846
6217	6222	4.20104061252578
6205	6228	4.20096455239071
6229	6232	4.20061119964522
6152	6217	4.20057567653407
1915	567	4.19988219744088
6147	6232	4.19882555626337
1915	6161	4.19880472941511
6170	6232	4.19810232983403
6142	6217	4.1977355222087
6205	7178	4.19680457551031
6147	7178	4.19647945461665
6208	6222	4.19610695639903
6158	9168	4.19604248297697
6194	6217	4.19574033250362
6164	6208	4.19573777473484
6160	6164	4.19533932772675
6170	6222	4.19460202065329
6206	6229	4.19446150075718
6152	6209	4.19438460421137
6167	6205	4.19386437548803
6206	6222	4.19366414151765
6176	6229	4.19335158054001
6208	6217	4.19268816157217
6176	6208	4.19250422964904
6147	6160	4.19225961616349
1915	6147	4.19225317434273
6170	6176	4.19216460574411
6161	6217	4.19207717004033
1915	6205	4.19206856424406
6228	6232	4.19201655712649
6158	6228	4.19185918446847
6152	6160	4.19149827981767
6206	6217	4.19102652551719
6161	6170	4.19067762787149
567	6232	4.18955315494415
6187	6206	4.18916638277469
6152	6223	4.18894606656158
6167	6228	4.18892932841465
6187	6232	4.18891773449771
6228	7178	4.18763057319235
6208	6232	4.18757479587099
6168	6176	4.18737301254783
6152	6201	4.18733930039828
8284	8653	4.18723219439696
6160	6228	4.18686239496559
6170	6205	4.18664571300098
6147	6171	4.18661280350717
6161	9168	4.18618072675151
6160	7178	4.18605942426046
6142	6223	4.18591904319804
6167	6222	4.18562216561389
6217	6223	4.18537567594661
6217	6229	4.18515079434351
2038	8991	4.18505422082032
6167	6232	4.18443693831048
6205	9168	4.18415980143287
6147	6158	4.18370226584567
6158	6208	4.18344889150494
6168	6187	4.183365739037
6156	6161	4.18335365589439
6209	9168	4.18303074219147
6164	6232	4.18297627998045
6187	7178	4.18246363024693
6192	8284	4.18212179011419
6194	6206	4.18191306210264
567	6147	4.17997553300875
6156	6160	4.17976693886656
567	6176	4.17943922458762
6158	6217	4.17925721252819
567	6170	4.17916292622615
6152	6208	4.17907328397079
6158	7178	4.17878105341203
6156	6209	4.17760796690354
6158	6167	4.17756584250949
6152	6161	4.17738807188201
6147	6187	4.17730347191643
6147	6168	4.17697564185224
6171	6208	4.17639449535122
6158	6170	4.17635105097858
6152	6194	4.17602170500395
1915	6206	4.17581306959076
6171	9168	4.17431601933251
6164	6205	4.17415352807411
6167	6209	4.17361188939089
6170	6228	4.17329685475833
6142	6160	4.17279607383329
6229	9168	4.17235801512845
6164	6209	4.17233744053134
6161	6164	4.17230770892425
6147	6170	4.17208916904935
6171	6217	4.17198012331236
6164	6222	4.17151016672359
6160	6170	4.17066298603395
6156	6208	4.17052120302748
26986	6133	4.17022796095506
6205	6206	4.16993003227765
1088	4057	4.16987405298969
6168	6208	4.1691230151062
55142	90338	4.16869709473816
1915	6170	4.16849808359842
1915	6168	4.1684963071193
567	6222	4.16711075688018
6206	6209	4.16602944839297
6217	6232	4.16581667244147
6171	6228	4.16495611758475
6168	6209	4.16413006593525
6160	6206	4.1638337262917
567	6171	4.16375691704538
6170	6171	4.16206960499711
1915	6158	4.16204374403938
6209	7178	4.16129411788173
6168	6229	4.16109478827097
6164	6217	4.16051439534478
6164	6176	4.15971520395555
6147	6229	4.15950763282193
6147	6167	4.15852134037087
6156	6232	4.15717986708028
4501	4502	4.15600247917207
6142	6152	4.15402146997745
6187	6208	4.15373666097727
6222	9168	4.1534848049909
6167	6208	4.15323850235056
6208	6229	4.15286030202146
6167	6176	4.15280222096509
6187	6217	4.15250669704118
6194	6223	4.15238165003286
1915	6129	4.15184457241299
6152	6205	4.15151527010919
6152	9045	4.15114064076875
6156	6222	4.15071702043527
6167	7178	4.14895924690276
6156	6217	4.148382683003
26986	6168	4.14749034777546
6133	6168	4.14724320286834
6135	6161	4.14559563589013
6229	7178	4.14548211916366
1915	6217	4.14496861379431
6167	6168	4.14393210561117
6176	6217	4.14378969552976
4666	6128	4.14358921731395
3934	8993	4.14324888050684
3045	6521	4.14233107178661
6228	6229	4.14228498993824
212	3045	4.14228188080066
6187	9168	4.14219736352042
6194	6209	4.14180355960391
6133	7178	4.14046697832314
170960	90338	4.14017372760785
6156	9045	4.13988102392783
6208	7178	4.13983212699197
2038	759	4.13941477737762
6194	6201	4.13892883421238
6164	6168	4.1385991276402
6161	6206	4.13840071075652
1915	6208	4.13797241818347
10075	6168	4.1374285455081
6142	6194	4.13727742662417
567	6187	4.1372210343483
6160	6194	4.13706551598469
6223	6235	4.13702784175545
6176	9168	4.13643119455588
6147	9168	4.13633293941582
6164	7178	4.13568957268242
2944	2946	4.13476531341919
1669	4680	4.13408661509466
6147	6164	4.13396377010945
6156	6164	4.13315653340298
60	7178	4.13265298591019
6158	6164	4.13174888086985
6147	6228	4.13150369198796
6201	6217	4.13033152579881
3934	671	4.13013296355421
6152	6156	4.13001952768552
6152	6229	4.12925228948969
6217	9045	4.12859307670794
60	6171	4.1282404641032
6168	6217	4.12796333640613
6209	6228	4.12794823706993
6193	6194	4.12666107213136
6164	6167	4.12452187738751
6208	9168	4.12373398724708
6206	7178	4.12252998501006
6217	6235	4.12241114476232
6170	6208	4.12238096213583
6158	6206	4.12164583491177
4057	820	4.12079533484823
567	6168	4.12028733995286
6206	6232	4.11942760493951
4736	6138	4.11817312759857
6142	6229	4.11581539787512
6167	6170	4.11508522343082
6167	6217	4.11486385669568
6164	9045	4.11484509088443
212	8991	4.11222503636786
6135	6167	4.11194534234876
1915	6164	4.11145979112458
6160	9045	4.11134057450371
6152	6167	4.11110493447007
6160	9168	4.10979518628184
6156	6176	4.10967658458505
6156	6205	4.10908485394612
6167	6171	4.10895053913798
567	6158	4.10821739827116
6133	6170	4.10809989497704
6193	6223	4.10720223536482
567	6205	4.10698554451914
3105	6171	4.10695143326577
6147	6217	4.10676777998841
6133	6222	4.10529331767651
212	6521	4.10387061303652
6167	6229	4.1037952357243
1915	60	4.10367430970436
6164	6171	4.10307941245418
6142	6205	4.10253731845183
6133	6232	4.10243294052746
1915	6228	4.10152305119683
6170	6209	4.10130250747409
6135	6209	4.10127104737432
6133	6205	4.09934536051872
6170	6229	4.0992717954285
4666	9045	4.09861149134808
567	6160	4.0981060603242
6156	6168	4.09777345402515
6170	6187	4.09765774289323
1116	383	4.09717862645129
6133	6161	4.09678401859077
6142	6193	4.09667198778692
6156	6201	4.09586657587407
6208	9045	4.09553404662721
6217	7178	4.09537925436881
6187	6228	4.09524096900968
6176	6206	4.09479601391207
1915	6167	4.09465563805138
6156	6171	4.09398888046749
6128	9045	4.09282981650788
60	6187	4.09201389480901
6141	6223	4.09095728859788
6164	6170	4.09058382635266
567	6161	4.09012927018077
6152	6193	4.08900370500366
6152	6164	4.08893396591059
6193	6217	4.08696228804946
6176	6228	4.08647704231953
6129	6167	4.08645467775293
6135	6222	4.08627106099709
6142	6158	4.08603453857258
567	6229	4.08590656840371
5228	55142	4.08567157821675
29997	6217	4.08500857527339
6164	6229	4.08370320412731
81856	90338	4.08369672389197
6129	6222	4.0835150821783
6152	6171	4.08180499056555
6135	6205	4.0794338041489
6152	6158	4.0792008688856
6156	7178	4.07870710820453
6152	6222	4.07726115350158
6223	9045	4.07662560757935
567	6209	4.07641766296933
2355	602	4.07612493962465
6160	6223	4.07519236465145
6129	6217	4.07401823212347
27040	3932	4.0737744811332
2162	5577	4.07295412490396
60	6222	4.07247202676351
6142	6209	4.07178361756616
6192	9086	4.07163817137446
6135	6160	4.07108457474222
6209	6223	4.0708315910911
6142	6206	4.06953346695419
6167	9168	4.06712444254843
6152	6187	4.06595740518541
1669	8993	4.06593497764972
5473	5577	4.06523004120516
10857	6678	4.06513824676506
6232	9168	4.06476385065431
6156	6158	4.06232980233472
6168	9168	4.06031266949197
6171	6194	4.05851671241123
6201	6223	4.05782131475037
6133	6228	4.05761092892034
3045	8991	4.05708074764067
6168	6206	4.05685710231312
6156	6187	4.05650866533529
6161	6194	4.05597956871666
6142	6235	4.05353849367995
6156	6223	4.05241176835942
6156	6167	4.05050606581303
170960	55142	4.05014680693191
4946	6279	4.04884926008558
10398	3674	4.04849708757248
6142	6171	4.04804069599407
6133	6167	4.04781579376397
759	8991	4.0476330409558
6136	6193	4.04649362717321
6209	9045	4.04603692781805
170960	23036	4.04545142457217
6170	9168	4.04450149195627
6194	6222	4.04414185657798
6194	6229	4.04044879441867
23036	6738	4.03819742041781
6129	6160	4.03816275056137
6161	9045	4.0369913967103
6167	9045	4.03635275618108
6129	6171	4.03590381529581
6135	6217	4.03541372551531
3105	60	4.03525630769574
4353	4680	4.03516433272079
6167	6187	4.03259593762249
567	60	4.03254998597881
4317	6947	4.02925217637513
6135	6147	4.02923267906229
6194	6205	4.02793820462053
60	6168	4.02787136188186
114548	5329	4.0250163358017
567	6164	4.02457577279051
6147	6156	4.02406693540763
8284	8287	4.02342988996301
6164	6228	4.01923108756614
4666	6156	4.01905908425716
6133	6160	4.01883356602593
6164	6187	4.01814729988516
6129	6187	4.0177781671684
6135	6208	4.01747847749363
6208	6228	4.01743298428431
6206	6223	4.01720254482466
26986	7178	4.01717173071086
2791	5473	4.0169378514623
6135	6152	4.01525831204124
6206	9168	4.01497755242741
6194	6235	4.01457691490184
6187	6194	4.01384692997229
239	5742	4.01366351539658
10075	7178	4.01362631552619
6217	6228	4.01246521695897
29997	6193	4.01177531338552
6152	6235	4.01169641942508
3002	5551	4.00995540143432
6142	6222	4.0089248351579
26986	6222	4.00819872835175
567	6206	4.00819647987585
29997	6152	4.00695663942929
26137	6314	4.00686764707045
6156	6229	4.00612539977325
6152	6176	4.00594372458511
4680	8993	4.00470363386324
7178	9168	4.00444548887909
6129	6152	4.00441747243
6217	9168	4.00435088173109
26986	6161	4.0029947540435
3842	6738	4.00167960339745
6156	6194	4.00124304162224
6279	6280	4.00075761343635
55771	90338	4.00040215519543
6129	6161	3.99983351058919
60	6176	3.9995925672151
6133	6158	3.99935169640766
6129	6209	3.99882018123553
2746	2747	3.99743848731026
1669	1991	3.99669746380218
26986	6205	3.99495390390834
26986	6232	3.99269452510914
26986	6160	3.99173711453262
29997	6129	3.99115953344549
1669	4353	3.9910704152027
2057	3508	3.99044904303257
4736	6223	3.99038937328316
10561	51191	3.9902121109824
6129	6229	3.98992869304087
6521	8991	3.98827101020775
6201	9045	3.98763549440164
3430	3665	3.98710586371777
6158	9045	3.98635382050513
2038	3045	3.98560094460976
6206	6208	3.98541552692614
29997	6223	3.98448704716907
6152	6206	3.98401097598633
10075	26986	3.98366637025158
8284	9086	3.98250585638607
567	6208	3.97990182676191
6142	6161	3.97926754647803
6135	6156	3.97879633822811
23036	3842	3.97797897846273
6129	6205	3.97783598515377
1116	3934	3.97764484419538
51619	7475	3.97739815494306
6208	6223	3.97451911084079
6156	6206	3.97426271195566
567	9168	3.974239473275
6142	6187	3.9734101629862
6129	6232	3.97198663664672
1915	6156	3.97143401685772
29997	6194	3.97123475990628
6133	6147	3.97013481669723
60	6147	3.96988146030572
4666	6164	3.96957717922782
8653	9086	3.9695406030411
6135	6232	3.96756978820019
6129	6176	3.96721765113738
6164	9168	3.96565283449232
6141	6217	3.9631427097311
6158	6223	3.9630441389705
4736	6193	3.96272544258731
4666	6160	3.96159419378352
6799	6817	3.96145606162581
5228	79939	3.96073964286924
6133	6164	3.9589403648384
1915	3105	3.95760508579003
6147	6152	3.95714406328609
23036	26137	3.95632707075069
212	3049	3.9557914715681
8287	8653	3.95269044119507
26986	6158	3.95250615897287
1915	6194	3.95105868750117
6152	9168	3.95074651722709
6160	6235	3.94628902666233
2810	51619	3.94620293837897
6138	6201	3.94491410857737
1669	3934	3.94376652831661
60	6170	3.94341102105443
1915	9168	3.94280925521237
23036	6314	3.94257881544077
6133	6208	3.93730407196123
1915	6152	3.93476661589646
6170	6206	3.93138090528021
6223	6229	3.93006497158443
6129	7178	3.9285493623176
60	6161	3.92832983612872
6232	9045	3.92679511982186
6135	6176	3.92620995282104
4666	6133	3.92521153910359
6161	6223	3.9244330684459
3105	6187	3.92429064507018
6194	6208	3.92407505639746
3934	820	3.92286928568869
4496	4501	3.92167740535741
6142	9045	3.9205738527938
6135	6229	3.9196494041466
6133	6176	3.91863636672315
26986	6171	3.91756147511651
6205	6223	3.91690703144522
567	6167	3.91612691567709
3105	6206	3.91566045268022
6193	6209	3.91460678043572
6129	6235	3.91412840741256
6128	6201	3.91379906790848
29997	6142	3.91218656894648
10075	6170	3.91212167299768
6147	6206	3.91168815491906
6129	6158	3.91078361213229
6205	9045	3.90973496299747
26986	6187	3.90949715261697
6170	6217	3.90937301016627
6164	6201	3.90917957750356
6160	6201	3.90756890845271
3105	6222	3.90598564773753
2999	3001	3.90242013811271
10217	5742	3.89876174339914
10561	4599	3.89597620493679
10075	6133	3.89515902311542
6141	9045	3.89217544361874
6129	6206	3.89201576480159
6142	6208	3.89115720449429
26986	6170	3.89077899370191
6201	6208	3.89076890614193
6152	6232	3.89062350577185
1669	671	3.88949008636543
6235	9045	3.8889945920639
4666	6167	3.88876572548422
6135	6158	3.88523059029576
11031	6283	3.88419410662089
4736	6201	3.88366132548468
1213	9276	3.88365508805569
6135	6168	3.88305666076065
51619	8483	3.88295139857559
1116	1669	3.88269173324696
1191	5476	3.88244487990062
6187	6223	3.88151498041569
2766	6622	3.88115358015742
6142	6201	3.8784732162837
1116	8993	3.87402450253615
6133	6171	3.87185671282635
5196	5473	3.87122723570718
6228	9168	3.87095008902252
2512	60	3.8699604582855
4666	6141	3.86759508353795
60	6229	3.8650121069138
11276	5567	3.86463894869722
6160	6193	3.86407502671636
6193	6235	3.86318379804029
55142	79939	3.85983685523818
81027	8436	3.85811135681387
3105	6229	3.8572053425224
567	6133	3.85703877551612
6167	6235	3.85535688892
6156	6170	3.85365101831879
55720	90338	3.85299921373367
5502	6508	3.85005298658912
10075	6222	3.84894591578008
55771	81856	3.84834947778978
567	6228	3.84692024972568
6128	6156	3.84607275947622
6129	6208	3.8445883230346
6167	6206	3.8439750565578
6521	6622	3.84397071498174
6156	6235	3.84109464301572
6156	9168	3.8405172148036
6133	6135	3.83850432404213
6142	6164	3.83688683483968
2038	6622	3.8348383197226
6164	6206	3.83265445790612
6171	6223	3.83192848759343
8115	974	3.83118076151289
26986	6176	3.83111022693493
60	6232	3.83106778077242
285231	90338	3.82925177102234
6135	6171	3.82921546787706
6141	6152	3.82714395762385
285231	5228	3.82533998000929
5228	90338	3.82310625500969
6135	6194	3.8217099668318
29997	6209	3.82106587553059
55142	81856	3.81855561694827
4666	6217	3.81843371658459
6129	6194	3.81823525665929
6689	8115	3.81632293812899
6168	9045	3.81604379967889
6209	6235	3.81603547223763
2038	212	3.8149954574908
6156	6228	3.81291316482268
26986	6228	3.81044598468528
6206	6228	3.81022119049845
10561	3437	3.80966987766755
6206	6235	3.80845165443779
6222	6223	3.80733885472256
3674	5742	3.80718488626007
4666	6165	3.80620788467567
6314	80204	3.80612540561268
2323	51466	3.80414052050426
212	51327	3.80353778803468
3437	51191	3.80295318609411
6133	6156	3.79862863930375
4496	4502	3.79707020953482
6135	6164	3.79619714761717
26986	6156	3.79385323461223
6201	6209	3.79363579114748
6222	9045	3.79266279842486
1669	383	3.78989376606174
1116	4680	3.78877159849577
6141	6194	3.78846863557234
1991	4353	3.78252981190239
6129	6147	3.78206621154791
6176	6194	3.78038492555727
6129	6164	3.77561156204224
6138	6223	3.77544992274307
60	6205	3.77330155629305
11031	6888	3.77276184581411
29997	6135	3.77182200356025
10217	3674	3.77147339269178
6176	9045	3.77110873933503
29997	6160	3.77081141992236
2038	6521	3.76962260590082
2791	5196	3.76954097750418
60	6209	3.76936670070014
23036	90338	3.76865222850926
6129	6193	3.7676149168566
2162	5742	3.76684349826339
26986	6147	3.76659640078697
26986	4666	3.76627657884657
10075	6228	3.76605444100557
3690	5742	3.76597828898892
6129	6228	3.76540768107613
6135	7178	3.76026882110282
6164	6194	3.75959351611445
6164	6235	3.75576428261434
1915	6142	3.75570363910109
2235	7145	3.75495969743568
3945	915	3.75242264941901
567	6217	3.75003946655573
6161	6201	3.74984559959524
1915	6135	3.74731361687455
6135	6228	3.74713779300757
5836	79887	3.74613015462552
29997	9045	3.74541354166922
6129	6135	3.74483322714351
51466	7535	3.74415885080361
5742	6678	3.74378188482315
29997	6206	3.74344466534561
6142	6232	3.74113012606558
10235	3004	3.73814601458328
1874	3508	3.73808259049244
6128	6164	3.73761985775562
54556	6738	3.73736359628956
6152	6168	3.73603886616342
28959	55365	3.73332869380256
55142	55771	3.72734112542087
22850	55422	3.72654531152677
6129	6168	3.72474222308316
6133	9168	3.7242841931893
3437	4599	3.72420350163725
26137	2803	3.72251031153795
6135	9045	3.72205519673209
6158	6194	3.72141161177102
29997	6229	3.72021962358246
6193	6229	3.72013617149045
6133	6217	3.71957529464834
6128	6165	3.71793566491288
671	8993	3.7172562183336
10561	10964	3.71705964263677
1992	5836	3.71670711245256
6201	6235	3.71544977999749
6128	6160	3.71424708984793
140885	7077	3.71083479338312
27243	5710	3.70873776111284
5836	6283	3.7084608873273
6133	6229	3.70707122457134
26137	6304	3.70637928301357
6622	759	3.70325007353861
51327	6521	3.69885124485534
6165	6201	3.69804369244898
6142	6156	3.69743810875203
1088	820	3.69700977035757
220972	7145	3.69689685183455
26986	6208	3.69554055302836
285231	55142	3.69305254628508
6133	6209	3.69185242024909
4666	6232	3.69007628266434
26986	6167	3.68937595472585
1524	55303	3.68887334966032
6128	6217	3.68870138339843
26986	6229	3.6884340894693
6229	9045	3.68822680399733
383	3934	3.68633010283839
6222	6235	3.68468578485542
2038	3049	3.68039112613855
3727	63935	3.68021074490713
2512	6279	3.68014148852688
6141	6201	3.67962292490017
383	8993	3.67161312690809
3983	915	3.67125208756909
23036	6232	3.67033683572565
6141	6142	3.66951626484689
4688	79887	3.66921874936435
6167	6194	3.66774511818727
6622	8991	3.66733555703664
6142	6228	3.66553376084111
3674	4900	3.66087935259318
4666	6168	3.6600504388339
11276	26034	3.65928560461668
4666	6161	3.65694230406201
113791	23484	3.65615180064808
5226	5836	3.65030159442313
1992	2992	3.64979491218416
29997	6205	3.64819868976128
6152	6228	3.64773460544457
6194	6232	3.64694218172585
6142	6167	3.64571805518095
2994	759	3.64364560958302
286	7145	3.6431477582739
4680	6947	3.64275150918259
6193	6206	3.64037932206032
4666	6208	3.63989538034991
5577	5742	3.63914194468747
6128	6223	3.6363366497207
4689	5836	3.63585444965666
10075	6161	3.63481297953729
63935	7803	3.63466732979201
2017	6678	3.63364069706934
3105	6161	3.63325347770051
10135	2752	3.63320891209186
3437	3665	3.63280335652451
6156	6230	3.62743942236222
3105	6209	3.6256079241825
3105	6176	3.62410593433511
4666	6201	3.62389059255928
3105	7178	3.62156080407946
1991	4680	3.62084785168405
3934	4680	3.6164224488634
26986	6209	3.61633547832963
6142	9168	3.61193610162669
6228	9045	3.61061277106412
6133	6187	3.60906531579187
6142	6168	3.6076388506411
6142	6176	3.60710151750593
10554	23558	3.60455546752182
2180	366	3.60321192713854
29997	6235	3.6029662147448
26986	6164	3.60282148416762
51105	90338	3.60154210785488
6136	6152	3.60147565292282
10659	26137	3.60132043561752
29997	6208	3.60116526390145
4736	6142	3.60069844919993
4501	645745	3.5946642118093
10075	6158	3.5943627096994
8287	9086	3.59331871923169
2791	5577	3.59300838209386
285231	51105	3.5926652537933
10857	3690	3.5925185332602
6167	7114	3.59063722080232
6138	6152	3.59036139954436
3045	3049	3.58669449811311
4493	4502	3.58600982662181
6147	9045	3.57358890502152
6158	6235	3.5700942436538
6167	6223	3.56979796130343
6164	6223	3.56847772489458
1915	6133	3.56650019682982
1874	51619	3.56554287751036
6135	6187	3.56098347799071
29997	6161	3.56042358166673
6129	6170	3.5599528173242
4666	6152	3.55962860888634
4666	6158	3.5574472873274
4689	51734	3.5551326123118
6133	6206	3.55184218292051
29997	6136	3.55092060771705
6194	7178	3.55069393474711
10321	820	3.55064985842392
1915	26986	3.54776476839824
170960	6738	3.54733910915792
4666	6222	3.54650299402716
10412	9045	3.54493363691114
10562	8993	3.54358159000626
170960	285231	3.54267491512039
11031	5872	3.54245777507135
6187	6193	3.54186766096916
3045	6622	3.53960288535233
4736	6152	3.53689465531289
6223	9168	3.53650660182326
3932	9214	3.53572890689108
1524	28958	3.53438819957208
10075	6171	3.5339107475785
6129	6156	3.53170572080345
6141	6160	3.53151638629453
10964	3434	3.53146367577966
383	4317	3.52758442447839
6232	6738	3.52728297285028
3045	759	3.52678076166363
3049	8991	3.52540275392944
6201	6205	3.52536322540537
6193	6201	3.52482761842727
4599	51191	3.52420500718178
26986	6217	3.52359566466567
6947	8993	3.52254369751257
6152	6170	3.52232942322529
1417	57664	3.52071139436804
916	924	3.52042806675494
6193	6205	3.52024276685464
26986	9168	3.52017515684595
26986	6135	3.51560129242728
6141	6156	3.51360034624156
10075	6232	3.51315755293619
51070	915	3.51279896882912
60	6158	3.50905519986718
1390	5144	3.50786473884019
634	6947	3.5061606447519
4666	6223	3.50538274491084
4666	6205	3.50044794510801
26137	80264	3.49965891671294
6229	6235	3.49868856945845
3665	4599	3.49683627172208
3932	915	3.49574450804353
10634	3674	3.49443209250031
6136	6194	3.49376504045911
3674	6678	3.48983391559662
6156	6165	3.48928346925627
3934	6947	3.48786177336424
6135	6170	3.48215008638094
6147	6194	3.48166455071323
60	6206	3.47868100883384
3105	567	3.47778367259669
396	57104	3.47776750459574
170960	5228	3.47437752244032
10561	3434	3.47199191307823
6521	759	3.47081486087644
6230	9045	3.46762388349676
6283	80896	3.46550752776662
306	8993	3.46372892786873
10634	5476	3.4629282899236
4736	6235	3.46197468928791
4666	6235	3.4614223227842
3674	3690	3.4610984914515
1153	64112	3.4604237713214
23181	90338	3.4600211199878
7475	7849	3.4599639903263
60	6228	3.45717663579863
6165	9045	3.45660843500999
25793	91300	3.45655041740897
4666	6228	3.45625110246183
30845	5742	3.45485965977484
6161	6235	3.45280249405403
6223	6232	3.45240379017008
6129	6223	3.4513724157043
6192	8287	3.45136409775449
60	6160	3.45097726660755
170960	6168	3.44743939123078
6135	9168	3.44731188848069
2992	5836	3.44329555535841
4493	4501	3.44281657743283
6205	6235	3.44232383273075
4736	6217	3.44156501076046
54556	6232	3.43769180135831
6193	6222	3.43746351809899
6152	7178	3.43716670709741
5473	5742	3.43349058108131
56	7475	3.43348629568336
6167	6201	3.42798685543056
3842	54556	3.42595879269069
3105	6168	3.42532010955211
5742	7739	3.42320426490704
54542	6738	3.42144726295536
6135	6206	3.41807562839557
6142	6147	3.41595001359735
1088	1669	3.41457043790869
2162	5473	3.41362493620646
2162	7739	3.41287796495697
306	4318	3.4111741225085
3105	6232	3.40691219965561
6161	6193	3.40687947757677
6129	6142	3.40643024855461
2876	5476	3.40521113816705
4599	4939	3.40215278364405
2907	7791	3.39818455735854
6128	6142	3.39760995542535
598	7145	3.39731604052594
89941	91289	3.39509876381126
10659	6314	3.39393000357813
4353	8993	3.3926293209443
2039	6622	3.38960388596544
54556	6229	3.38872442582849
388677	90338	3.38470267969119
4666	6142	3.3821961843489
6201	6206	3.3821064453574
4063	9214	3.38129859079936
79939	84172	3.38078019810466
3105	6205	3.3806545296345
26986	6206	3.37931965451514
7347	8894	3.37609496992713
9045	9168	3.37498551058832
5836	5872	3.37398781880691
6138	6141	3.37060061915752
29997	6167	3.37002903537977
51237	608	3.36923589417623
6194	9045	3.36898460168032
5742	7168	3.36823626647598
29997	6158	3.36788728373778
1462	6283	3.36636644659521
6171	6193	3.36569722177487
306	4680	3.363228075065
51327	8991	3.36316916544224
3001	3560	3.35892183117625
567	6129	3.35694287633631
567	6156	3.35678505717627
6232	6235	3.35563845378964
212	759	3.35107543473327
54556	6168	3.35095690697277
6135	6201	3.34843146606171
29997	6222	3.34567711350781
6314	90338	3.34550336932643
23608	25793	3.34383518486765
29997	6156	3.34365664014849
10125	6932	3.34203489368837
6128	6235	3.34185069536495
4495	4502	3.34120371253258
26986	567	3.33894123576955
1070	55164	3.33735644591745
6241	7298	3.33591717005131
23036	285231	3.33407583397401
25793	2935	3.33323533504286
6164	6230	3.33215456138291
163486	80204	3.32823135552772
11276	26119	3.32788576877765
4666	7178	3.32741177455974
306	4353	3.32624287194611
170960	55771	3.32574896003214
7178	9045	3.32421908402132
6622	665	3.32411183948928
3638	55361	3.32317026941745
6304	80264	3.32174025111167
1088	3934	3.32052144708043
6138	9045	3.31925684114527
11276	6480	3.31857204130651
1965	55303	3.31622573342559
2803	6314	3.31424503383239
23036	54556	3.30980739550178
2039	6535	3.30964236936055
7803	9929	3.30330598328148
6217	6230	3.29731629552063
1417	6508	3.29664116183339
5143	79939	3.29040900757915
383	4680	3.28988676173914
10561	4940	3.28931524896243
923	9806	3.28771533704997
1915	6193	3.28658267765012
6201	6222	3.28556096955737
6141	6193	3.28509537985037
6176	6223	3.28388562989612
11214	3842	3.28035408490748
6168	6194	3.28022143529503
1039	940	3.27952794529823
51619	7849	3.27702119007983
54556	6171	3.27420208948509
25821	79961	3.27389809163508
23036	6168	3.27202291922328
170960	6228	3.26728662724576
1088	1116	3.26638338150613
5567	79961	3.26342485672436
3674	5476	3.26146723494139
4493	4495	3.25959890529182
170960	388677	3.25881647398672
25793	573	3.2582820764705
55303	55656	3.25553206778361
51176	6932	3.25377213841633
1915	6223	3.25314259931365
170960	6232	3.25246803427543
6135	6193	3.25155704328165
3434	51191	3.25155542194732
6168	6223	3.25121323374119
60	9168	3.24952328247214
3690	6678	3.24858152736728
1116	671	3.24745085351193
3055	3417	3.24693161633977
29997	6171	3.24663639650903
6171	9045	3.2402308403081
4736	6141	3.23762900344519
6208	6230	3.23632153571878
11276	91298	3.23602991903067
2038	51327	3.23418678016012
5872	6283	3.23349387111192
6171	6235	3.23142369080644
1915	6235	3.230847713909
4666	6209	3.22926402481272
54556	6160	3.22208361780266
3842	55054	3.21956599112189
3105	6147	3.21794720290918
10307	1874	3.21786180520275
567	7314	3.21441990688525
6141	6161	3.21382248289019
10075	6205	3.21031481564557
26137	90338	3.21028044879423
6128	6138	3.20928100369451
6141	6235	3.20807277517907
23036	3480	3.20600867341875
6128	6168	3.20509075855761
6678	8555	3.20317518202677
85021	90338	3.20080807686101
140885	1509	3.19973865965888
6228	6235	3.19950947158821
1390	55422	3.19579482704101
3045	51327	3.19537143487732
6133	9045	3.19438271626628
6633	8666	3.19324264405005
6128	6141	3.19230842159038
1116	4051	3.19174779891127
23569	5836	3.1892544424479
3932	939	3.18844749363967
6129	9045	3.18140251375584
6193	6208	3.18120678683328
170960	81856	3.17530722169715
2162	6678	3.17510113415523
10206	54934	3.17503953904855
10075	6187	3.17466533098443
10217	6678	3.1738959064999
3105	6170	3.17320527145303
27040	9214	3.17266798401828
6138	6165	3.17241565481374
1783	23036	3.17227465960439
3820	84525	3.16989733607577
1524	8743	3.16978079115789
6187	9045	3.16924771853878
6138	6142	3.1660520646269
6138	6156	3.16582462076571
1511	932	3.16459082613811
10443	472	3.16421679248926
4680	566	3.16243893909542
4736	6194	3.15991283406152
10398	10634	3.15802055675913
4736	9045	3.15729840437962
6128	6232	3.15689963565884
80264	9252	3.15523944509957
51734	5836	3.15469056812728
10075	60	3.15413097605415
2512	4946	3.15185001162968
6176	6201	3.15084746845002
54556	6222	3.15071601811732
6138	6235	3.14889447811558
2017	5742	3.14814033920843
10634	5742	3.1465108860325
6201	6229	3.1448454664876
2017	2791	3.14291223069349
1965	6897	3.14239394564408
10217	2017	3.13949095056647
6208	6235	3.13702651471845
4638	5473	3.13664920147567
1992	6283	3.13521462237522
4688	5836	3.12896506355237
4318	57126	3.12728326568969
4680	671	3.12465186138926
2810	56	3.124271464979
10634	2162	3.12378813608453
29760	53335	3.1217489534758
6141	6205	3.12094767131503
6217	694	3.12084734586101
212	6622	3.11998656229441
6141	6209	3.11787938421672
7168	8555	3.11419357217903
4599	91543	3.1140186206153
29997	6141	3.11143302570741
11184	51466	3.11028662080629
1915	29997	3.10879612696701
1088	1991	3.10771905241958
51105	6314	3.10666354619615
239	3674	3.10483976228114
10964	4599	3.10374478411897
472	55729	3.10335011073677
1509	2896	3.1018633028675
23036	6228	3.09850382475517
23036	79982	3.09652911691663
2235	669	3.09483351750371
4666	6230	3.09351187506041
6133	6152	3.09326445860499
2512	567	3.09228904111388
239	6678	3.09044879344024
6141	6208	3.08834761584138
51734	55711	3.08684464319753
3383	5329	3.08344063337634
6128	6208	3.08332112137443
25793	51094	3.08184226864195
6170	6279	3.0795944471388
5577	6678	3.07798120090075
4318	4353	3.0762175930256
10659	23036	3.07614589600263
170960	1783	3.07597907182006
4317	8993	3.07597435972604
26137	80204	3.07252186478416
7114	7178	3.07067173144133
6156	694	3.06964932223938
6141	6206	3.06823434121904
6147	6223	3.06810566939073
23032	9857	3.06719288498062
6170	9045	3.06635852107401
10641	80342	3.06507760374192
3956	6283	3.06205188086705
4638	5196	3.06147851278829
27092	51619	3.05828707972549
4666	6138	3.05769737663225
6187	6235	3.05676190590018
6129	6136	3.05658401954481
5710	6923	3.05190863053798
6167	6193	3.05127768266758
5567	6480	3.0505989670887
6128	6152	3.04718092711768
1070	55726	3.04549280473303
2017	3674	3.04444453086696
26999	3945	3.04430314071417
4496	645745	3.04226567426264
3105	6158	3.04221252976154
6168	6738	3.04195729333828
10075	6176	3.04125849705466
64096	652	3.04082812334579
6128	6167	3.0351527590343
2993	759	3.03080763578797
6138	6217	3.0301037811926
6165	6217	3.02655058208192
4666	6147	3.02643560783147
170960	7178	3.0250268221326
2935	5494	3.02493084872823
6147	7114	3.02440581707181
54556	6156	3.0243465338996
4353	671	3.02164283250762
29997	6232	3.02097255131938
10075	6160	3.02061714576488
22823	5927	3.01732529497269
1874	2057	3.01082957718544
11126	3560	3.00770933836372
10628	694	3.00301613805816
6135	6142	3.00286168775856
5228	81856	3.00271496473812
29760	55024	3.00116459674636
4353	932	2.99685215218698
26986	6152	2.99499572617957
3105	9168	2.99331206940512
6161	7114	2.99257362406997
1039	23484	2.9918977676622
23036	7178	2.99140619958886
3842	54542	2.99120954535972
10075	6156	2.98807905559317
29997	6187	2.98724033370142
3049	6521	2.98600001787197
27040	4063	2.9822514295422
6633	9045	2.97938609477304
2512	9168	2.97812853723967
6164	6193	2.97690097877979
6193	9045	2.97618396272864
51619	56	2.97617116484778
3049	6622	2.97541792540429
4946	567	2.9752863828629
6135	6223	2.97408638385603
4680	634	2.97139253614086
11276	54674	2.97042934633439
114548	8767	2.97021119426562
80204	85021	2.97005514284986
51466	994	2.96914302702275
27243	6888	2.96717676420538
4783	5329	2.96700008899316
4666	6176	2.96673743837208
222658	9991	2.96536076173115
10562	4057	2.96518601366415
4603	6775	2.96261765567627
6142	7178	2.96112410529314
54556	6161	2.96018363677896
2495	4946	2.9547790612718
6235	7178	2.95198240887485
1991	3934	2.95156780864329
23443	9852	2.95140989641854
10135	597	2.95013532808674
54556	6164	2.94776641646011
6194	9168	2.94728741443489
55303	8615	2.94701173783785
6194	6228	2.94443360538717
10135	10221	2.94410607446306
5143	80097	2.93904170558508
7145	759	2.93021101690666
170960	6170	2.92652441477232
4736	6156	2.92532240599772
2810	7475	2.92369677154864
11276	80342	2.92292049961622
2355	55361	2.92276164463554
3055	5175	2.91841191579542
3693	6678	2.91534652264795
2162	239	2.91437781908956
3684	5836	2.91363349707188
26999	6304	2.91241617846181
6160	6230	2.9102736156123
1524	27236	2.90798753169378
6128	6230	2.90408188720292
26986	6194	2.90102091153982
25801	51363	2.90014860802677
5551	9289	2.89796402111031
6141	6222	2.89785514004188
3055	3101	2.89367432228368
6141	6165	2.89312863694948
1915	7314	2.89294616366176
10443	220988	2.89028818917206
1192	58472	2.89025800226482
4900	6678	2.88869623848491
2038	6535	2.88850477794032
6689	974	2.88704408421933
4713	8894	2.88691422535471
2999	6352	2.88686420905008
170960	6158	2.88560856052631
2999	3560	2.88553566008411
6170	6194	2.88465583509821
3934	4057	2.88356725482753
60	6208	2.88017323163902
1559	3359	2.88003982138208
6314	85021	2.87961722606473
10659	80204	2.87918750485858
3105	6228	2.87886001417489
2512	6187	2.87790057313116
4666	6135	2.87784886281372
6209	7114	2.87721367626582
6138	6194	2.87256514350453
26986	6128	2.87127527933224
1783	6738	2.86890301610868
11031	1475	2.86803927817217
26986	9045	2.86515144610599
2204	7056	2.86450800907436
323	56	2.86441104241119
26986	60	2.86440726649524
1991	671	2.86408441092937
1390	6309	2.86374111181093
55164	55656	2.86364027955931
6222	7114	2.86229670643373
23036	6222	2.86068145454482
6171	6201	2.85724352023608
6165	6194	2.85685773159997
6129	6201	2.85671915377185
395	5742	2.8556600311923
26137	285231	2.8543822989485
22904	2907	2.85403878286344
1390	51526	2.8520751639665
3932	914	2.84990291782712
6133	6194	2.8484302202707
1511	4680	2.84815521590311
5142	9308	2.84804124387661
2791	4638	2.84591675734204
7111	759	2.84466220473122
11219	1417	2.84445500777824
29997	6201	2.84237539113427
6223	7178	2.84229666017214
6228	6738	2.84214028976845
54556	6158	2.84051705933891
29997	6147	2.83655158566901
1026	2355	2.83425995250278
2512	6171	2.8336216627988
2355	7090	2.83254602582754
3983	51070	2.83244237344736
3105	6160	2.83046940036348
1915	9045	2.82521815274459
306	383	2.82227723379708
25793	6622	2.82160002180384
409	64748	2.82079581902793
10561	91543	2.81905925681076
5567	80342	2.81633733334256
26999	9045	2.81626987331428
1915	7114	2.81588334353916
6158	6193	2.81477555288324
6156	6193	2.81389614807628
820	8993	2.81334733958363
6171	7314	2.8132696312293
10562	383	2.8094486658284
5836	978	2.80884174609366
23181	55142	2.80684736759222
6230	6232	2.80475766403352
51105	5228	2.80422860569721
4317	634	2.80410825144579
5930	6304	2.80349942052018
6141	6158	2.80225601577715
10221	4783	2.80099292794746
2512	6168	2.79976639474252
23043	23169	2.79773949978448
29072	3609	2.79728376058693
10125	3945	2.79464968477907
6222	6738	2.79331130398952
669	759	2.79328884665806
10312	2896	2.79275904352991
3437	91543	2.79254362440005
6136	6142	2.79192847332042
1511	4353	2.79161191737573
90338	9852	2.79043709991408
1153	3337	2.7901226762025
2038	2993	2.78912063832178
26137	85021	2.78889724132055
220972	759	2.78826241760808
6426	8615	2.78773422527106
3693	5742	2.78754399955043
54556	6187	2.78562403455851
4494	4501	2.78460947739661
3932	4063	2.78080598922762
2212	80896	2.78013132508265
2999	3002	2.77832481649628
3842	4820	2.77696755259334
388677	9852	2.77665275966993
30009	3824	2.77616062771139
6138	6193	2.77562624420916
2017	3693	2.77559943599891
170960	3842	2.77552510280171
26137	9852	2.77522048387536
6170	7114	2.77349108815716
60	6279	2.77245868074961
10950	23764	2.77219643790244
10206	6477	2.77196582012575
3337	64112	2.77176977434029
6136	6217	2.7711695025083
4318	4680	2.7703263984556
239	3693	2.77009460856635
383	4353	2.7675240742366
51192	5836	2.76715670771246
4353	566	2.76669178924899
6142	6170	2.76228125675977
11276	474344	2.76174071209877
2091	915	2.75947358565645
2057	5675	2.75628893066506
5930	80264	2.75194418028608
1116	1991	2.75165069155451
79939	90338	2.75139180795823
1991	4057	2.74984047527643
10628	6206	2.74767800543448
23036	51105	2.7468239274634
51105	55142	2.74633266120361
598	91300	2.74549412143642
10561	9636	2.74393741904008
7535	994	2.74365393796525
11329	55204	2.73211149273164
29997	6176	2.73080660074491
5226	683	2.7261651814286
2235	286	2.72513917988571
2039	51094	2.71979959056798
3002	3560	2.71786273556422
23036	6158	2.7170706748516
3934	4317	2.71454748476355
4736	6128	2.71386440569104
54556	5469	2.71376712859158
2162	3674	2.71332125745629
383	671	2.71323802602318
2791	5742	2.71269267153421
1088	671	2.71077185319664
1669	4057	2.71062035861297
26986	6201	2.70896729334119
6187	7314	2.70876133421455
28957	466	2.70746514084291
6135	6235	2.70700014705506
239	5577	2.70607189767356
4666	6194	2.70553242026966
6167	6230	2.70548852533708
302	3956	2.70502684815346
6535	6622	2.70462717515268
6314	9852	2.70163745258797
10125	3932	2.70025349419235
6229	6738	2.70011260950238
29997	3945	2.69652700357466
6152	6633	2.69591727588494
2355	55647	2.69315727860794
1915	54556	2.69312096737493
22823	9857	2.69200045421245
6176	6193	2.69075730809696
6279	7178	2.6902898700921
10075	6229	2.68965175211224
5175	6916	2.68893587235473
6136	6235	2.68766556059314
2993	3045	2.68726576701882
2907	64748	2.6869267008495
10578	3002	2.68658415019197
250	6508	2.68606129042596
51327	759	2.68267402727953
567	6135	2.68108514506604
9252	9857	2.67972364302849
3480	3842	2.67897467572025
54556	6209	2.67780745364566
567	6279	2.67414578738014
23345	81539	2.67245471702922
29760	6689	2.67083835101956
29760	3112	2.67080641510008
23036	388677	2.67006291906798
1965	9276	2.66819717866759
54800	79939	2.66799958196656
567	7114	2.66769054845199
55142	84172	2.66668163305103
6678	7168	2.66623006869403
163486	26137	2.66592213122313
199	9056	2.66510326651733
10125	4775	2.66372627906763
23523	90379	2.66296418894562
2512	7178	2.66145548630179
10578	9289	2.66059599253303
1783	3842	2.6605857217388
6158	6201	2.65948897668093
11031	3956	2.65403359212879
168544	2896	2.65309579990075
54556	7178	2.65220728737531
3508	7475	2.64941387302004
3112	53335	2.64832108806873
11031	1462	2.64793759558868
6158	7114	2.64791626753075
3105	6129	2.64638795342801
79883	90338	2.64563203274839
2323	7535	2.64303876709238
6201	6232	2.6410442231057
6187	6201	2.63893097966528
55422	6309	2.63830941141853
10111	55656	2.63759490499838
29997	694	2.63408315381216
2091	8409	2.63218290507062
2495	6279	2.63166564544267
11276	79961	2.631551028011
10125	11168	2.63112965023377
254102	2783	2.62575279112357
6133	6201	2.6248931280155
4637	6279	2.62171116797404
3049	759	2.61894145520947
5836	8875	2.61861316691872
3934	4051	2.61798626116305
6128	6133	2.61778890383505
6738	7178	2.61726572091692
4493	4496	2.61548410948417
466	5706	2.61180003722103
51526	9929	2.61063809203597
240	51734	2.61045797219015
567	6194	2.60875713672553
3934	4353	2.60749594622408
60	6167	2.60687706240992
6160	7114	2.6062713868105
54861	55818	2.60579353723083
6206	9045	2.60302647214657
55361	63935	2.6002110174328
6128	6161	2.59880379825857
2935	9921	2.59449700282061
5965	9652	2.59433266828581
1991	8993	2.59396658506773
6193	6232	2.59378186038686
23001	366	2.59177666987629
4940	6614	2.59114653299479
6235	694	2.59104373131806
30845	3690	2.58810370317805
2512	6170	2.58773796337687
10661	8991	2.58727575254576
6129	6133	2.58700091956648
1548	51619	2.58299759873067
5790	9214	2.58118981002278
26034	91298	2.5804069905115
10398	5476	2.57935540022515
10123	1039	2.57677609185401
3932	51070	2.57627445521692
6129	9168	2.57592746402074
54934	55818	2.57563143473189
10412	4869	2.57429327785212
3508	51619	2.57346208898561
10075	6209	2.57327338954832
6280	6888	2.57156255840716
3945	9045	2.56984593836488
1191	3674	2.56538331996738
6194	694	2.56444978267081
4601	8531	2.5643942243205
10513	25842	2.56430170315529
7153	9768	2.56426499295626
3437	9636	2.5633704939643
6205	7114	2.56263512303634
23036	6170	2.56078147457395
2791	8848	2.55835180723919
10409	7850	2.55415509176753
2235	25793	2.55384698021921
5144	51526	2.55334623788029
6688	7791	2.55267570712181
10562	1669	2.55169175037307
10978	51526	2.55033026954694
10075	9168	2.54702722786336
1548	56	2.54681587007802
1116	4317	2.54619743340583
1070	11276	2.54505415854034
6128	6158	2.5432560276632
6206	694	2.54215155198149
56935	58472	2.53899661755874
26986	6142	2.53865395936956
10398	4900	2.5386003402974
2512	6222	2.53633264426836
6201	7178	2.53510594719378
170960	55720	2.53332937329685
51176	64919	2.53295454919458
6201	6230	2.53270386059346
6147	6193	2.53227603776483
25793	9921	2.53208083592611
170960	6222	2.53096482745987
6136	6223	2.52956865385167
6176	6230	2.52849018592361
3434	4599	2.52799080576287
5143	84172	2.52747864301626
23307	3417	2.52718252375384
1633	25816	2.52631497347672
26137	6164	2.52596583294852
1524	55656	2.52582530274536
3071	5089	2.52450533001701
472	7767	2.52398625697639
1606	51176	2.52249776705895
51619	8747	2.52235160084851
1039	113791	2.52185670105934
6176	6235	2.52185459461099
10559	1955	2.52175169299388
56	7849	2.52171024344907
25793	4635	2.52030530502781
2039	665	2.51983297152675
6223	694	2.51900426251062
140885	6556	2.51651272652312
2992	6283	2.51567928123471
6167	6633	2.5125778129771
6141	6187	2.51187005614349
6128	6205	2.50953140119656
56259	8894	2.50859058164247
6147	6201	2.50789702035395
54918	6888	2.50783977977009
23036	9852	2.50741993730003
6036	79887	2.50614183305753
23036	6304	2.50568045842992
239	3690	2.50454114902743
2766	665	2.50451818547395
10661	2038	2.5043786610632
2162	2791	2.50287601676868
11236	7803	2.50023360553665
3049	6535	2.49981870237955
6165	6223	2.49863463330597
388677	54808	2.49705478602024
54674	5567	2.49478197263299
10561	3665	2.49364749575369
5394	55957	2.49276768345234
170960	23181	2.49254781242699
25801	3417	2.49043052491037
2920	3576	2.48777624972713
4820	56987	2.48726965238038
388677	55209	2.48658451544814
5836	80896	2.48547046688682
55361	80219	2.483499289525
6223	6228	2.48169257204779
383	4318	2.48065893369769
6168	6235	2.48029487754258
10135	6515	2.47831424600251
170960	26137	2.47732953531397
54674	79961	2.47633924229717
23032	5965	2.47574141818306
55720	79883	2.47524215615931
3983	6932	2.47365339264491
10321	3934	2.47241316762011
2815	5196	2.47133802816094
6128	7178	2.47052068072304
1874	2810	2.46626399487947
27092	3508	2.4644384581345
54556	6228	2.46362542998315
665	8531	2.46217596166889
4666	6187	2.46139386683801
6128	6222	2.46014495517978
27092	7475	2.46001955550296
285231	79939	2.45862432620209
3112	6689	2.45575654873108
4600	51191	2.45389146282316
6232	7114	2.45308677047145
51094	665	2.45042576177627
5836	683	2.44898183362825
6596	79961	2.44896702478181
140609	466	2.44877405405495
4946	60	2.44810848620937
11219	23620	2.44764024823451
3055	51734	2.44480294307958
5143	5228	2.44479118296207
23036	6164	2.44326700245967
1488	9276	2.44264806371692
23036	6160	2.4418486654852
1390	8507	2.43965409255511
138151	64757	2.4362536952537
6152	6165	2.43510839731387
10075	1915	2.43031912464819
54556	6208	2.42861861119282
6228	7114	2.42740663895274
605	973	2.42717332712753
5228	84172	2.42617317806634
10578	919	2.4253564013077
54556	6176	2.42450841003415
2896	51296	2.42374197385119
4900	5742	2.42332626719831
23523	8175	2.42145253728133
4783	6515	2.42082678425988
3417	5873	2.42000880054589
10288	10859	2.41830239858968
51105	55720	2.4174352543216
671	820	2.41311012423693
23484	54861	2.41297529909184
5473	7739	2.41219650701085
170960	79939	2.41186151342954
1915	6201	2.41152500249152
27040	939	2.40850611185915
6133	6142	2.40387858689141
11054	9146	2.4028983806747
2999	5551	2.4027810157884
6229	7314	2.40252883315845
5577	7739	2.40197387280951
10075	6206	2.40092195861844
10561	6614	2.39616847876479
56339	80342	2.39589093515219
11329	79961	2.39513795261492
10146	51111	2.39351388987
3480	4820	2.3931345079819
6142	6165	2.391875083435
259173	51619	2.39177990434349
1511	1669	2.39150546800782
23036	5228	2.3882804883696
1417	23620	2.38639108977351
170960	9852	2.38493585140065
23313	3055	2.38473462083434
138151	5175	2.38373636855447
1213	51809	2.38261219234961
10146	9669	2.38254814641571
914	919	2.38200932358776
5588	64919	2.38019098495261
2994	7145	2.38003556063928
58472	9446	2.37687520000191
6135	6136	2.37559865919674
10559	5110	2.37535311785338
140609	55303	2.37421610939296
23036	4820	2.3738943940606
2512	6147	2.37351006216025
26119	54674	2.37333391240068
10125	51176	2.37316604833375
51111	9939	2.37249403709812
114932	25842	2.37060709854629
285231	55771	2.3702259326287
2057	27092	2.36494814613928
10206	64112	2.36046762412464
10075	6147	2.35979025511582
3665	6614	2.35921401747637
10075	54556	2.35863115946387
6158	6230	2.35743095342178
6689	930	2.35694381876857
80204	90338	2.35693856764625
6160	6738	2.35558292343518
4680	932	2.35488647345236
1116	4353	2.35453250766984
1116	820	2.35440676189173
7090	7378	2.35259209086437
6141	6168	2.34934580195238
23036	55142	2.34797912759152
65125	66008	2.34392092319782
388677	79932	2.3431306129744
1462	6888	2.34299689925711
54556	6205	2.34262157949754
285672	6738	2.34232546997198
5228	54800	2.34002961752193
3674	5577	2.33972257559031
2357	8972	2.33524587629445
3674	5473	2.33457877427247
4940	51191	2.33274520677904
3437	4940	2.33141214124931
6201	9168	2.33025448416011
27040	7535	2.32977434191687
1992	5872	2.32709280780974
81856	84172	2.32613427013275
29978	55957	2.32567709799128
6152	6230	2.32344199701133
6230	6235	2.32325001188469
140609	55656	2.32295335212152
4666	4869	2.32256504211019
54556	6217	2.32225600161401
29071	4332	2.31915015748855
60	6133	2.31899714882463
1070	6596	2.31892112082571
3945	8821	2.31688235325084
57396	8880	2.31682625205478
2180	3267	2.31603684060578
4666	4736	2.31559607628941
3049	51327	2.31492401905747
4603	9289	2.31484520303601
56	8626	2.31372704243079
597	604	2.31371669808152
6168	6201	2.31234805217999
10574	10856	2.31083206135247
4688	51734	2.30935378160617
4946	6147	2.30619179715229
6170	7314	2.30416033600853
1241	4542	2.3039084202883
1116	4057	2.30320040734583
3187	6232	2.30280482781351
23036	6161	2.30255831718626
6171	6738	2.30198922854684
6923	9168	2.30090816193511
6535	759	2.30021056799194
240	5836	2.29927773126858
3417	929	2.29910306157157
28958	5336	2.29890453885938
6141	6232	2.29760528964734
1524	7456	2.2941787973561
3417	5110	2.29409799406265
1845	23191	2.29314899447923
4599	4600	2.29106339730013
925	926	2.2892364523405
2752	6583	2.28838162159224
6232	694	2.28743234389153
10628	6194	2.28702989263434
3240	4353	2.28644773772314
4599	9636	2.28578022915502
10125	26999	2.28534280802886
3003	3560	2.28434686100587
10520	26205	2.28418866516879
6170	6201	2.28402707977229
285231	5143	2.28263602005376
3932	80342	2.28200412802774
53335	6689	2.281674129687
51526	7803	2.27945601008168
1559	56	2.27791302642218
6141	6167	2.27464124221779
3983	64919	2.27174166306187
467	8767	2.27131802105352
51327	6622	2.27126850715729
1915	2512	2.27069170214774
4666	6170	2.26947999316639
2799	5226	2.26934891256106
6223	6230	2.26914691875752
388677	839	2.26813330413272
51111	8615	2.26710205826978
138151	3684	2.26507580239319
4332	5110	2.26343158985221
26986	6223	2.25862800981155
10075	3105	2.25581498436402
10217	5473	2.25435440514146
5336	55737	2.2539775654528
51070	6932	2.25308140552443
2803	85021	2.24954064590247
6165	6235	2.24861845335743
55361	7803	2.24765005904948
55164	8615	2.2473575579757
23512	388677	2.24493063830953
6205	6738	2.24366996977616
23764	3422	2.24225622012126
4057	671	2.24187491926024
140609	7456	2.23925354191684
6128	6209	2.23750237595256
2791	6678	2.23573246726058
10217	7168	2.23285473979447
2495	54918	2.23269616345383
23166	4035	2.23265002570653
4635	759	2.23231891313459
26137	5930	2.2267885580947
2039	25793	2.22219456919613
1350	1936	2.22200042657661
6141	6164	2.22181305324608
53335	55024	2.22128768282337
5144	7525	2.22058202093375
4929	84124	2.21932832567752
10075	6167	2.21859694091636
6477	9188	2.21779170319822
23764	84124	2.21638794816863
6147	6235	2.21485917488194
55303	9453	2.21397889102685
26137	6738	2.21249904067863
79961	80342	2.2124009463613
23032	91298	2.21151184670037
6241	9768	2.20923573741545
11103	23043	2.2090203319421
2355	7422	2.20593178913183
2803	80204	2.2051312456736
1915	6738	2.20505081835457
306	4317	2.20432702883465
10075	6208	2.20262854711026
27243	54187	2.2025364774613
138151	25801	2.20057863175429
1955	3055	2.1996700616025
4063	7188	2.198757708338
1192	1475	2.19874280685723
55142	55720	2.19867805342049
22823	6738	2.19860679937558
54847	9397	2.19782192513932
114885	729230	2.19737088612894
5226	706	2.19684668126058
54918	6279	2.1926610086577
10443	6526	2.19158649951493
5196	5742	2.19153774857054
26093	7849	2.19123450826108
6160	6165	2.18953302417841
57664	6508	2.18902625467956
170960	51105	2.18806390156642
220972	2235	2.18737819407934
7803	84124	2.183358643848
383	56729	2.18187498197871
4869	9045	2.18171974057378
567	6152	2.18105396330098
4666	6171	2.1809730721466
23181	55771	2.1802727216891
2999	3003	2.17831710454512
4736	6165	2.17831229679533
23032	889	2.17780798948153
29997	6164	2.17505144054323
25801	3588	2.17415950000329
2803	90338	2.1740503267973
51094	6622	2.16954781113554
10562	1088	2.16947897283811
6235	9168	2.16874039861354
4317	4680	2.16768239647646
10125	80342	2.16584552984819
4332	4778	2.16521506140448
466	9453	2.16476321300869
10238	1524	2.163271203325
1230	1848	2.16278193113758
140609	8615	2.16275200818888
25821	54826	2.16238883202014
3665	9246	2.1622284235118
250	5502	2.16155440633326
27040	915	2.16097733115541
3690	7041	2.15886176342634
55720	9852	2.1584360131235
2162	3690	2.15814215781136
5144	6309	2.15735860501188
27300	9857	2.15646983279106
11329	9453	2.1560113586865
1417	5502	2.15484453097629
3932	5790	2.15311665935908
10562	1116	2.15210873821469
10659	163486	2.15200970632573
10738	56	2.15018282218941
3575	5469	2.14884428202643
474344	79961	2.14705164323244
2235	759	2.14641748884996
26119	9924	2.146067718744
10154	9375	2.14437489780805
10135	5209	2.14269376223154
3240	8993	2.14052879569308
55303	7456	2.13941158363677
2512	6161	2.13898151925262
29071	9276	2.13889579522426
1390	7430	2.13864571496926
23036	80204	2.13858030438124
7535	919	2.13846045861092
4353	56729	2.1374502429436
5469	6738	2.13729896479122
10964	9636	2.13630462661092
79567	81619	2.13604617877842
5930	6738	2.13236376267297
51203	9768	2.13179104251319
23036	5930	2.13155123169963
23036	55771	2.13071114752589
11168	3945	2.12894000315802
3945	6193	2.12885523139439
10857	5742	2.12809156812241
306	56729	2.12778942485988
2235	4635	2.12470732601441
23764	7803	2.12430806973827
6128	6170	2.12351227259768
5143	55142	2.12327598882299
6128	6194	2.12311563126524
6161	6738	2.12148568925601
2180	2752	2.1196991601241
10578	3560	2.11908018575102
5143	5205	2.11870177509562
3560	6775	2.11825399612483
4063	5567	2.11699410827718
6168	7114	2.11648110056359
10307	3508	2.11427559641947
54934	64112	2.11390567643495
10125	915	2.1135739750177
58528	6386	2.11283538122648
1955	25801	2.11098531309145
474344	5567	2.11082423944874
2017	239	2.11080940804263
1213	29071	2.11080929522558
4318	8993	2.11044384065256
55164	55204	2.11026781320444
4495	4496	2.10864475611173
79939	81856	2.10746591642708
53335	57187	2.10731231795595
3932	7535	2.10724238938251
51734	58472	2.10657389493595
3105	6208	2.10655079000268
10111	8615	2.10619338309974
23036	5927	2.1054194415605
4052	8555	2.10533409711361
56	8483	2.10495659769605
3105	7314	2.10465813852705
1070	79961	2.10423588419121
26228	29760	2.09703249310756
1874	27092	2.09678716002881
54542	54556	2.09473053103936
1236	6932	2.09443360873163
1475	29108	2.09409466316912
23036	6176	2.09249525243249
3638	8140	2.09217349514823
5836	83716	2.09157794627043
6136	6209	2.0895586912664
669	7145	2.08874806528945
6209	6230	2.0884751962877
1874	2002	2.08745214465957
3693	7168	2.08613704989324
23181	81856	2.08586477114218
1070	55813	2.08439157039862
2907	6688	2.0841315347321
1781	5110	2.0806612247963
56987	7707	2.07861925315322
56649	64096	2.07796158976066
6222	6230	2.0777374294179
23645	7538	2.07684432921014
3430	3437	2.07665227038416
128	23517	2.07503503235432
6128	6228	2.07341138023888
26986	6129	2.07299371561377
6158	6738	2.07039850724386
5315	7791	2.06981672416458
5691	58472	2.06946221927793
7298	9768	2.06885868629756
9857	9969	2.0686952645704
25821	9581	2.06839842640024
4659	5965	2.06830049031083
4063	80342	2.06593133266904
1997	55186	2.0651018896472
10075	567	2.06493370954951
3417	51363	2.06284405541147
6176	7114	2.06029499945475
2920	3553	2.05998419002235
839	8894	2.05963860350351
4035	409	2.05944842574783
1669	4318	2.0584234098107
4050	6932	2.05570855128372
3945	6217	2.05355445436985
60	6164	2.05208350875273
1669	306	2.05014091526055
567	6142	2.05007550998878
1669	566	2.04933457788246
2039	91300	2.04826949480362
58528	967	2.04807404976286
1417	27293	2.04746051915066
3690	4052	2.04665544515259
11031	6280	2.04383889171576
51094	8531	2.04160623133091
170960	6160	2.04139806024414
114548	3383	2.04072940569272
6283	79887	2.03883646855069
5079	6925	2.03776652319273
3665	4600	2.03705083416572
7803	8462	2.03702908647903
2965	9031	2.03603397322301
3665	4940	2.03578626763208
23043	6304	2.03530631369983
3101	3417	2.03406896223868
1088	383	2.03307706179093
26999	6932	2.03263768871011
113791	55186	2.03263022562724
115207	1806	2.03029151536188
1669	820	2.02924894170809
6176	7314	2.02895570611514
5473	6678	2.02834083988038
1524	9276	2.02796475693527
4599	5610	2.02718276753294
64919	9397	2.02710244853591
6164	6738	2.02706450074318
2512	6209	2.02670116641263
10288	29992	2.02644877890652
26137	6232	2.02576911409591
2017	7168	2.02553251487686
4736	6160	2.02533906386613
55164	79961	2.02399229244055
2811	800	2.02335952618231
2512	6176	2.02288446982088
26137	9252	2.02243989104196
7037	8140	2.02149001430953
11276	6596	2.01880715873901
6141	6229	2.01754232985741
25793	7145	2.01727949216581
29760	8115	2.0151437031258
285231	6314	2.01251919032672
23710	8140	2.01133738998453
170960	1915	2.01015580821822
1116	306	2.00826955519539
55726	55813	2.00799792939099
2038	669	2.00698907745717
1488	1524	2.00572839568592
7559	9252	2.00444670150028
23405	8672	2.00333139975255
6205	6230	2.00331693697693
1390	9929	2.00304378200982
7498	8483	2.0027210715697
3434	4940	2.00211390886034
1874	7475	2.00205203520355
11168	3932	2.00027722083261
2038	2766	1.99982380554153
1915	4666	1.99921283553208
5209	7056	1.99806672624299
4666	6129	1.99742042301388
60	7314	1.99670082921108
29107	7803	1.99650716924011
3437	4600	1.99587647283459
1417	3883	1.99198851048644
51070	9214	1.99120703235719
54556	9045	1.99074552707833
54556	580	1.98751082785312
10135	4783	1.98619592178878
6129	6141	1.98502023493888
170960	285672	1.98401513807195
6135	7114	1.98397253161492
6128	6176	1.97968373346547
30009	9289	1.97956002060537
57125	9814	1.97776352203021
11031	1730	1.9765655273236
2017	4900	1.97644750547634
1559	2810	1.97331089735415
3674	3693	1.97300662982958
10075	6164	1.97256430483344
2039	759	1.97193161869727
4637	4946	1.97030960085229
4318	56729	1.97021110956768
10412	6152	1.96708222104967
602	6515	1.96609083539725
1548	7475	1.96488753515715
26512	9857	1.96456332967429
80896	8875	1.96290963899616
4601	8780	1.96013773118859
51619	7498	1.95911134220389
27293	6508	1.95894669871042
2038	2935	1.95887057304828
10398	1191	1.95864181967809
2017	2162	1.95776832929088
3560	5551	1.95679117307567
3105	6217	1.95664193690897
23484	940	1.95628247915505
3105	6167	1.95623738253028
10398	6678	1.9546003234743
2038	7145	1.95392239857025
6141	6171	1.95271705732941
170960	6164	1.95192966619721
8993	932	1.95164827881754
1915	23036	1.94961736212939
1070	9453	1.94874430692495
5836	9770	1.94870178497165
25793	4601	1.9478873008899
7111	8991	1.94681930838708
170960	6314	1.94664883344653
10951	7456	1.94657767545452
285231	79982	1.94615258149991
580	6738	1.9452305627853
1070	5567	1.94422808325154
6171	7114	1.94205118495285
306	3934	1.94117229872017
3842	5927	1.9411440071626
170960	55054	1.94006052266588
6160	694	1.93925428028436
2965	6426	1.93806368042027
3674	7168	1.93744504902458
10123	23484	1.93635055519912
25793	8991	1.93624680169523
10321	1116	1.93274558276161
11276	7188	1.93070939530058
3983	51176	1.92716689087606
4900	5577	1.92677300990549
25840	28958	1.92653077786129
1965	2965	1.92651865515047
2162	395	1.92606162297992
23157	9026	1.92562687610533
29940	7096	1.92561553445663
6556	7077	1.92528932618683
4940	5610	1.92515682823235
1606	7535	1.92452363223497
2766	8991	1.92443151252195
11276	55164	1.92366754264541
6201	6633	1.92357663781071
3105	6194	1.92262826749912
5469	7707	1.9217329409627
4046	6688	1.92083996018612
10412	4666	1.92074036002827
5469	7586	1.92032529954627
2803	5930	1.92001520949538
2935	6622	1.91961988131822
54477	55142	1.91937046688119
6161	6230	1.91907048378886
6136	6201	1.91838648533016
20	6844	1.91786518005473
220972	25793	1.91762756981436
29997	4736	1.91543749114783
23210	23764	1.91500048480528
6136	6206	1.91335681303117
55656	9276	1.91324349013509
11236	9929	1.91289115168623
4051	4680	1.91096705507062
10238	23450	1.91003368037228
2091	4736	1.90969537898075
54556	6206	1.90969084020886
6772	9246	1.90955431315878
27040	51070	1.90924305301177
4736	6230	1.90824703281466
10238	55303	1.90601197112228
55209	79932	1.90524476468511
23517	51111	1.90064878797594
1548	7849	1.8999848019481
2512	6158	1.89962462504926
3091	9960	1.89749091578177
2038	286	1.89624580393877
3560	51348	1.89610600770967
170960	567	1.89499018218188
60	7114	1.89431709574549
2180	604	1.89177129866344
2810	7849	1.89176199016945
10379	10561	1.8910653232013
2512	6232	1.89032683862385
27246	56987	1.8899213337852
1669	6947	1.88941065191601
2038	7111	1.88887130954797
6304	694	1.88540242251688
6193	694	1.88377497054718
1992	3684	1.88201670317587
6133	6141	1.88181550866152
7475	8483	1.88103607253268
5588	8631	1.87992804371046
29997	6138	1.87731720251193
23036	6205	1.87630909713332
23473	6856	1.87493118929281
1785	91289	1.87242876761568
6209	694	1.87200152023653
51192	6916	1.871634720078
170960	54556	1.87148526614273
6141	7178	1.87103431838738
3576	7056	1.86882671800613
25801	4332	1.8679254479257
26137	388677	1.86746920075953
23099	9120	1.86403661887639
80774	924	1.8637489089709
1955	4688	1.86356349822433
51094	91300	1.86247099323643
10075	6217	1.8614400665503
10578	2999	1.85885847960483
6135	6141	1.85690970684796
6128	6135	1.8566754059243
79887	83716	1.85603037449941
220972	286	1.85449753360023
2994	7111	1.85406539509931
2811	7168	1.85276933131572
25821	9453	1.85137470916076
138151	3588	1.85108667519116
51105	81856	1.85055806113356
1548	2810	1.8497761227414
51218	665	1.84888209925225
10922	89941	1.84792017949737
5836	6916	1.84617368090059
7114	9168	1.84598954563192
10238	1965	1.84462608254342
396	6844	1.84456822301516
178	7155	1.84453443670295
4939	5610	1.84377884582713
2355	5329	1.84133764437786
56	816	1.84103834752578
1070	55656	1.83967455704682
11031	5836	1.83871367907596
6738	7289	1.83787090839374
10634	239	1.83688861189584
4924	7791	1.83655042800928
3707	5567	1.83467424409344
29997	6168	1.83426070176218
27040	5790	1.83348827586192
1116	6947	1.83328343399463
4736	6136	1.83241597523235
6176	6738	1.83105656767301
10738	8747	1.83027659980247
55278	6689	1.8302469831943
2180	597	1.82881076867633
3428	55303	1.82853490923066
28958	55303	1.82739246175312
6230	7178	1.82673997109245
6222	694	1.82654339753944
10135	7056	1.82624912775515
23036	567	1.82526144772975
2038	2039	1.8252606975169
1475	6916	1.82482815215078
140885	9260	1.82294046745829
26119	5567	1.82180148718731
6217	6738	1.81962645518987
11031	8522	1.81804401257902
6133	6223	1.8155548653588
114932	54665	1.81419987095626
6164	694	1.814181505568
10262	396	1.81266382156828
51312	6535	1.81195696907116
11031	5175	1.81181184227843
2810	8747	1.81058487962632
1105	22850	1.80962642240708
4318	634	1.80783467877191
1785	2664	1.80694192243549
3105	6135	1.80641777660169
23043	868	1.80374892063079
4820	6738	1.80316178283565
4929	7803	1.8021835500963
1213	4332	1.80208055611243
26986	6165	1.80148162212072
5675	7475	1.80120346131212
2355	8140	1.80119955816778
10206	7430	1.80113162990793
55819	6916	1.79858313244514
5873	929	1.79680892601571
3920	5836	1.79664811127383
55361	64376	1.79644571288734
383	634	1.79621608387827
25801	5836	1.79547584510501
1213	5110	1.79425451975382
25797	5836	1.79423873670342
3848	669	1.79293115347913
10217	5196	1.79228929666494
4005	56935	1.79206546033214
1991	383	1.79149007299438
10634	7739	1.7887501033105
29997	9168	1.7884336026487
4946	6170	1.78800857463134
5911	7707	1.78755197365094
4063	8504	1.78509585564356
54808	90338	1.78442432501936
5927	6738	1.78372779000218
54826	5567	1.78372215704921
11214	170960	1.78204845976082
23036	80264	1.78108061397797
10217	239	1.78068167234191
2057	2810	1.78050800089318
23307	3055	1.77975579435475
170960	6205	1.77887333851321
80155	8202	1.77736998209204
25793	598	1.77701867866948
7803	8553	1.77628272724975
51176	9882	1.77611981362868
6136	6229	1.77590044155388
26137	5228	1.77309457039097
51063	6642	1.77242671074083
1669	4317	1.77074659661355
10902	55656	1.77035794511512
29091	56	1.76957832741888
25801	51734	1.76807392462237
54918	6280	1.76782464032793
3055	56935	1.76781330659136
433	6283	1.76503766151388
10221	597	1.76479132607584
10738	323	1.76261573035732
3112	973	1.76260087765137
2896	5768	1.7624585424043
1462	3956	1.76219172165862
55656	7456	1.75992746119178
4063	546	1.75986423869325
79624	9276	1.75829758319208
5567	8615	1.75810166709925
1417	9719	1.75807667076044
4666	6229	1.7564169157459
26137	51105	1.75539159265366
395	5577	1.75445393420452
388677	4659	1.75379965658905
2058	5567	1.75366152477433
6136	6167	1.75283290194168
2676	7068	1.7517534154883
222658	55681	1.75095345652874
22847	56	1.75069219201555
285672	9949	1.75059303165626
10628	6193	1.75002225976425
51070	53347	1.74814174766815
28958	55737	1.74757872870341
6167	6738	1.74613915314297
1839	4783	1.74575000463891
474344	54826	1.74562441169795
5187	54541	1.74522144613887
4688	5175	1.74465955211889
6133	6230	1.74455302241518
5265	58472	1.7429059469071
23517	6897	1.74248474085471
55142	79883	1.74164971280281
55656	8615	1.74135157133185
163486	6230	1.74049773301545
6622	7111	1.7403536626427
10634	6678	1.73964225951683
11184	994	1.73948653409996
10661	3045	1.73744553072202
29997	6228	1.73683575506088
23569	3934	1.73590782950475
1965	22948	1.73473719735344
10412	6201	1.73447014726359
25821	6596	1.73441154072851
23710	55361	1.73366517008442
285231	81856	1.73218582263516
54556	54916	1.73129002731357
55186	55422	1.7306800307359
3702	5588	1.73058912269501
3433	4940	1.73019512544334
11219	3883	1.72898982179797
6165	6633	1.72830299275397
79624	9039	1.72780041029198
140609	6426	1.72694696930389
3727	7803	1.72635874867644
28951	3710	1.72615381523643
10125	472	1.72582025717832
6168	6230	1.72473358809564
6932	9214	1.72427569116257
25793	759	1.72393801655351
23764	9929	1.72371650065173
11126	3820	1.7231771521209
80149	8971	1.72299173437476
4869	6138	1.7218223458865
8449	9416	1.72075597571178
22823	3842	1.72030003378689
2983	30845	1.71953048691949
3702	64919	1.71899989069523
5742	8555	1.71870512001006
2280	6688	1.71801648043656
930	973	1.71683479195909
23435	6596	1.71632322511179
3560	5775	1.7139973452528
2038	51218	1.71395915983483
6170	6223	1.7135229099974
10661	759	1.71182481657499
55164	5567	1.71173952127249
7849	8483	1.71083084910384
29108	6916	1.70836378492887
3055	4332	1.70749460044612
23710	23764	1.70586007951965
1524	2965	1.70453593318874
10217	5577	1.7039424388662
1606	7294	1.7035206150865
2017	5577	1.70339233750608
55164	55303	1.70201788195524
10659	90338	1.70162694502669
1475	6888	1.70092650548446
6232	9852	1.70083340866165
170960	79883	1.70036644708272
51734	6283	1.70027032672991
2242	23313	1.69904498093917
3561	924	1.6960627762366
1462	1730	1.69591657757623
163486	9852	1.69514620777266
1088	8993	1.69451301315962
10412	6138	1.69298601389344
2791	4900	1.69219437549889
259173	8483	1.69106120531174
27040	914	1.68979355637579
5469	7559	1.68883237985332
2180	9334	1.68872416805597
4869	6235	1.68725227541737
63935	64112	1.68690510073824
6135	6633	1.6849858272477
6141	6176	1.68481986547744
54556	6147	1.68443866431169
11083	55739	1.68353752113318
54916	7707	1.68314746125075
10964	4940	1.68285022552231
6916	79887	1.68250339593599
3337	63935	1.68166906174432
6135	6165	1.6808997370354
60	6129	1.67824588061636
5295	55422	1.67817048773576
306	634	1.67745043947269
10312	11027	1.67646306340326
1153	54934	1.67215384460574
6138	6160	1.67159138031008
6283	6888	1.6705580180113
1783	54556	1.66995971589051
3842	5469	1.66877644120476
4689	706	1.66866234321842
334	4668	1.66679794405093
5110	51809	1.66634869752967
26986	3105	1.66555868074553
10398	3690	1.66511776924718
5987	8449	1.66467758837833
6897	7411	1.66412044874162
6205	7314	1.66410253357841
10235	59307	1.6615950755041
221037	4780	1.66031713345647
1781	25840	1.66022001015297
114885	27236	1.65809835841862
1874	57104	1.65661649611808
2935	8991	1.65634326933794
3690	6403	1.65495770069
2038	4635	1.65462640743171
3480	54916	1.65420614275683
2752	728	1.65403829477682
2162	3693	1.65400628719398
3983	9214	1.65383659456116
55054	6738	1.6530913851032
23032	51174	1.65199055874662
90338	9857	1.64863232623782
56834	6844	1.64555407066766
4502	645745	1.64487514667126
466	55094	1.64460211632623
26119	80342	1.64450710010105
10562	1991	1.64376563255072
55023	80204	1.64342679146832
6222	7314	1.64221708905904
23224	4603	1.64122842468805
4659	6897	1.64025337535975
51111	9669	1.63981031711953
6147	6230	1.63929250404424
10562	3934	1.63875158135084
3674	395	1.63869447046768
2339	51096	1.63760427486972
11276	4063	1.63724692531828
4849	80774	1.63574132227921
23512	26999	1.63549868319167
11276	1653	1.63403921271427
6135	6738	1.63252164374585
80774	920	1.63224415158085
26986	6141	1.63195070663512
567	6738	1.63194779246167
27345	7475	1.63059622011313
113791	940	1.63008731931369
199	7940	1.62964739190801
5228	5930	1.62709595282568
10902	6596	1.62681051080371
220972	2994	1.62539609988689
8079	9261	1.62460472624946
10075	6135	1.62333745822165
5805	7037	1.62324727099355
55813	6596	1.62267348696554
23181	5228	1.62120173802027
54556	6142	1.62116285324873
2017	3690	1.62067409246434
1236	51176	1.62057612553995
51734	6573	1.62001544015809
1559	8626	1.61919357481045
23269	54826	1.61815684533497
2597	6280	1.61783429015512
220988	472	1.61769856947818
6129	694	1.61755968924085
2512	6205	1.61582623917566
388677	55142	1.61534540039889
10111	1524	1.61514357712638
3001	3002	1.61433120402758
4354	51094	1.61342935977338
4783	50486	1.61252688144835
23036	55720	1.61206021527807
170960	3480	1.61086598154474
6170	6738	1.61052625445718
472	6932	1.6086250426889
5110	9276	1.60523618420629
3693	8555	1.60390703242647
64112	7803	1.6031716462591
5567	91298	1.60290642684539
166	2323	1.60247404733105
25816	5567	1.60153125017425
56987	9194	1.60069619283045
23032	9652	1.59996828121962
1407	54861	1.59922104552311
23764	29107	1.5991437370899
54556	6223	1.5987904082863
55094	9969	1.59779665883388
54556	79982	1.5975863351212
2907	4046	1.59692485325019
3883	5502	1.59627123032406
6164	6165	1.59607259204427
1070	10902	1.59596866045447
51734	79887	1.59576588777993
6813	9260	1.59540609121354
5529	79982	1.59505095655267
1669	6037	1.5944396661783
6229	7114	1.59405626543138
192669	7707	1.59369018996899
1475	199	1.59329595196194
170960	2803	1.59185018992293
3433	5610	1.5914927867371
54556	6167	1.59126421762102
6386	8972	1.59121433766548
2091	3945	1.59076452336716
4869	6304	1.59070055156304
6170	6235	1.5905200891931
4736	4869	1.59006444169014
10978	5756	1.58996281491418
6738	7559	1.58937692685087
1991	4317	1.58848805802611
4946	7178	1.58704931068305
51174	9857	1.58504452786158
1839	50486	1.58420999891742
11329	167227	1.58193622167516
10950	7803	1.58119868713314
6129	7114	1.58048542518016
1734	7475	1.57949710767808
51287	7266	1.57782657893363
22823	839	1.57670796850352
23608	51094	1.57665058136635
7111	7145	1.57617081114451
10661	3049	1.57610962018943
6678	7739	1.57576874652502
3932	3983	1.57502186601609
54210	728	1.57460591490307
2017	4352	1.57243777755521
10950	5277	1.57181813416738
55813	9031	1.57133600459974
23157	57125	1.57074726136646
23036	55054	1.56984100959364
10628	6217	1.56931292657005
4332	9276	1.56758604453558
51111	84864	1.56735427795719
6526	9252	1.56676839943936
10951	6426	1.56214206066846
2057	7475	1.56105986340308
285231	55023	1.5592023368111
7498	8110	1.55903793708009
3437	6614	1.55687073810998
3945	51070	1.55665638972063
1192	9446	1.55663256409253
2057	28999	1.55436456716376
3945	6142	1.55415738916346
10628	6171	1.55383885018209
4820	54820	1.55362494985749
55303	8743	1.55351796322157
1955	3101	1.55338713368465
54916	55054	1.55261306054342
7321	8650	1.55260437372205
60	6217	1.55246352032055
199	5265	1.55229126027648
6168	6279	1.55221827315257
4052	7168	1.55204202177569
79882	90861	1.55114739291095
10217	3690	1.55021658692653
1992	79887	1.54885900682696
27243	54918	1.54692000044936
54556	567	1.54667692235698
4666	6206	1.54534149358715
54826	79961	1.54485627428989
2162	5476	1.54409969943137
5196	5577	1.543231962416
23036	285672	1.5432027945559
3240	4680	1.54295450545803
5143	54800	1.54286813737977
2038	25793	1.5422588323447
2664	3636	1.54204365325064
634	6590	1.54185682518156
1432	5873	1.5418304579264
382	54850	1.54111141706455
55142	6314	1.54031344931604
4063	54680	1.54003466618463
3105	6156	1.53879215782439
23569	8993	1.53852725476498
240	4689	1.53821227656981
6133	6738	1.53803786980104
1385	9317	1.53657083697668
3397	50486	1.53595192690972
10409	9334	1.53553515595454
4066	4778	1.53443527808737
8666	9045	1.53345886818667
3983	939	1.53333740408278
51192	51734	1.53308116253104
347902	596	1.53203549877801
11237	4215	1.53200587328902
23032	51111	1.53129607000289
10217	30845	1.53021690170666
3945	6152	1.52959038425134
388677	85021	1.52869158677572
2017	8555	1.52728584153838
6897	9276	1.52415407131713
55361	8140	1.52376772358883
23569	978	1.52346921569082
3945	6194	1.52234775172521
3112	930	1.52204096261548
23036	6171	1.5200833878271
10951	26190	1.51986182336058
816	8483	1.51825834057942
51176	54463	1.5182344130757
113791	6935	1.51785169960885
10613	53829	1.51756516549124
3337	3727	1.51638997688585
2057	7849	1.51598579068609
23523	5589	1.51557384928637
2091	3615	1.5145404996921
5911	9194	1.51453830675389
144699	23438	1.51414697235989
1629	5143	1.51355775085336
56	8110	1.51323348721568
29058	4214	1.5131492212712
3561	916	1.51098521696173
669	8991	1.51077771523649
472	9666	1.51028754528253
10981	5872	1.50993396062139
4035	64748	1.50975879561383
51312	8991	1.50906191027168
56683	90861	1.50891938468541
10313	5836	1.50833331171465
2039	2766	1.5079834138673
1213	79624	1.50664398420624
10926	54934	1.50601082178764
10640	4214	1.50553414315863
1475	3074	1.50473640741468
6147	7314	1.50441154104714
222658	4893	1.5040736499606
7168	800	1.50347940552068
2355	7803	1.50238324814962
6535	8991	1.50231407387468
26137	4820	1.50214198145862
29072	9972	1.5016196546212
11276	3707	1.50122430286441
2766	3045	1.49852862232663
2799	5836	1.49784018803329
27040	80342	1.49757790262661
54826	55164	1.49656683480186
10738	51619	1.49597346776091
10288	5265	1.4956200747747
6223	6633	1.49542588805272
11168	5567	1.49498431329025
6187	7114	1.4940511748216
80204	9852	1.49364039458035
23043	4820	1.49277413877164
3983	5588	1.49222599780275
7707	9194	1.49217736547823
683	79887	1.49217554992131
23360	9710	1.49142566082525
3049	8531	1.49124508765469
4495	4501	1.48970620678879
1915	3187	1.48852472350673
4601	5494	1.48821799931786
57158	6508	1.48807900405803
23166	2896	1.48797741529301
4946	6280	1.48747841137228
3003	3820	1.48707280738777
170960	6176	1.48639711348264
51809	9276	1.48506557125789
25821	8615	1.48316384218817
55771	9852	1.48291691892388
51619	6567	1.48266438435912
25801	3055	1.48231530701102
51514	6241	1.48150018879359
51192	5175	1.4814476084763
2057	51619	1.48044927845404
3417	4905	1.47956054373736
3707	4063	1.47952326225246
5329	55647	1.4770873755144
10238	1488	1.4767136312432
10561	4600	1.47597896675795
8731	9451	1.47502459144074
10951	8615	1.47463529735291
6136	6160	1.47342336762207
11329	79081	1.47268964101211
55720	81856	1.47218305750561
2791	4352	1.47215190806927
3613	79887	1.47068770311182
6304	9045	1.4706795200504
7266	8894	1.47013965613466
3425	79585	1.4684027835532
10321	8993	1.46770819429735
10125	51070	1.46747309854059
10738	7849	1.4670520568843
51103	9276	1.46702754062927
22823	23036	1.46632090164267
22870	9138	1.46500741357219
23036	54916	1.46468519291942
10123	864	1.46463907762074
3842	54916	1.46460305781249
1601	8555	1.46385196003133
5110	55032	1.46363932790317
25793	7111	1.4635287557864
2810	323	1.46270609406689
3055	4688	1.46092019779993
2597	4946	1.46089556856827
4057	8993	1.45962191575977
2992	5872	1.45870383143297
2935	3848	1.45794588724029
4900	5196	1.45791538009766
6136	6161	1.45713175424468
2057	6567	1.45704720714732
2002	9261	1.45643996057513
3613	4688	1.45556309659624
16	56683	1.45498806864422
219699	4916	1.45475385576285
10628	6156	1.45346767136014
5228	80097	1.4534522967484
10659	85021	1.45064657994454
29760	55278	1.44958471272765
55771	9527	1.44893944895676
4599	4940	1.44849485363452
54737	5813	1.44786655985536
2766	6521	1.44717204684113
1606	57125	1.4466959634034
79961	9031	1.44480553251774
23036	6209	1.44418893664819
6192	7404	1.44341525507493
11031	58472	1.44074032179565
5108	5965	1.44040646420975
1417	56125	1.43953860526491
55209	79810	1.43943432837925
6304	90233	1.43705495628018
3983	8445	1.43660524524277
1783	6168	1.43432322819145
23517	55156	1.43429052170906
3187	6164	1.43378651450098
23536	3508	1.43336158002765
29080	84124	1.43237844413968
2791	3674	1.4300069002095
3920	5226	1.42917036199404
4783	604	1.42905966996856
6897	8894	1.42903376533163
2766	759	1.4283425643336
3001	5551	1.42765837806273
10902	55164	1.42621868370763
51283	9857	1.42310547506847
285672	6228	1.42124623531101
1495	4688	1.42064980926485
7097	80896	1.41874611015599
26205	6477	1.41842867683404
10562	820	1.41627641470746
4688	6916	1.41585829177097
3002	51348	1.4155437516232
26999	4869	1.41471206263697
2039	598	1.41340250084886
23181	5143	1.41319857733479
10075	4666	1.41289101617229
2965	55656	1.41263231032628
9857	9949	1.41151768877859
51111	55204	1.41101088914523
302	58472	1.40996748928503
4689	978	1.40930663348279
6738	79810	1.40867662649227
306	57126	1.40802155447655
6161	6165	1.4075484391666
23259	4063	1.40529889542979
6283	8875	1.40425997368799
5469	5927	1.40393871324718
6738	7270	1.40352238437718
58472	6283	1.40280982017887
11276	23041	1.40245851121272
11340	545	1.39940839452176
2664	91289	1.39909438526027
29997	7178	1.39889634172988
55186	6477	1.39749519044767
3674	7739	1.39604387714516
11329	55813	1.3946043509257
383	6947	1.39460297845056
2810	8483	1.39319755459605
81856	9857	1.39307961835691
2766	286	1.39280843906541
60	6135	1.39199575484039
55720	6314	1.39146975911439
26137	55103	1.38880483032232
567	6230	1.38517802772679
80342	8776	1.3843437172396
51363	526	1.38406426048225
10313	6916	1.38400290016486
5175	5836	1.38363514733778
170960	85021	1.38196144149325
10398	2162	1.38134079674185
4637	6280	1.38107229617278
10262	90379	1.38083187551628
11329	25821	1.37982809810094
6170	6230	1.37898062834553
10238	9031	1.37572651470541
25793	6535	1.37291177842471
3674	4352	1.37120910867107
51191	9636	1.36991426417072
239	395	1.36974869539201
55204	55303	1.36927509763488
51218	6622	1.36852319320105
55303	9276	1.36813963526858
23517	8886	1.36644775034808
10738	2810	1.36618795079817
4869	6230	1.36509943346252
54556	6170	1.363533668756
6622	7145	1.36151748783962
10644	2039	1.36052322521697
51312	5494	1.3579494958692
6209	7314	1.35758498666289
9026	9806	1.35667632829882
10628	6229	1.35612986487562
2992	6036	1.35530087652483
51526	54934	1.35447815084324
3932	53347	1.35444056905771
54934	9925	1.35429411263457
388677	55103	1.35335323994004
6201	6228	1.35126025367402
25801	55711	1.35106087954011
1915	54542	1.35090121579481
10443	84901	1.35052346378003
395	7168	1.34985443864131
5110	8417	1.34959939353755
29081	55830	1.3495246448692
286	759	1.3492515273426
79961	9453	1.34909440266527
864	9806	1.34881456077202
54556	6152	1.34638655284477
3576	50486	1.34621844736078
1785	79585	1.3457893468398
3710	84726	1.34500882507816
27092	6567	1.34427224180291
1241	9051	1.34268467505576
51094	8991	1.34204863146045
10813	55325	1.34085215271737
54809	55303	1.34052755244897
1874	6567	1.34013900325483
4666	9168	1.3387086249721
2512	4637	1.33810921849484
1508	2720	1.33736122729899
23043	80264	1.33680488556444
2811	5742	1.33580236863717
10628	6187	1.33512761906839
5228	6314	1.33407089913861
59342	6916	1.33338124185876
1874	2664	1.33238160568949
2038	220972	1.33205508353125
3187	6129	1.33112614489511
16	4064	1.32755495327009
1312	2720	1.3266706560367
53841	6508	1.32627603499169
7056	7422	1.32569902237493
10135	604	1.32456917579216
10125	53347	1.32273485587987
240	3055	1.32268720399434
1524	1781	1.32184281081658
84124	9929	1.32127820382093
4332	51734	1.32093210153511
6147	6279	1.31967173388052
5315	6688	1.31821766767056
4916	6665	1.31818411183681
5144	55422	1.31756767625104
4689	79887	1.31721050693684
1070	22880	1.31668047950319
6209	6738	1.31649116822951
170960	6171	1.31517298851425
11214	55054	1.31499256918483
6133	6165	1.31442183645163
55720	55771	1.31436894828435
51619	8110	1.31375154622653
240	5175	1.31301385315455
64919	9882	1.31181673151096
2512	6229	1.31156728633437
10578	51348	1.31127404430024
2810	8626	1.31088084418116
10111	55303	1.3100781208367
6193	6228	1.30859305639989
2512	6208	1.30822185885219
6128	6147	1.30777103363592
5836	6036	1.30769114731363
57158	64096	1.30726958128083
3187	6176	1.30667422803349
55647	7090	1.30645873074306
6208	7114	1.30605803736249
4736	6209	1.30527635627808
1991	820	1.30503667078465
1432	25801	1.30457941617022
55204	56683	1.30457385878569
10111	1070	1.30452658975887
51105	9852	1.304194582453
915	9214	1.30369897825273
3295	5110	1.30334340758686
79887	80896	1.30311335295453
10412	4736	1.30142857053734
55771	85021	1.30102768173608
3932	5920	1.30079350546365
6614	91543	1.30058443468473
5836	9375	1.3005186917422
4688	929	1.29986592343517
6147	6738	1.29900980685808
1793	7475	1.29686654034116
6622	669	1.29476946594485
4233	7475	1.29465093656446
472	4775	1.29410134121266
3111	7475	1.29401489544374
1725	51112	1.29345700262644
5196	8848	1.29265304520354
23313	3101	1.29258360714121
3665	51191	1.28952628483947
5209	57162	1.2891561636125
2039	7145	1.28809417214465
4317	4318	1.287978019689
3163	54674	1.28669172878612
10135	728	1.28382709968988
6232	6279	1.28312847774356
23036	81856	1.28239583697757
30009	55615	1.2821518306778
55771	9857	1.28185789795434
5228	55771	1.28054088487607
26137	6160	1.2786914351771
6141	6147	1.27806832512649
433	5836	1.27766890902311
6156	6633	1.27609866513947
23177	4775	1.2755792465911
1669	4051	1.27447976533935
1153	23484	1.27387491021355
1781	6787	1.27352386159015
2965	55303	1.27337611205746
323	51619	1.27279277391824
6176	6279	1.27196158546094
2999	9022	1.27159475918401
54808	85021	1.2714893400246
6161	7314	1.27086654019469
170960	6161	1.27026719827828
28958	8743	1.2698754953695
11276	54826	1.2698247736411
10111	55164	1.26948959376307
2799	3920	1.26941882041229
64919	8445	1.26875802240326
1509	5768	1.26805758288188
2495	2512	1.26803106518895
27300	9252	1.26640437525505
1051	4783	1.26595664596393
2752	7056	1.26584721396691
55142	85021	1.26572137514878
23036	5469	1.2652697971903
5108	9857	1.264139448755
6136	6222	1.26384204816479
10154	830	1.26164701149493
580	7114	1.26007837138426
3945	6304	1.25978276273527
23177	9252	1.25923233337799
1070	7155	1.25916327586177
26119	3707	1.25771066274012
1844	8553	1.25767277258801
55656	6426	1.25719188431991
25816	474344	1.25588694641322
51312	9921	1.25489820399495
23036	9252	1.2542881770155
23036	6167	1.2540745792941
6535	7145	1.25360874075159
6280	6283	1.25353101565826
10135	2204	1.25310295890889
23313	56935	1.2520744985411
23710	5144	1.25106413851132
79675	79961	1.25061204517699
51734	5175	1.24955996436013
50486	5329	1.24936730895383
26098	6059	1.24923682906479
23036	3187	1.24901826159093
2633	5721	1.247445786977
7849	8626	1.24733584327325
285231	80097	1.24688070329339
170960	7270	1.24682268531249
7475	8110	1.24626488013201
5144	55361	1.24569890755786
2625	5533	1.24463538479263
26137	54808	1.24461762600186
6897	839	1.24386318811631
10262	1785	1.24355813178125
10628	6223	1.24250839415416
28958	6301	1.24236595029077
3638	64376	1.24218239416146
25801	5110	1.24208500243826
1955	3417	1.24120726283433
10412	6223	1.24117323858152
239	5473	1.24093855708675
23036	6147	1.24091388682425
3508	6567	1.23958009883068
1462	1475	1.23803810278017
2512	3105	1.23704355681778
3560	919	1.23610847918923
694	9045	1.23596566357748
11031	51734	1.23577708188572
29760	4063	1.23573081824039
51327	6535	1.23531675224676
1070	8615	1.23177354278173
23032	84864	1.23172793287175
91298	9857	1.23155331373263
51690	8666	1.23120700040473
23157	9452	1.23033901039235
360	7535	1.23018592658453
5790	79037	1.23007261546586
60	6156	1.22964373385807
3187	9852	1.22958226600619
23091	8615	1.22795262491122
55249	8894	1.22754523136119
64112	7430	1.22742395059562
128	23091	1.22712963153196
433	80896	1.22706496592219
26999	9949	1.22695691415512
250	3883	1.22653837044308
10206	9925	1.22624700646111
3187	6160	1.22594132121749
23181	285231	1.22495860709139
6158	7314	1.22429238263715
1783	6228	1.22420848473836
51191	91543	1.22409817236517
51287	56259	1.22358461021335
23036	6156	1.22352471741795
2038	2235	1.22344894630474
1915	694	1.2224946038881
3055	929	1.22134366591125
51191	5610	1.22107960805203
2180	2358	1.21941109251945
140609	9453	1.21923547009998
166	51466	1.21912695365066
6738	90338	1.21850179544818
80264	9527	1.21841572624702
10412	6141	1.21826619358104
26999	3615	1.21825615370526
1039	54861	1.21770565830948
3613	5836	1.21655139434496
23531	6678	1.21578971099484
4689	6036	1.2146379270217
1432	2992	1.21429501823496
10950	79441	1.21419439572553
5588	926	1.2141783707009
55771	9252	1.21415303199827
6136	6205	1.21407424803319
3074	59342	1.21324860995136
6738	80264	1.2132412457812
5533	64919	1.2128281597139
1785	396	1.21248400436018
51174	51283	1.21122089040887
170960	5930	1.21082723810876
6129	6230	1.21071373115343
2358	7096	1.21057458217328
26999	29997	1.20979190296253
11184	23164	1.2096620592087
2791	2815	1.20958661921251
5920	915	1.20884145467965
23259	7188	1.20822907547304
2355	6515	1.20757450621984
11236	84124	1.20715521060437
60468	7294	1.20663576105001
395	7739	1.20600480970687
23032	9669	1.20533308191642
1730	54187	1.20529468308602
2017	5473	1.20521606767182
4946	6176	1.20495185072095
23036	6208	1.20385469808536
23036	7289	1.20276371149073
6283	6386	1.20272754087667
3824	9289	1.20229484271546
10238	16	1.20197199672019
10412	6633	1.20187719711181
1781	28958	1.20152021752754
23224	6775	1.20093417305078
10146	23517	1.20061813692099
10412	6156	1.20057575998527
6142	694	1.20029338329418
1638	56	1.20022672565658
26010	51191	1.2000781791263
1213	138151	1.19929345043846
1559	8747	1.19923623857725
56339	8776	1.198943217845
3094	50854	1.19822114555593
1606	6932	1.19821935570437
54542	6229	1.19780654369228
10613	25801	1.19696963514006
1509	168544	1.19665597166318
5494	9921	1.19600370835696
10075	9045	1.19542062212989
54556	7707	1.19520028722148
3615	3945	1.19426326785278
388677	9857	1.19426013876156
23036	6187	1.19394843981418
5154	6678	1.19392810647405
5209	5329	1.19265561508216
10105	7090	1.19069694319265
2548	4035	1.19057667053565
10562	306	1.19013883286277
23032	6526	1.18974034712357
51526	55361	1.18946716842968
1116	4318	1.1891789695459
3690	3693	1.18857586596043
114548	3576	1.18850452055453
27018	6678	1.18782625614001
170960	6229	1.18664292748025
285672	3842	1.18662627374556
54556	694	1.18600843216698
6622	8531	1.18590414917703
6141	694	1.18555037290706
10634	4900	1.18541807614814
10125	9214	1.18511890395567
23036	6229	1.18458547538237
5597	7803	1.18453477422831
51105	79883	1.18384173279086
6232	7314	1.18338684212051
3434	3437	1.18284144925519
10075	2512	1.1826561517342
27040	3983	1.18179572343253
6160	7314	1.18166050481747
6036	978	1.18042606195376
7586	9857	1.18013494512658
25801	3101	1.1794626071011
10443	55771	1.17924782938527
55006	7570	1.17908830579498
3945	6135	1.17889330397053
3638	7803	1.17804714994869
54826	9453	1.17754365347677
5226	79887	1.1773157957098
57498	6426	1.17717711104011
6168	6193	1.17699402487273
4820	5469	1.17608741141609
1235	388650	1.17501168173877
23742	54866	1.17399936781368
5026	6925	1.17396641925577
26999	5930	1.17346852390839
113791	7852	1.17314790698445
729230	9276	1.17277722730735
114885	57498	1.17269626016041
4939	91543	1.17248101564089
23157	3983	1.1706094877601
10135	50486	1.16988447576639
10412	6230	1.16943752833039
2597	4637	1.16940889325645
23014	868	1.16707836418777
2803	80264	1.16682594471271
5349	56	1.16664392556823
10198	5533	1.16649592957068
114548	5209	1.16554161563441
51616	5228	1.16538488463795
395	5473	1.1645897544687
10562	4317	1.16404099222395
1559	51619	1.16360387039792
23001	80896	1.16328264907922
5965	8934	1.16319631718974
10671	6309	1.16276484574605
29978	9969	1.16087920213438
6187	6230	1.16024593635638
3690	5577	1.15992148949325
3560	4603	1.15887283418119
6193	9168	1.15805555062927
10238	9939	1.15783481698391
6128	6129	1.15731768395281
29999	51619	1.15728728919826
57125	9397	1.15592254920879
51650	6633	1.15583356164111
11027	29992	1.15564815045753
285231	5930	1.15524158859773
10123	6095	1.15517069918622
55094	9453	1.15425878811783
1773	27293	1.15403385823666
55577	8743	1.15271434050385
5583	919	1.15187179962459
1511	8993	1.15155892283816
10146	2058	1.15132631178
6136	6171	1.15058388857108
1633	5567	1.15056439831026
10206	1153	1.14850596993078
10221	5209	1.14838938151076
816	9350	1.14715878736068
2091	6138	1.14686085835004
10559	115207	1.14630628770904
4783	7056	1.14453584550542
11031	4048	1.14440276284121
6206	6230	1.1433148617291
1730	27243	1.14322285415662
10238	9276	1.14239453289061
4783	6303	1.14096059202739
116984	4603	1.14071138292655
23032	27071	1.14070162591343
11168	55843	1.14067517656284
6165	6167	1.140513569044
10312	5199	1.14047341402802
1601	7168	1.13939232312882
10634	395	1.13936967697218
5502	57158	1.13920494017944
10135	2180	1.1387069523144
10950	9308	1.13821503353234
79887	929	1.13743616617299
2664	8986	1.13577283022863
7314	9168	1.13538310128159
64919	6932	1.13435116747616
2212	929	1.13362747805192
3105	6164	1.13270517247928
29990	56948	1.13210448767371
55186	7852	1.1313709542391
1965	8615	1.13126737121072
1509	23166	1.13093399415025
285672	580	1.13039364811059
91289	9146	1.1293002195632
1417	250	1.12924190423209
5469	9857	1.1288537319148
10738	1559	1.12880586560422
10902	54826	1.12665793107766
388677	55771	1.12653911974213
3480	6738	1.12641218769925
4061	4940	1.12636962655643
10659	9852	1.12532247270615
10075	23036	1.12494598932239
93487	9929	1.12479214522905
6304	6314	1.12445772153359
10123	57062	1.12378595765327
10238	55813	1.12344744963978
51466	923	1.12149448601895
1781	4677	1.12136651919807
2935	669	1.12011042781835
51348	9022	1.12002887463371
10398	5742	1.11961888871339
1070	11329	1.11901716111735
26137	55023	1.11868243498472
6222	6279	1.11750831347352
55303	5977	1.1174945625968
10576	3329	1.11661356708207
239	2791	1.11578531483867
10964	3437	1.1156843486796
567	6235	1.11426556841881
6556	79143	1.1125303785206
3920	9375	1.1122517312168
239	4900	1.1122001625573
3579	8794	1.1117468582243
5930	90338	1.11121144640106
2357	8875	1.11089317861797
3945	6160	1.11042110757756
212	6535	1.11009784614568
1524	29087	1.10897300326841
1915	6141	1.10875279995297
6205	694	1.10821417457366
3480	54799	1.10661578643712
51070	939	1.10627125957401
10125	26278	1.10602841800307
50486	5209	1.1060133871454
10217	2162	1.105905534263
25793	669	1.10577824254673
26137	55142	1.10480923958618
433	79887	1.10411786073649
5055	7056	1.10378109633238
2280	5315	1.10320356534679
4666	6193	1.10297719233677
5706	6729	1.10268958543216
2597	6279	1.10226596318656
4689	5226	1.10194555315819
25793	6478	1.1013989758907
6230	9168	1.10112606041651
212	8531	1.10109752314444
5756	7803	1.0999853815009
474344	80342	1.09870716528966
285231	54800	1.09843823889628
2495	6170	1.09605222815422
4820	7559	1.09587262601961
6187	694	1.09576189912031
55303	6426	1.09446958203081
6521	6535	1.09348028984636
3983	994	1.09330502517982
90338	9252	1.09319582991954
6279	64778	1.0928597860104
3187	567	1.09213843364209
285231	85021	1.0915759276472
1350	6122	1.09111734283027
1475	6283	1.09065365712598
54542	55054	1.09062520292205
285672	2967	1.08990322107916
7188	80342	1.08938774259752
4184	652	1.08887986616773
6923	9556	1.08788576627679
466	51096	1.08780866384878
54861	940	1.0873961212532
5502	57664	1.08697866041471
3945	6223	1.08688235474007
5226	83716	1.0865656935521
79939	80097	1.08606397118984
3842	6232	1.08517014943539
11236	63935	1.08462988148088
27068	7347	1.08377162986294
10125	91298	1.08322815531802
4689	6573	1.0828626027816
388677	80204	1.08239148052081
472	6526	1.08159520827395
10221	7056	1.08097487064856
6161	6633	1.08080292036914
5187	602	1.08067768393851
23586	64135	1.08066918659155
2810	816	1.07985718707362
2907	409	1.07983790942029
55656	9453	1.07979214413087
11059	5469	1.0796641271866
10634	3690	1.07937053398907
10578	9022	1.07800122753289
10105	5329	1.07755730186368
2746	382	1.07643715876936
23036	79810	1.07611317379172
1475	4048	1.07562438116771
10559	23307	1.07454813799582
1475	4688	1.07444057263484
2162	2876	1.07427884227555
10857	8555	1.07422700891766
53335	8115	1.07199821128511
3613	55819	1.07192332940827
29802	53335	1.07110607753564
6128	6193	1.07098992926665
3842	90338	1.07031040425481
1669	5872	1.06975948384475
302	3074	1.06970429532231
3001	3003	1.06914601173207
3002	9289	1.06901328509874
396	91289	1.06842886910557
2935	51094	1.06804001791699
138151	2242	1.06704963879831
81539	868	1.06668951210174
26986	27258	1.06611271781932
220972	669	1.06571867687671
1991	566	1.06550268997501
91782	9814	1.06464515325871
3105	6152	1.0644760121551
26278	4775	1.06330856587274
55103	90338	1.06316389475164
11126	2999	1.06302288015406
7699	9425	1.06267260530899
11329	23126	1.06261840297361
6775	919	1.06197902755972
10412	6164	1.06056765526082
1524	55577	1.06033892313676
323	7475	1.05954176119025
29081	55656	1.05942773953083
8204	9120	1.05908291281131
27258	6228	1.05897574476475
30845	4052	1.05817120718964
11213	23312	1.05713723112085
23334	91289	1.05690837914815
50486	8767	1.0568468097033
2357	929	1.05657054939405
5162	57470	1.05607740036827
10578	5551	1.05477357431301
80896	929	1.05472863151235
55737	8417	1.05462484112223
2803	55142	1.05373957922296
27092	7849	1.05349787057892
285672	55054	1.05318153290803
55103	55142	1.05292872032805
5927	79982	1.05272767455248
23126	9453	1.05143537062966
7456	8615	1.05138973498575
1781	3417	1.05128122707086
3707	54674	1.0507169395735
3858	79697	1.04983071602214
6208	694	1.04974880526583
1915	6128	1.04927071960814
51575	6925	1.04881063129909
2803	5228	1.0486493968527
220988	25957	1.04819206399926
1955	5175	1.04804668277806
54556	6235	1.04762248931364
11224	6138	1.04744239785913
58472	6888	1.04717855386472
2625	7535	1.04704910716822
60	6194	1.0469692828817
10295	22921	1.04655355376489
10617	55852	1.04642734847137
10208	54934	1.04624991682399
51266	800	1.04606710803287
170960	9857	1.04564000645801
10238	2965	1.04561806167666
1874	2356	1.0445342558795
26010	3437	1.04395686635485
55422	93487	1.04325780980926
7404	8653	1.04256818727086
10561	5610	1.0425135145144
10951	4077	1.04164650204639
1524	5336	1.04053304022628
63935	9925	1.04010146388856
1070	51111	1.03988122514211
6161	694	1.03902660087315
2039	8991	1.03719711579905
285672	6232	1.03685024687428
2747	9991	1.03673935877932
10105	5597	1.03652391305045
3359	56	1.03640293389385
51192	79887	1.03508096069372
6526	9857	1.03486453969327
4666	9852	1.03463045544027
4666	54556	1.03435363866215
11031	138151	1.03415050432305
4869	694	1.03389599085385
10180	5567	1.03338021744173
4869	6193	1.03132615675167
3560	83988	1.03088190609664
1475	55819	1.03073120102047
7030	7077	1.03056837400729
7803	9308	1.0300781101437
51619	64284	1.0300447843916
2334	2810	1.02979080978552
27345	56	1.02965083679238
4780	51320	1.02956491933245
23181	80097	1.02897418328854
3690	7414	1.02863796593212
51094	598	1.02846791483115
4869	6141	1.02815049574029
4820	694	1.02786953964783
3576	4783	1.02751441417377
11329	55726	1.0264407106079
10125	4063	1.02622737879363
433	51734	1.02617376269134
2769	7077	1.02553071140352
23175	3590	1.02552600218053
3945	6165	1.02547083239632
54674	80342	1.0252681199868
10562	671	1.02478075433293
2355	63935	1.02475368255959
1755	417	1.02471197873702
114885	1781	1.02441742065278
23166	5768	1.02423187131922
23181	79939	1.02417097960329
3956	6888	1.02366993818276
25793	51218	1.02342959621127
29074	51603	1.02342395695783
4603	5551	1.0233106317577
56890	80208	1.02314083804965
2355	8553	1.0227935458654
2528	816	1.02130770256351
23191	56935	1.02094607427713
29997	4869	1.02085431656514
6141	6230	1.0206345271566
27258	6167	1.01832864586903
4066	4332	1.01814328445835
6314	6738	1.01790385528432
6194	6230	1.01772109493121
26137	6222	1.01683417270988
388677	55720	1.01633711237905
2934	978	1.01563416531752
6314	80264	1.0152998137472
10398	239	1.01428604360569
9375	9770	1.01401529303466
23512	6228	1.01392917698456
3430	6772	1.01365795109286
9214	939	1.01324538459467
2791	395	1.0108053504712
23452	56	1.0103214006511
1808	5175	1.00848874355133
11214	1783	1.00837858743635
222487	9334	1.00826034130789
138151	6916	1.00797813545009
26137	9045	1.00778409475
1915	6279	1.00774245788078
566	6947	1.0077306426487
1390	93487	1.0077087442642
4680	6590	1.00720466714
3417	526	1.00710519931649
28958	9276	1.00685521261561
10154	80896	1.00607385645573
3428	54809	1.00510610303511
3934	932	1.00233544261139
56904	91304	1.0021723925628
10661	6535	1.00183241131185
11214	6738	1.00004214508941
