6143	6217	3.72168609464744
6205	6208	3.72168000043556
6164	6228	3.7216785895684
6167	6227	3.72167842613412
6133	6187	3.72167831973782
6217	6235	3.72167339133633
1915	6133	3.72167215486564
567	6232	3.72166559207339
6188	6205	3.72166427653793
567	6164	3.72166420610673
6188	6227	3.72166217911006
6170	6227	3.72166108652253
6161	6168	3.7216600136876
6167	6170	3.72165857382081
2197	6135	3.72165730259392
2197	6141	3.72165715486933
567	6217	3.72165688389303
6229	6235	3.72165498356141
1915	6187	3.72165423612058
6171	6229	3.7216530338186
6155	6156	3.72165262918211
6217	6232	3.72165259568335
6170	6228	3.72165150949208
6128	6217	3.72164760869309
6135	6141	3.72164544659763
6164	6232	3.7216449373281
6188	6208	3.72164419944074
6143	6235	3.72164199084197
6170	6205	3.72163823378408
6232	6235	3.72163791401572
6205	6228	3.72163610931108
6164	6217	3.72163275222307
6171	6235	3.7216269289338
6141	6201	3.72161396317134
6208	6227	3.72161314823152
6194	6217	3.72160759924458
6143	6232	3.72159957664285
6171	6232	3.72159916192951
4736	6217	3.72158886820236
6141	7311	3.72158647624531
6161	6210	3.72158489815319
6229	6232	3.72158180123295
6167	6188	3.72158139090423
6170	6208	3.72157753200824
6205	6227	3.72157137207895
6128	6143	3.72156544930343
567	6143	3.72156289606062
6128	6201	3.7215604698262
6201	6217	3.72155906400679
6158	6208	3.72155012653969
6170	6188	3.72154853855945
6167	6233	3.72153149697992
6208	6228	3.72152703106058
6201	7311	3.72152508879961
6156	6171	3.72151766556548
6143	6156	3.7215171637664
6133	6191	3.72151424178526
6161	6229	3.7215141224272
6143	6176	3.72150115933784
6133	7178	3.72149964450592
6217	6229	3.72149527308119
6164	6201	3.72149385688271
6201	6228	3.72148830836826
6122	6147	3.72148298424387
2197	7311	3.72147940385963
6143	6164	3.72147902636845
6156	6161	3.72146722260103
6161	6232	3.72146599038604
6206	7311	3.72146352584027
6160	6208	3.72146147184046
6176	6217	3.72145647495975
8287	8653	3.72145349319894
6227	6228	3.72145084496338
567	6128	3.72144695458264
3105	3106	3.72144290741127
6191	7178	3.72143405790772
6135	6142	3.72143383624142
6160	6201	3.72143344510363
6158	6205	3.72142713925691
4736	6194	3.72142111455874
6161	6209	3.72141894838118
6168	6210	3.72141850165056
6122	6138	3.72141335937578
6192	8284	3.72140474441972
6141	6158	3.72139761137281
567	6228	3.7213910649632
6143	6229	3.72138698562018
6135	7311	3.72138540652322
6164	7311	3.72138149587882
6164	6235	3.72137327619226
6133	6147	3.72135304694619
6156	6229	3.72135121254959
2197	6201	3.72134676343643
4736	6235	3.72134280744077
6217	7311	3.72132516802514
6170	6233	3.72132188544005
567	6235	3.72132094029622
6160	7311	3.72131313737422
6135	6227	3.72130854029565
6188	6228	3.72126447054245
6167	6205	3.72125868866973
6142	6158	3.72125218974608
6129	6171	3.72125215436471
6156	6235	3.72124175948576
6160	6205	3.72123779369149
6143	6171	3.72122852681568
6187	6191	3.72122176367855
6158	6227	3.72121873538336
6156	6217	3.72121365820083
6160	6206	3.72119827289554
6135	6201	3.72119463517845
6201	6222	3.72119269223267
6128	6176	3.72119249623709
6128	6164	3.72117236664696
6128	6194	3.72116910028398
6167	6208	3.72116646375814
6152	6209	3.72116148406811
6210	6229	3.7211538268025
2197	7316	3.72115153206936
6155	6235	3.72114745057235
2197	6194	3.72113815599952
6143	6155	3.72112583638153
6164	6229	3.72112007123598
6141	7316	3.72111952934847
6143	6201	3.72111157556933
4946	6143	3.72110464444953
6141	6142	3.72110251361768
6155	6171	3.72107594794353
6160	6209	3.72107207745102
6141	6227	3.72105655193406
6141	6217	3.72104075244229
567	6201	3.72103575079399
6171	6217	3.72103544258732
6129	6138	3.72103099557403
6129	6229	3.7210221906733
6158	6188	3.7210126035383
6152	9045	3.7210097934634
6152	6161	3.72100403347769
6165	6209	3.72099854340779
6206	6209	3.72099430256093
6136	6187	3.72096045901484
4736	6209	3.72095553804316
6156	6232	3.72095290696502
6129	6156	3.72095175821214
6206	6217	3.72093975939934
6161	6171	3.72093195347037
6143	6194	3.72092207428882
1915	7178	3.72089582190846
6155	6217	3.72089250277579
6168	6232	3.7208896509923
6152	6210	3.72088277447281
6160	6228	3.72087959022782
6176	6201	3.72084136480319
1915	6191	3.72083589183538
6187	7178	3.72083209532884
6128	6135	3.72081365928758
6158	6228	3.72080695821731
6141	6176	3.7208068072447
6128	6235	3.72078893036692
6168	6229	3.7207874353388
4736	6229	3.72077223737476
6161	6206	3.7207625923602
2197	6176	3.72073812001185
6164	6206	3.72072738990792
4736	6143	3.72072634374956
6194	6201	3.72071897167341
6160	6222	3.72071270701023
6229	9045	3.72070249448252
6201	6205	3.72070048763227
6205	6222	3.72069336984594
6155	6229	3.72065218618564
567	6176	3.72063434128908
6206	9045	3.7206203462165
6161	6217	3.72058970455011
1915	6147	3.72058325377124
6135	6217	3.72057149155101
6142	6205	3.72056079674015
6201	6208	3.72055334973403
6122	6133	3.7205517954865
6228	7311	3.7205351879164
4736	6206	3.72053332874651
6227	6233	3.72051625342342
4946	6217	3.72048119959541
2197	6217	3.72045575112555
6164	6170	3.72045145497228
6164	6176	3.7204495638387
6135	6170	3.7204304751559
6128	7311	3.72042541592112
6206	6229	3.72042508556585
6164	6205	3.72039421867811
6129	6155	3.7203775286318
6143	6161	3.72036621111667
6158	6160	3.72034579911346
6141	6222	3.72034472688001
4736	7311	3.7203431998615
6135	6228	3.72033180485248
6192	8653	3.7203214759552
4736	6201	3.72031746665365
6141	6194	3.72028107018453
6142	7311	3.72027322981119
6135	6176	3.72026521388809
6158	7311	3.72025515998261
6171	7314	3.72024929950227
6135	6194	3.72019875345418
6210	6232	3.72019195823177
6201	6209	3.72019158524245
6141	6228	3.72016996631883
6158	6201	3.72016417151433
6208	6222	3.72014665321235
6141	6205	3.72014279576201
6135	6167	3.72013326027815
6222	6228	3.7201189213787
6201	7316	3.72006489452784
6122	6191	3.7200560625581
6135	6164	3.72004305915397
4736	6156	3.72000774482668
6217	6228	3.71992495168238
498	6167	3.71978679732103
6161	6235	3.71976718471924
7311	9045	3.71975510849369
3151	57570	3.71975417229268
6176	7316	3.71972118973908
6167	6228	3.71971801218833
6142	6164	3.7197174858295
6194	6235	3.71971468216407
4946	6194	3.71969905085505
6228	6232	3.7196809659623
4736	9045	3.7196053118636
6142	6217	3.71959980434977
6161	6164	3.71959229189967
6209	6222	3.71953912989033
567	6229	3.71950805295428
4736	6161	3.71946671456526
4736	6128	3.71944179153754
6206	6235	3.71939302909728
567	6142	3.71937695658688
51386	7311	3.7193738040488
6129	6235	3.71935343593821
6128	6141	3.71932832378322
6141	6164	3.71929050160545
11315	6132	3.71922070272638
6143	7311	3.71920611008394
6160	6164	3.71918173358767
6135	6158	3.71917958779219
6122	6136	3.7191257498775
6176	7311	3.71904807199871
6279	6280	3.71903830547797
6128	6232	3.71901185669618
6170	6201	3.71900778089662
6141	6208	3.71894385291082
6122	7178	3.7188464464929
6201	6206	3.71884631403929
6206	6210	3.7188093792013
6188	6233	3.71879030563507
6205	9168	3.71870685949698
6166	7311	3.71867574297663
6142	6208	3.71863567992993
567	6194	3.71859007351163
6209	7311	3.71858364980914
6141	6209	3.71847421764013
7404	8653	3.71840726941342
151011	65124	3.71838985092059
6168	6171	3.71838166113688
6152	6169	3.71829586998711
6142	6228	3.71829037121288
6164	6208	3.71828675554648
6142	6201	3.718241070326
498	5223	3.71822289740514
6235	7311	3.71821174469524
2197	6142	3.71821083398341
567	6135	3.71814916969154
6138	6147	3.71812578128511
6128	6228	3.71811218161971
2197	6128	3.71809091917155
4736	6171	3.7180606311198
2197	6143	3.71796045028066
51386	9045	3.71795373882552
4736	6165	3.71782036587156
6205	6233	3.71778878487333
6171	6210	3.71777426985995
6206	6232	3.71775216511497
6209	9045	3.71768445937416
8287	9086	3.7175224481454
6222	9168	3.71747585178695
4736	567	3.71747332997146
6136	6223	3.71746614956732
6188	9168	3.71745901382563
6135	6205	3.71745609267666
6135	7316	3.71742206903675
6141	6143	3.71737451268067
165324	55771	3.71730157561798
11224	6167	3.71722603844149
4946	6155	3.71721019986507
6158	9168	3.71716427526025
6147	6191	3.71709487755104
6136	6191	3.71703055210261
6227	9168	3.71701968453606
6205	7311	3.71700532565466
4946	6128	3.71697175055435
6201	6227	3.71694957729424
6208	7311	3.71694881446255
6158	6222	3.71676915422217
6141	6160	3.71673469547242
6155	6232	3.71672546953673
6147	6187	3.71667076858358
4736	6232	3.71657526038513
6133	6136	3.71649820408032
11315	56900	3.71642345021787
6135	6208	3.7164037628109
498	6227	3.71639057596038
4869	6133	3.71633865440206
567	6171	3.7162946670211
10075	6222	3.71619626414479
6155	6194	3.71610055384741
6176	6194	3.71609595876128
6143	6727	3.71604547526135
4736	6164	3.7159289307358
6160	6161	3.71588284704012
6208	9168	3.7158758819196
6158	6170	3.71583207712886
5223	6167	3.71582492416145
6209	6217	3.71555428286961
6128	6142	3.71550401527662
6128	6229	3.71544576776057
2197	28972	3.71540085708158
4736	6142	3.71537605975902
1460	5223	3.71524419379541
6158	6164	3.71521507907325
6167	9168	3.71518897419661
6229	7311	3.71515248682894
6141	6167	3.71514668968801
6165	6194	3.71503013609135
6170	6230	3.71483111692835
567	6141	3.7147483362549
8284	8653	3.71473808790362
10284	10944	3.71469526502848
6152	6229	3.7146872223951
6143	6228	3.71463536581753
6176	6228	3.71459507632699
498	6141	3.71446964789386
6152	6160	3.71441231939655
51386	6141	3.71439082975175
6122	6129	3.71436879952011
6201	6232	3.71430223491997
6152	6165	3.71427216947366
11224	6233	3.71424302043948
6156	6194	3.71423178580705
6133	6223	3.71418344582773
6228	6233	3.71414950475277
6135	6143	3.71414296978444
6141	6170	3.71413203752602
6142	6194	3.71405907688448
6192	9086	3.71404754586415
498	6135	3.71404101085307
8653	9086	3.71401273009397
4736	6141	3.71400751017135
6279	6283	3.71391774574516
4736	51386	3.71387425316425
4946	6176	3.71377035619098
6152	6206	3.71353629712968
6193	8664	3.71350353316547
6164	6222	3.71347854989725
567	6727	3.71343418433166
10284	7314	3.71337103793524
6194	7311	3.71324189531176
6206	6228	3.71321776107229
6176	6235	3.71320904677664
6204	7178	3.71310589608073
567	7311	3.71307513770657
6161	6201	3.71303932992886
6280	6283	3.71303203956955
6164	6227	3.71300192029434
5478	6187	3.71291372257768
6122	6204	3.71291017167916
2197	4736	3.71283803897151
6726	7316	3.712803274744
51372	6167	3.71253297835354
3122	567	3.71245052899976
4736	6152	3.71242738693542
6129	6234	3.71236066688828
6222	7311	3.71226474411188
6141	6188	3.71223148653902
51386	6206	3.7122087552751
498	6188	3.71218261667418
6168	6209	3.71195284053775
3122	6141	3.71178886179183
6235	7314	3.71170743637963
4736	6129	3.71155020040972
2197	498	3.71113873977163
6227	7311	3.71095037449245
6160	9045	3.71092491933276
3460	6132	3.7108310199287
6136	6147	3.71076924037227
6229	7314	3.71076846337607
6152	6168	3.71071905020339
6229	6234	3.71069073588338
6192	7404	3.71065633312916
6235	9045	3.71056078498137
6209	6210	3.7104308256478
6176	6232	3.71041313201062
4869	6187	3.71039650256686
7404	8287	3.71031611844891
2197	6158	3.71029260226101
2197	6164	3.71013824454239
6141	6206	3.71012441682614
6142	6227	3.71000634148644
56900	6132	3.7099351467841
6128	7316	3.70943953825574
6170	7311	3.70932782966526
4736	6155	3.70931381409414
6160	6217	3.7093133342242
6170	9168	3.7092458893441
6158	6209	3.70866853142663
6217	6727	3.70864377292835
1915	4869	3.70851648981086
1915	6122	3.7085164692581
6191	6204	3.70844830268547
3490	4257	3.70843367853329
6187	6223	3.70839019103323
79939	81856	3.70835770710135
6160	6210	3.70827082052222
6283	929	3.7081482830074
6234	9045	3.70794850685587
6208	6233	3.70786306458277
6194	7316	3.70785880554725
6128	6160	3.70784362278426
567	6161	3.70779111470725
6206	6222	3.70770742934833
1629	90338	3.70742273776599
6168	6206	3.70740317584326
1345	4710	3.70727895293868
6122	6187	3.70722773460351
2197	6227	3.70697052567522
6188	6193	3.70675624657273
6128	6727	3.7066297687606
6129	6152	3.70661204292191
567	6158	3.70660258618189
6161	9045	3.7065413127623
6142	6160	3.7064837591321
6141	9168	3.70642786391676
4736	6160	3.70635991665522
6156	6168	3.70635054391854
6129	9045	3.70632708255067
51506	6138	3.70632128833044
498	7316	3.70610526547798
6160	6188	3.70607849124016
6156	6164	3.70605263455127
6165	6633	3.70588337988362
6217	6222	3.70575225240579
22878	567	3.70558011605694
5042	6176	3.70556506135075
2547	6727	3.70555989563404
5478	6136	3.7055578727477
4736	6132	3.7054516708181
6142	6188	3.70542290871493
567	6205	3.70522615169656
6156	6210	3.70520688791911
6138	6171	3.70507240426346
6201	6727	3.70484908000577
10933	3460	3.70456605416472
6209	6229	3.70452777255493
29997	9349	3.70450249419362
6167	6201	3.70418009266564
6160	6170	3.7040338641708
64422	6451	3.70400771823556
10075	6161	3.70388129884653
28972	4697	3.70377786786613
6201	6235	3.7034134921318
10094	11331	3.70332516322609
22878	6164	3.70319414230048
27069	7417	3.70309298263132
6155	6176	3.70304944894866
3122	6217	3.70294759472589
567	6156	3.7028622180127
2197	567	3.70277055251191
6194	6727	3.70256263442132
51386	6217	3.70244222805383
6188	8664	3.70223428344437
6164	6171	3.70207563025404
6727	7316	3.70199084252245
6129	6161	3.70186487709026
4736	4841	3.70185224021963
11331	7316	3.70177416400192
6143	6206	3.70172256338742
6191	6223	3.70140843893368
6156	6206	3.70112261998361
6210	6235	3.70103087291338
4946	6156	3.70086213378855
51372	6227	3.70064847052681
11224	6193	3.70035071938088
6156	6633	3.70010333445838
6158	6167	3.6998352258741
567	6170	3.69958364379488
3122	6142	3.69941212238451
6135	6188	3.69930693818881
6165	6201	3.69925669367124
10946	6143	3.6991615156872
10933	6132	3.69897611384747
2197	6727	3.69886283451708
6164	6209	3.69849537262237
4946	7316	3.6984421644944
6206	6208	3.69834763264278
4946	6235	3.69832240109737
6128	6155	3.69830057017757
2547	6217	3.69824398568727
6167	6230	3.69814717794013
6135	6727	3.69814658830885
6161	6222	3.69789300497622
6165	9045	3.69760485405556
6143	6209	3.69721983194417
6142	6235	3.69674941090445
10933	26003	3.6967225798359
567	6222	3.69669068504978
6194	6232	3.69664611369034
6143	7316	3.69662877959134
2219	5265	3.69637335894303
6156	6209	3.69598507558408
2197	6228	3.69597370942675
6170	6222	3.695055484042
6164	6210	3.69492871356468
6169	6210	3.69463938293117
1629	55771	3.69450061447032
1915	6136	3.69420696712455
6129	6210	3.69393044704888
6217	9045	3.69388177722633
6217	7316	3.69383836341702
6232	7311	3.69380928679084
6129	6217	3.69373697370437
51386	56900	3.69369844378095
6141	6727	3.69369229550037
51187	9804	3.69362195752465
6222	6227	3.69354912324229
6165	6206	3.69325098868891
4736	4946	3.69270606720872
6128	7114	3.69269836006577
2197	6166	3.69198589241822
11315	1345	3.69185312143992
10476	7417	3.69171827744632
6142	6206	3.69141448560971
2547	6143	3.69136194137545
6201	6229	3.6912717845251
6142	6170	3.69115676396494
6155	6161	3.69106833881397
5228	81856	3.69095164080612
2197	4946	3.6908355411546
6188	6222	3.69069145637497
4736	6633	3.6896353564112
2197	51386	3.68956267121557
3122	7316	3.68954806996495
2213	55103	3.68952838117864
5478	6133	3.68934841823189
170960	5228	3.68902343523604
11224	6227	3.68887781612927
115207	1462	3.68885641108014
3476	6209	3.68858862420293
55771	57486	3.68849331931806
6164	6194	3.68841006210346
22878	6228	3.6882967418005
7316	7913	3.6882178538014
3122	4736	3.68772143924006
4946	7114	3.68718418715045
6210	6217	3.68711384295699
10284	7411	3.68699556454528
10094	7316	3.68684808903182
6128	6158	3.68657000362091
10728	6128	3.68639383341215
6164	6168	3.68632661067844
28972	4946	3.68584713070722
10672	7314	3.68547297317511
6156	6201	3.68540470018219
6206	6234	3.68506441884018
6161	7311	3.68486516487759
6194	6229	3.68475590631661
79048	79982	3.68454232044916
10284	6633	3.68424584048619
5478	6191	3.68419444647405
6141	6166	3.68392062318233
567	6208	3.68370660599937
6161	6228	3.68342546708379
1285	1286	3.68338870208163
28972	7316	3.68333708295262
4946	7913	3.68324109582844
4736	6210	3.68318974953807
28972	4710	3.68313784607335
3015	4946	3.68310149403029
170960	79939	3.68293151802096
6152	6633	3.68274599806274
6158	6217	3.68260444285778
7544	8287	3.68259195003873
6188	6201	3.68247957025701
6205	6206	3.68206843994592
10284	6129	3.68192943111706
3122	7913	3.68069552495451
6168	6217	3.68066619432918
8664	9168	3.68032766497163
6128	6156	3.67881411802391
6152	6156	3.67812989068196
6169	9045	3.67795437267697
6210	9045	3.67785480907447
2547	6194	3.67760928985136
6605	6634	3.67728309826307
6129	6169	3.67701807069056
6160	6227	3.67689735283442
6160	6165	3.67664076721621
3476	6160	3.6764813485566
6128	6171	3.67609587988658
3178	9045	3.67554607782736
11315	3476	3.67551223230373
1460	9168	3.67487552481427
6165	7311	3.67476549894016
3460	4841	3.67417107043724
11224	1460	3.67408472938877
10109	6167	3.67300161707128
6128	6208	3.67296799303876
6128	6206	3.67269994449268
567	6160	3.67254561836343
57486	90338	3.67193135801901
6228	6230	3.67192155307649
6164	6188	3.67183005177411
2091	2124	3.67179987022177
6168	6235	3.67153913828168
10944	7411	3.67110664758272
1650	4946	3.67106035296631
10728	4946	3.67090586791075
6147	7178	3.67053405493356
6142	6727	3.67031393664009
6161	6169	3.67009872212386
4736	6176	3.66946812415654
5223	6188	3.66940876261382
10236	7913	3.66909673569811
6194	6209	3.66877765953674
5714	6727	3.66836879273865
4292	9320	3.66798499998864
498	5689	3.66751225612767
6136	6138	3.66734318951573
6228	6235	3.66728002863988
4869	7178	3.66683738625059
10075	6160	3.66596892607867
498	6158	3.66586247203855
10284	6156	3.66575574221479
10412	6633	3.66498549605767
4697	4710	3.66484756306345
6155	6164	3.66449135644587
28972	6194	3.66448190417379
6129	6143	3.66362881923566
498	8664	3.66359159580339
6143	6168	3.66352536590351
567	7316	3.66351423599236
6193	6208	3.66347185406517
6135	6235	3.66323785300276
1629	165324	3.66320357950182
3151	6155	3.66275942150141
567	6206	3.66229200011967
6156	6176	3.66211221462534
2547	7314	3.66159425161669
339487	5223	3.66141184305962
51386	6209	3.66061711669688
6228	6229	3.66012691397969
51386	6142	3.66008459853551
539	9168	3.65995127232764
6209	6228	3.65816352337218
10933	56900	3.65804349661795
4946	567	3.65771949461405
11224	9168	3.65749809175226
51386	6194	3.65704779385073
6201	9168	3.65653476250772
2197	6167	3.65597736501171
51131	83852	3.65584435187896
2197	2547	3.65549375616487
6138	7314	3.65520142963797
498	6201	3.65492779143074
2547	6235	3.65474301714719
4666	689	3.65455826413517
567	6155	3.6541560429152
11315	51386	3.65311667689245
4736	56900	3.65282000410499
6167	6193	3.65189364811527
6128	6170	3.65170211954882
6193	6227	3.65133028270163
6228	9168	3.65093040238376
7417	746	3.65091877182608
3122	6194	3.65077020391191
6192	8287	3.64994471619835
6222	6232	3.64912756597873
2197	6205	3.64813902268801
10284	6132	3.64794706609566
3476	51386	3.64771103863384
6155	6206	3.64766078915278
11315	3735	3.64576313932497
6158	8664	3.64574093268939
4736	6138	3.64457354115711
10284	6138	3.64443220374134
5478	7178	3.64409193086927
6143	7314	3.64400167116364
4736	7314	3.64379211187928
3122	6201	3.64338881506158
389541	6203	3.64178369504485
2197	3122	3.64166814064456
6176	6229	3.64150094440874
6138	9326	3.64129819892524
1629	5228	3.63977443790784
55771	90338	3.63735185670174
6194	6206	3.63698670963011
6161	6165	3.63671456436606
5757	6129	3.63616590245625
6188	7311	3.63609437519063
6161	6234	3.63591914362015
4841	6194	3.6355027803361
6158	6727	3.63510774841849
2197	6235	3.63497418190562
6208	6209	3.63426268156427
3015	4697	3.63417295689692
401505	51188	3.63414359363416
6141	6165	3.63391423914892
567	7913	3.63297958036625
2197	6222	3.63162788008935
6156	7311	3.63160643757303
6205	6217	3.63138772193065
7311	7316	3.63097066837692
7316	7323	3.63042535684784
6142	6143	3.63003817331679
11224	6188	3.62968518607633
6135	6166	3.62964327260659
1460	8664	3.62954971351085
7404	9086	3.62916602581361
6156	7314	3.62888844321356
6167	7311	3.62826765721365
6169	6234	3.62747394186389
6227	6230	3.62711114980296
6217	7913	3.62692194671303
10109	5223	3.6263521324325
6209	6633	3.62632302783056
498	6208	3.62556034337078
6135	6160	3.6249084087744
6209	6232	3.62466989358539
6208	6230	3.62461265412541
51386	6135	3.62448954738661
6143	6222	3.62395157722462
51138	6138	3.62363872203866
6160	9168	3.62277629049945
6128	6161	3.622760720695
6158	6206	3.62243783970745
401152	6500	3.62177854940726
6122	6171	3.62165803922609
6129	6147	3.62158805962786
3151	6235	3.62099128453614
2879	28972	3.62079950831164
5223	6227	3.62045226246231
10236	6135	3.61988672356127
2197	6209	3.61981383276978
2197	6170	3.61911596579532
6129	6232	3.61775146823041
567	6210	3.61705954430838
51386	6201	3.61692867918914
6633	9045	3.61678077527895
6205	6230	3.6162803429806
6176	7913	3.61574220758552
6159	6204	3.61529274203379
51386	6160	3.61522697386201
100129792	5205	3.61436514626581
3122	6143	3.6140528863349
498	6205	3.61378326409889
5223	8664	3.61352838622326
51372	6233	3.6134918882446
6160	6229	3.6130950275108
1915	6223	3.61304390333136
6146	6223	3.61300043044788
6142	6209	3.61283823904624
6156	6234	3.61237075501469
6171	6194	3.61209356950564
3151	4946	3.61189509402496
6168	6222	3.61103281296331
6194	7114	3.61063196230038
10075	6168	3.60970421440897
115207	948	3.60809937184644
6165	6217	3.60801696690806
5757	6229	3.60797265037978
567	6227	3.60782625647412
10476	6632	3.60720259029934
6160	6232	3.60610644383307
1351	28972	3.60605396598801
6161	6633	3.60504349158391
51372	6170	3.60470045436539
3178	6229	3.6046429684701
11315	9045	3.60461652719571
6176	6227	3.60454419841601
119504	6235	3.60406733027708
2197	6208	3.60405394089682
6233	9168	3.60325465927132
6141	6235	3.60267996983247
6135	6222	3.60176628262616
6142	6232	3.60070051117694
6138	6633	3.60045300551996
60	7178	3.59968800891727
2547	567	3.59965315822413
1349	440574	3.59859054101231
10576	506	3.59852263143915
10944	6132	3.59835359074734
51142	5691	3.59756700299298
6228	6727	3.59663951958035
165324	5228	3.59659047896398
5250	5692	3.59657896724001
6208	6217	3.59519173391048
3122	6176	3.59475835181242
6164	6727	3.59436583087107
10109	6170	3.5935803687156
6155	6201	3.59221515362432
6166	6201	3.59137956115867
6176	6206	3.59013393623492
6128	7913	3.58945586692857
10728	6194	3.58938611292173
6138	6156	3.58923459974894
10541	9045	3.58889425564776
22878	6232	3.58851478525213
29997	6193	3.58838565352993
6168	6234	3.58488032022218
4946	6201	3.58434747424509
6201	7114	3.58406240529835
6155	7311	3.58257602458293
6205	6209	3.58212394904968
6128	6205	3.58101947571167
8284	9086	3.58087236512813
3122	6135	3.57990822985013
6129	7314	3.57985387515349
2091	9045	3.57981209222551
51386	6158	3.5794435795277
11224	5223	3.57842566871514
6156	9045	3.57834755687598
28972	51187	3.57745032195315
498	60682	3.57682864750028
2197	6206	3.57583928262089
6156	6165	3.57524868800111
4736	6158	3.57498468982795
4736	6135	3.57462846907169
1351	4710	3.57448023433219
5143	81856	3.57442143419591
6129	6194	3.57403087789835
3476	6158	3.57314589228737
10476	4709	3.57232494672273
6175	6223	3.57212393071727
6209	6235	3.57146342333702
4069	6283	3.57137170089363
5228	79939	3.57087996089656
6208	8664	3.57038600621683
6132	6138	3.57025952421504
2547	6229	3.57017723084156
3476	7311	3.57014244761217
6160	6167	3.56884071594208
6171	6206	3.56742201778071
539	8664	3.56717428414015
2547	4736	3.56582985668933
3476	6141	3.56469218968617
6193	6205	3.56459186256252
401152	7411	3.56331600493636
10284	6634	3.56207593958237
4946	6171	3.55970978557106
2547	56900	3.559241313063
5205	5228	3.55893519053936
2197	6165	3.55834799255888
6500	7411	3.55822700435218
6132	6634	3.55635567833499
51188	84661	3.55633528512905
11331	6201	3.55624871856664
498	6170	3.55460154775613
10284	6152	3.55417463992162
6204	6223	3.55246834013495
100129792	5228	3.5522070610897
498	6142	3.5520397787422
6128	6209	3.55186625331129
28974	6633	3.55152288625437
10541	3178	3.54864462554299
3122	6158	3.54823589891825
10728	7114	3.54584807005324
6217	7114	3.54438757124926
5042	6135	3.54427987529072
7311	9168	3.54386107245072
10933	51255	3.54063297260143
3151	6171	3.53942024761679
6135	6206	3.53874706351272
567	6168	3.53812924504098
6227	8664	3.53702730851944
6143	6210	3.53607377762783
5479	6132	3.53572425515372
11331	2197	3.53494745998126
6193	9168	3.53444274294493
3106	3107	3.53418915641659
2547	3460	3.53058502607385
6201	6233	3.53041067976888
3490	79772	3.52965474179035
23075	951	3.52872281209583
119504	56910	3.52688084638165
51372	6188	3.52542302568099
4946	6135	3.52483438398109
51386	6229	3.52388008672541
6136	7178	3.5237947609196
5683	6632	3.52309374035647
3122	6128	3.52136281477761
6201	9045	3.5203832766129
6170	6217	3.51877750305795
56900	6209	3.51799521931877
1351	4697	3.5173165114916
3151	6156	3.51722128793349
3122	6727	3.51619572365604
3839	51131	3.51538323820819
6129	6206	3.51492808449638
6222	7316	3.51354135942441
1650	7913	3.51321119133662
10983	4946	3.51297716000562
3476	6165	3.51157468276149
3151	6143	3.51133902365871
6205	8664	3.51130499293577
51187	7555	3.50955499829432
2124	9045	3.50891762451303
6201	6230	3.50858069701966
11315	5479	3.50708088265451
10476	746	3.50611267630868
10899	3106	3.505956669554
10236	3122	3.50546193472145
4841	6132	3.50517150627604
2197	4697	3.50515353663577
6230	6233	3.5047035703979
10476	6633	3.50375743201385
6161	7314	3.5037278213498
51372	6193	3.50241134243832
6152	6234	3.49737559664224
6160	6168	3.49678916011263
11331	6141	3.49636960575894
2197	6160	3.49608088536609
1938	2197	3.49544408847259
4869	6122	3.49490590443544
6158	9349	3.49415024666481
6142	6167	3.49362444948055
10541	2124	3.49308943259988
4733	7411	3.49247788832344
10946	6217	3.49163750108958
6234	6235	3.49024804907551
2547	6135	3.48969167322644
6170	6176	3.48855772705052
6135	6233	3.4871518069499
6128	6227	3.48705041387783
6164	9045	3.48678084061306
6143	6160	3.48480047606349
7314	9535	3.48475454085791
6152	6217	3.48403613965818
6418	7178	3.48242167638975
2547	4841	3.48196977824815
5223	6170	3.48159875555576
6158	6194	3.48151934683056
10284	10476	3.48124851182306
6208	9349	3.47869571454276
4869	6147	3.47714070562969
6171	6234	3.47703361099748
10899	746	3.47696440794767
6143	9045	3.47655374199537
6165	6222	3.47590364249062
6634	6727	3.47569001088173
65056	8452	3.47495882214161
6135	7913	3.47471792956842
2197	7913	3.47456700541241
6147	6223	3.47411695440662
6232	7314	3.47287025593938
6129	6633	3.47234788218302
11315	4736	3.47199911530139
6128	9045	3.47173436036236
2197	9168	3.47064456139637
567	6209	3.47042977689813
6279	929	3.46975309722579
10284	6171	3.46939439436689
10983	6155	3.46829264724216
51372	6208	3.4679530884097
6194	9045	3.46716754920723
4946	7311	3.46713149625196
6160	9349	3.46583206407349
5223	60682	3.4652156737707
1915	5478	3.46513808866953
127943	5368	3.46359626393639
170622	51188	3.46310634107098
6141	6232	3.46069907756032
6209	6727	3.46066312087532
6147	6171	3.45870627725178
28972	6902	3.45823615453869
6176	6727	3.45621261486043
10476	51506	3.45559407941322
1460	6167	3.45521224112756
4946	57570	3.4546283795596
3122	6164	3.45442993047582
11213	4257	3.45412707913548
10946	6176	3.45118498567223
10933	4841	3.450642117178
401505	92259	3.450105233859
7404	8284	3.44971889231018
6164	6167	3.44966430657992
55629	6133	3.44679608583429
6217	7314	3.44579738559706
7385	7411	3.44358621600646
5478	6223	3.44331001535579
6135	9168	3.44194430227066
10236	2197	3.43967974604638
4946	6141	3.43840112553727
165324	90338	3.43666841712376
25814	28972	3.43630493500522
6138	6229	3.43514600062287
6210	6234	3.43449974615531
6223	7178	3.43382171970806
6156	7114	3.43314564020978
6135	6232	3.43239379397951
6234	6633	3.42963205720626
4946	6229	3.42867455679789
6167	6222	3.42818871089786
6142	6176	3.42780525042204
4946	6232	3.42544410212419
4736	6727	3.42422225368443
29997	6188	3.42190355660859
6136	6175	3.41987678115286
10933	11315	3.41942004003554
6122	6418	3.41939117293323
6143	7913	3.41852750744239
1460	6227	3.41845665025597
2197	5042	3.41699107438101
2547	28972	3.41661167906781
55629	6147	3.41654802291277
6135	6230	3.4154987815179
7411	9326	3.41375321229065
10542	746	3.41355620772699
60	6175	3.41237482667178
51506	7417	3.41232895098791
25814	51647	3.41200422253343
10541	51386	3.4116527896361
6176	6222	3.41035273602136
6168	6169	3.40997608395735
51386	6132	3.40969246687302
10109	6227	3.40942721973816
2197	6726	3.40817441951961
2124	7311	3.40584599071843
6161	6194	3.40578041259515
6160	6166	3.40520353958751
3146	5757	3.40409699428307
1072	8428	3.40334514008306
5478	60	3.4033158434626
1460	339487	3.39909714463807
6146	6191	3.39829300050417
2821	3692	3.39749046581723
6128	6230	3.39532931394645
3151	6217	3.39294009691227
6194	7913	3.38988874427801
3015	57570	3.38894911271036
10775	1345	3.38839609970805
1350	4697	3.38834113124929
170960	81856	3.38674000603792
4736	6222	3.38593804964463
51313	948	3.38529564432908
10236	9698	3.38431178561607
3178	51386	3.38283646566819
22919	6845	3.38181897963015
1936	6193	3.38043901779892
498	9168	3.3803853893594
10284	6122	3.37843433440959
10075	6210	3.37796976071073
389541	9045	3.37547720900719
29997	8664	3.37208678518104
6128	6166	3.37109293529191
3146	7314	3.36793310524229
3460	7314	3.36645301178473
2547	6164	3.36622288293954
6175	71	3.36579566988736
6210	6228	3.3656891791774
6152	6171	3.36453299758299
5205	81856	3.36356167498667
51386	6235	3.36318478226054
10284	9326	3.36220786964883
2547	3122	3.36090739013451
10284	6500	3.36080720497128
7417	8428	3.35899336478735
57129	7332	3.35303909631421
10946	6164	3.35270061211842
6232	6727	3.35113188213425
119504	6171	3.34848175798484
55629	6122	3.34774780898245
28972	6141	3.34329754008585
6152	6201	3.34206293032566
5204	6204	3.34130301378256
6146	689	3.34057598801965
10944	6138	3.33948837148139
6169	6229	3.33517038154449
10933	25814	3.33491890616077
6194	6222	3.33205141369851
6122	6223	3.33143719530675
6132	6605	3.33091501371116
6158	6176	3.33057508240939
6169	6633	3.32982752613144
55629	6138	3.32891583541854
4736	6168	3.32803395219483
6138	6155	3.32731777275296
10236	6727	3.32704434083396
10284	6161	3.32565456464283
4736	7316	3.32349324608439
6632	7417	3.32191036902468
6235	6727	3.31840344166504
1345	28972	3.31779836875944
498	6176	3.31570258626756
6138	7411	3.31316488781375
6142	6222	3.31297738562825
1462	948	3.31022733182064
11331	28972	3.30882698172106
4841	56900	3.306776948489
1236	9214	3.30628016319303
1350	170622	3.30489109155913
6160	6194	3.30462889675347
6143	7114	3.30342016406644
10944	7314	3.30326851835256
3113	6176	3.30320596548614
6138	6235	3.30158495783207
115207	51313	3.30128205684432
10899	3105	3.30023371827156
170622	7114	3.29870432860451
6128	6222	3.29681795443924
22878	6217	3.29437211554503
6166	9045	3.29391929831494
10542	5887	3.29250329962492
10075	6209	3.29207672392368
2547	6634	3.29160884047698
6132	6633	3.29035182358825
10236	2547	3.28930859794355
10075	6201	3.2879214910096
3113	6141	3.28727248876559
27166	4904	3.2809703780628
4722	6138	3.27727295107743
6168	6228	3.27418627168177
3476	9045	3.27149594911614
6138	6191	3.27055271027905
51506	6132	3.26920274393996
10944	9326	3.26874344620404
10933	28972	3.266412308475
3476	6142	3.2655317742315
1938	6141	3.26507901446343
51142	84833	3.25950937420099
2547	6156	3.25848898585732
4736	6228	3.25578619189889
2197	6155	3.25077374945902
6160	6235	3.24936106030394
6171	9045	3.24855454524153
2124	51386	3.24821939271003
51386	6164	3.2456672780262
6165	6203	3.24381527823957
5223	5689	3.24368327898295
5202	5436	3.2424494742772
28972	6176	3.24033167293465
115426	65056	3.23890644171379
4946	6727	3.23830620528851
10284	9535	3.2362114924642
10075	6228	3.23485824632672
6168	9045	3.23316217194384
10576	3945	3.23290977138941
6158	6193	3.23047290270573
10775	3476	3.22685028820381
2547	4946	3.22534252429221
10728	6217	3.22412525247043
119504	6143	3.22262542097477
11222	6132	3.22254064390602
51386	6222	3.22069297130585
4869	55629	3.21954541192138
51506	6129	3.21839840067888
10476	4722	3.21777926258645
6175	689	3.2144428533629
3476	4736	3.21394105424798
4841	6138	3.20872901283676
6136	6204	3.20643444946465
5478	6175	3.20384079164264
6187	689	3.20379925882815
6158	6166	3.20361423274714
6129	6168	3.19899968866975
6133	6138	3.19706604486305
6152	7311	3.19673018517241
2124	6206	3.1940132569079
3015	7913	3.19063183284907
5250	7417	3.18882816153117
10946	6155	3.18878960920351
23304	9320	3.18839589640972
6152	6235	3.18755071583393
6138	6204	3.18661279608052
4946	51187	3.18643487429218
1460	6188	3.18410927160729
10983	6143	3.1839619711329
8284	8287	3.18323436993089
1462	929	3.18315211779485
10284	4736	3.18269050403039
1460	498	3.18006611578524
10476	11222	3.18001862401214
5757	6171	3.17987629970009
7114	7316	3.1771626407954
539	6160	3.17593386337387
6164	7316	3.17519233073483
6155	6234	3.17157800222216
10971	5714	3.17145623766286
10236	567	3.16993744745337
2197	6902	3.1694606386953
498	6726	3.1691602113395
56900	9045	3.16855234356652
2547	6232	3.16804893819877
6205	6232	3.16753488511381
6132	6152	3.16606171901681
6155	6210	3.16557664781677
6142	9349	3.16348581919635
4736	7114	3.16293214102246
11222	6342	3.16202321842367
5714	7316	3.16045478706367
51747	55870	3.15535098808438
51386	6128	3.15453441874652
498	6228	3.14664950455571
4841	6129	3.1462306381692
4869	6191	3.14009505362996
6143	6158	3.13945105579427
56900	60559	3.1388689950096
64581	948	3.13852924805738
3185	5702	3.13623220277974
6142	9045	3.13497041129013
2197	6156	3.13397338550695
4983	7114	3.12171264140522
3476	6132	3.12073426628845
3113	3122	3.12039998390415
4711	51255	3.11489282439643
10899	6204	3.11475832517645
5223	9168	3.11475465474318
29997	6205	3.11202526966931
339487	498	3.10910539373969
10181	10443	3.10876549218817
10542	51081	3.10291034534139
51187	6194	3.10200025047881
25793	6902	3.10068614285112
10899	7417	3.09879330741431
28972	51504	3.09811719700104
115426	2332	3.09808811851501
6727	7311	3.0980851461354
6217	6227	3.09626580652205
6158	9045	3.09383502879265
51379	6194	3.09151086229141
8621	90338	3.09013789328659
25793	28972	3.0888923168362
6167	8664	3.08808804271343
2124	6142	3.08778766943401
6122	7314	3.08760037079834
6159	6175	3.08025666376343
1351	2197	3.07975255621548
5515	5685	3.07869630192395
6634	7314	3.07767902968713
2547	7913	3.07681700264041
6201	6210	3.07012544263098
6228	7316	3.06815926585062
3151	6194	3.06715284654834
6133	6204	3.06523360845941
1460	60682	3.06420888487722
5223	6193	3.06327265388647
60	6191	3.06231591472714
6132	7385	3.06139298784508
6158	7316	3.05848741136167
6161	9535	3.05721505804574
10728	4736	3.05631179350493
11331	397	3.04925063924198
6280	929	3.04866866765099
3178	6206	3.04532456659631
6175	6204	3.04246604170986
51255	9978	3.04189109521278
11224	6170	3.04123801717925
1982	9646	3.04116901956909
10476	6138	3.0402246609143
4946	6164	3.03702813358805
51386	6208	3.03652678854519
1650	28972	3.03610405092158
6155	7114	3.03358850714522
2197	6188	3.03258189103324
51386	6165	3.0323337554714
11331	6128	3.03071290204812
3476	6201	3.03026375847049
6132	9045	3.02838708985826
2197	9045	3.02831420157205
51386	6205	3.02630285231033
6223	689	3.02516914571033
6141	9045	3.02491132706544
6141	8664	3.0245638421115
389541	51386	3.02085212955299
10944	6500	3.01862221780012
4725	6633	3.01851253790243
6169	6206	3.01823425965597
6136	689	3.0168235573339
4191	8073	3.0132730866343
119504	51321	3.01178808040421
51372	5223	3.01061257516052
6141	6233	3.01016574210139
6133	689	3.00980033047503
10284	6229	3.00949615877219
2332	65056	3.00877073770822
10946	6232	3.00822124892523
498	7311	3.00534943850958
2547	6176	3.00460415150793
6164	6230	3.00353255736123
10284	51506	3.003318965692
6222	6233	3.00235440653765
28972	3015	2.99840466062072
57570	6194	2.99405994866786
5432	60	2.99270801498987
6142	7316	2.99197756021745
4666	6159	2.98752984816447
6194	6228	2.98735668019304
4711	51506	2.98302171762794
51386	6152	2.98215810537377
6232	9045	2.97913046219329
6138	6169	2.97682962521597
6158	6232	2.96534344665894
6229	6633	2.96293012931032
28972	51647	2.96246441840718
1460	6193	2.95966067498763
6128	6210	2.959495446472
6147	6204	2.95940795833359
10728	6727	2.95666780763272
4709	4722	2.95618289735809
3476	56900	2.95409150785396
27230	51637	2.95369167916977
3015	6194	2.95357677782407
10899	60	2.95196639015134
498	539	2.95140336422033
10109	498	2.94829250710381
4946	6129	2.94827236734604
22878	6142	2.94565383703565
22878	6235	2.94560759077838
2547	6155	2.94241192556346
2547	7528	2.93660698333208
2547	6201	2.93475606718999
2547	51386	2.92849547804062
6229	9535	2.92705403845985
1650	4841	2.9266105281462
27249	7411	2.92642172271825
3151	6129	2.92309016202747
6171	6176	2.9210645205665
100129792	81856	2.91893291602107
6142	6229	2.91493458902933
6210	6222	2.91199011633436
6159	6223	2.90774439531567
498	6193	2.90673661882895
100129792	5143	2.90479315954242
6141	6161	2.90428856424065
7544	8653	2.9026756947947
5204	6159	2.89876363133183
6209	6234	2.89866894996109
4736	6234	2.89054961468872
2547	51379	2.88876313066095
498	6128	2.88858125642303
51321	65056	2.88261477608863
10096	11315	2.88230092367385
56900	6217	2.87147785876112
1350	4710	2.8616909756998
6142	7913	2.85781519260233
10946	6229	2.8537142057656
2197	3113	2.85106543517761
6170	6206	2.85092167489749
2547	6171	2.84576022958472
4292	55035	2.84151740981525
2547	6128	2.83852552598075
5757	6235	2.83717120343391
10672	10944	2.83192190219396
10075	6164	2.83178299002568
29093	6135	2.83019905111871
51372	6205	2.82855322958167
5204	8678	2.82651086930929
2547	6902	2.82493931410783
3151	4736	2.82434137456024
2197	6232	2.82387777913124
6135	6209	2.81879216169447
6176	6726	2.81710660036005
51386	6143	2.8164303857418
2547	55699	2.81389240734676
2923	6726	2.80964635795798
5143	79939	2.80878269425213
4666	6122	2.80520324163086
4710	51187	2.80451301074548
4218	4841	2.79958112197687
6160	6176	2.79138791941695
56900	6152	2.79024965288885
51142	81853	2.78774672729298
11331	4697	2.78622107583202
10541	7311	2.78514352022478
567	6188	2.78420542740082
1345	8667	2.78171229932283
6227	7316	2.78015839550923
2547	6141	2.77872924441489
10728	6500	2.77436152260262
4697	7316	2.7729569147998
6208	6232	2.77091792924513
3015	6726	2.76685995545045
6167	6176	2.76568361105423
4841	51386	2.7647801469168
6210	7311	2.76302869047485
28972	4736	2.76055732173259
51187	6132	2.76006520705965
6155	7314	2.75993567046523
6167	7316	2.75899093258897
6156	6727	2.75848617059355
1938	2879	2.75658624832686
1629	8621	2.75565530450945
1938	6135	2.75421788628378
11222	26135	2.75145445007175
2197	6229	2.7506236756989
7404	7544	2.74985921126499
2879	7316	2.7439635139286
6143	6165	2.74324307473006
6138	6418	2.74275025397725
3122	6232	2.73988786388623
28972	6135	2.73940102541893
56900	6229	2.73716459462141
1052	115207	2.73678409811015
51647	6902	2.7364315385928
2091	6634	2.73281576485986
3460	4736	2.72984811740305
10284	401152	2.72978757966076
1345	2108	2.72654199052716
6170	6232	2.72516972405616
10109	6135	2.72358818121137
5205	79939	2.72248973678896
1351	517	2.71783468596279
10728	6143	2.71446034911329
165324	57486	2.71407517337401
10728	5908	2.71387557508765
10946	6156	2.71128633694368
28972	4841	2.71037503249716
6141	7913	2.70842948622276
6155	6633	2.70783623655466
6143	6152	2.70564773212381
389541	4736	2.70331309070793
4292	56910	2.7032739446949
5223	6205	2.69691145530192
567	6230	2.69591812255194
6128	6165	2.69487173999922
2197	2879	2.69204953291707
55035	55763	2.69172004067904
401505	6500	2.69114887960841
6141	6229	2.68971583370869
6156	6169	2.68813517448393
3178	4736	2.68255102286877
6171	6209	2.68167713245314
10236	6176	2.68039031731668
401505	6633	2.67636660545861
3122	6235	2.67555536296074
5880	9168	2.67447247487694
3476	7341	2.66797617387896
3028	6175	2.66607027518254
4841	4946	2.66421239348041
10236	498	2.66359716450816
6156	6160	2.6629684016984
3015	7316	2.65749856282026
1345	51188	2.65595669749339
10075	6206	2.65449142018961
4191	4697	2.65429621509918
2091	6229	2.6535868930629
10094	7323	2.65082055711205
3146	6229	2.64967458542854
3178	6152	2.64870928223815
2197	3476	2.64679602723633
6132	7314	2.63945584322498
6164	6233	2.63809155022792
10672	23369	2.63459882591929
6161	6727	2.6297256064226
6152	6232	2.62794303939247
3146	6171	2.62460580947281
10284	7417	2.62407432228025
6176	6209	2.62308585865639
11331	4946	2.62240602738795
1345	3476	2.62186486079606
22878	6170	2.61906951718366
1349	7341	2.61540733559632
10944	6605	2.61174268089869
6155	9045	2.60362941064222
6152	6194	2.59736237225302
4191	7417	2.59348513710554
301	317649	2.59228178416524
29997	6158	2.591531040806
51506	9326	2.58661638625954
115106	746	2.58562423647059
6168	6201	2.58481822094524
11222	51506	2.58322498486102
3460	56900	2.58056858438732
22878	6143	2.57895856403997
10094	498	2.57852490845497
6135	6229	2.57480628282307
4841	6156	2.57301532920075
6138	7417	2.57264368556748
29997	6208	2.57208086703146
119504	6155	2.56936562848636
23204	6132	2.56823923556638
10284	4841	2.56647574040396
10284	401505	2.5644141698247
539	6208	2.5596994308547
6176	6205	2.55625591507608
6727	7555	2.55317139772985
27249	6500	2.55104200007003
4292	9632	2.54656079576336
2091	2547	2.54623234120362
4841	51506	2.54287667111028
539	6201	2.54230350056351
4716	6633	2.54175373239694
6205	9349	2.53673498523581
3105	7178	2.53438387819966
6222	6727	2.53235548564784
11315	51187	2.52697090588433
100129792	165324	2.51791178234649
11224	51372	2.51302379834577
6128	6129	2.51265755917774
2547	6142	2.51231984935189
25814	3182	2.51193678726812
51386	6176	2.50905843673873
23608	56984	2.50884840213515
3476	9349	2.50580044770643
3945	5250	2.49867162035435
23585	5714	2.49825347705679
1351	51386	2.4933072906685
4736	7913	2.4916504116905
401505	4710	2.48965034884399
10236	22878	2.48707613727041
10672	7398	2.4851951186534
6165	6234	2.48355186829075
2923	7316	2.47969313557012
1629	57486	2.47497932896956
2124	56900	2.4744602142803
5250	6138	2.47367051747105
3146	6235	2.47313195616007
60682	6167	2.4722672263161
6128	6167	2.46630842788483
6152	6222	2.46452500061558
6633	9326	2.46383676123998
1460	6158	2.45376897511954
10944	4733	2.45329239152371
10075	6205	2.45277218116712
1460	6141	2.44675357753964
5228	90338	2.44630252726165
27069	401152	2.44351230156647
6229	6727	2.44036387337539
3182	51647	2.4389008459704
2091	6235	2.43540482896573
6209	7316	2.43025681577936
11331	1938	2.4275858975656
10284	10728	2.42731127164007
192286	4191	2.42664989297406
10933	2547	2.42570385882825
51379	6217	2.42429923952771
6143	6633	2.4205162794633
3151	4841	2.41986989249508
29997	6142	2.41976401510271
2787	5683	2.4194592079975
11331	7311	2.41832499927088
4711	6138	2.41800719495218
10672	8452	2.41765989717548
51506	5250	2.41633262800387
10541	6229	2.41592007626952
56900	6206	2.41176650236813
6727	7114	2.41085722812301
4841	7385	2.4033551788094
6194	6208	2.40142441876465
2787	5250	2.40059766403492
6138	6152	2.39989776193064
10672	3460	2.39445518592389
2023	5230	2.39413449474389
6152	9535	2.39389109185187
4841	6217	2.38366888181985
10946	567	2.38282943723824
6129	6204	2.3821601687707
6158	6235	2.37776631887454
11235	27249	2.3757485614399
10236	7316	2.3736800839178
10576	5250	2.3696205505318
5478	6122	2.36704081706704
27069	51187	2.3666725823897
28972	6726	2.36586514313027
10284	6143	2.3619950436895
11315	7311	2.35914160930205
6165	6229	2.35844619239226
1650	6194	2.35656317393068
6169	9535	2.35441437823162
9045	9349	2.35361422521877
4697	5042	2.35338714903844
6122	6156	2.34962103205851
4257	8522	2.34825183192722
6222	6229	2.3478378817017
3476	5702	2.34690523485112
51187	6500	2.34322857045719
10109	339487	2.33908223880995
6171	6201	2.33273678226378
6160	6233	2.33236483641114
498	6727	2.31823114544193
6138	7178	2.31686581140669
11224	6205	2.31312703496297
170622	4697	2.3127309794491
6160	6230	2.2998445028777
11315	51506	2.29955051425567
23787	9039	2.29925294479253
6171	6418	2.29690232665512
6208	9045	2.29502196577898
3460	9978	2.2947446704723
3151	6138	2.29272171914421
56984	6143	2.28237915067497
6142	6165	2.27989473672124
6143	6170	2.2794352526824
4946	8452	2.27934113245444
51100	5202	2.2682797288846
3476	6152	2.26337235635641
10476	4716	2.25817904691696
28972	9804	2.25714154030412
2879	6141	2.24562769863143
10933	9978	2.24561488483455
2547	7311	2.24314105231146
10946	6228	2.24184444202091
6166	6227	2.23858654563377
6169	6209	2.23816885671227
3460	7528	2.23685138349042
11224	1936	2.23288128116391
6142	8664	2.2323058994717
5689	8664	2.2283823627313
6206	6227	2.22756088587512
517	9045	2.22435617406403
1650	6128	2.22013121979328
28972	6132	2.21561731649014
6161	6176	2.21487301585023
1345	401505	2.2139185325849
3151	7314	2.20805281185595
6141	6230	2.19624081585524
51386	517	2.1890663490973
6142	7555	2.18865396369619
6176	6208	2.18816993809289
51379	6135	2.18666652827732
4722	6122	2.18273859529034
6122	9326	2.18207805057161
28972	51386	2.17993929482275
60	6204	2.17776233785056
6156	6222	2.17534488500019
140609	567	2.17366112838711
3122	7311	2.17239161975551
10284	2547	2.17085636214837
5143	5228	2.1658681788171
6160	6727	2.16349067523318
10944	6634	2.16345331754788
3108	4292	2.16286020701043
27069	4841	2.16089231077412
60	689	2.15788995693305
6633	7417	2.15413600923194
6166	6176	2.15352430159059
4666	6204	2.15347525738343
3015	9804	2.15171259503151
10476	115106	2.14033518240922
4125	5223	2.13816116606319
6141	6156	2.13688999370818
6235	7913	2.13660286809651
11331	6194	2.13540089865554
5250	56616	2.13055296034639
10075	6232	2.12613910092507
6136	6146	2.12419200086839
2787	7417	2.12127770056303
28972	6143	2.11945218932148
11222	6845	2.11246559992544
9045	9535	2.11028279329701
6135	8664	2.10841873747594
6156	6228	2.10775007197374
7411	7417	2.10556135306957
51321	57179	2.09933892129819
100129792	79939	2.09808050447192
6129	6209	2.09359013738767
498	7323	2.09067636865015
51386	567	2.08956539801057
6209	9168	2.08684183707834
27069	7411	2.08556536946718
6138	9045	2.08317133189373
1345	7341	2.08266022883454
10284	6418	2.08263286056338
4715	746	2.08199967955748
10728	3460	2.06557529187565
10933	51506	2.06500008338365
2124	6166	2.06420194920597
3178	6235	2.06240039088067
25814	6727	2.06211874921352
3122	6228	2.06200380588309
2108	28972	2.06009768625377
10728	6634	2.055476835731
10476	7411	2.05208180925654
56900	6194	2.04984129721011
10236	6128	2.04791662284747
6129	6165	2.04399609734513
10109	5042	2.03922978144142
10946	6235	2.03697932570412
119504	65056	2.03462057401753
6171	6633	2.03334428048963
11335	8678	2.02781773325334
3476	6166	2.02661765534131
6135	6155	2.02437953023909
6158	6161	2.02190601570037
6143	6902	2.01568234010018
4722	5250	2.01144382226528
1938	51386	2.01123471273245
6165	6235	2.00891261963272
1345	2923	2.00368037977083
6155	6168	1.99831749822021
65056	79811	1.99644814270996
23089	8910	1.98947651320535
3476	6203	1.98549733798612
56900	7311	1.9854052355321
56900	6141	1.9834736475315
6194	6633	1.97951637286458
3151	6229	1.97822773149936
6188	6230	1.97676937101436
80183	9214	1.97636611156856
3178	6210	1.97634449526278
5515	6632	1.97413241175012
10284	4733	1.96845339814539
4841	7417	1.96306448506903
6164	6166	1.96296382328338
22878	30836	1.96224274543382
1629	84267	1.96192314767824
2108	4710	1.96161225232525
4736	6205	1.95914612317204
6193	6233	1.95786173683027
6166	6209	1.95701676254072
3476	6206	1.95660714715429
3476	8664	1.95429209571777
4736	6208	1.9475486715161
1329	4904	1.94698019486072
6160	7114	1.94671527560568
6166	6217	1.94564533541572
6143	6166	1.94090038867586
6205	7316	1.94010254304769
11315	2124	1.93797083780598
10933	51188	1.93796123493219
4666	6175	1.93685683218969
6141	6193	1.93674706014132
6418	9326	1.93303314111703
1327	27335	1.93149281345296
114883	9978	1.91626940844869
6155	6165	1.91441187854324
6135	9045	1.91187713859409
6208	6210	1.90951236087723
6158	6229	1.90790476522005
11331	6176	1.903630065468
54439	79048	1.90150415311567
170622	6155	1.90147022379852
10236	6143	1.89556815623718
6093	6730	1.89372086676859
10284	56900	1.89181372676364
10899	6418	1.88897511608641
10284	6209	1.88643950131273
6168	7311	1.88436677049825
25793	3608	1.8832853463685
6633	7314	1.88312581651584
27069	55573	1.8821789389602
6418	7417	1.88100151238955
6727	7913	1.87369989542258
6158	6165	1.87098480921917
2124	6135	1.86915557869839
200185	28972	1.86540287558416
10075	6152	1.86529151036489
6171	7311	1.85702699410163
170622	28972	1.84862359607625
53339	92912	1.84655967325886
2597	506	1.84363084589057
6135	6165	1.84269817909899
6158	6233	1.84099850000038
6132	6209	1.83728026378377
10476	5720	1.83214005313789
2547	7316	1.83142479091777
119504	4154	1.82947086503155
11315	9978	1.8289112413653
51386	9349	1.82799592066482
1650	51187	1.8255232163239
10236	6217	1.82512623466326
60559	6229	1.82052729636841
51386	6228	1.81920004406586
28972	6201	1.81756661880182
6152	7114	1.81505703564011
6169	6171	1.81318179202909
2124	6235	1.8113475999873
6175	6187	1.80981668323138
498	6160	1.80758937578673
5093	51142	1.80746666052963
517	6203	1.80411633031357
4191	5216	1.80228578206393
4257	79772	1.80166882312589
56900	6235	1.79868373064827
6143	6205	1.79764736408953
7316	9168	1.79294897541467
1460	6170	1.78609168176798
4841	7314	1.7815127173246
51647	5714	1.78115725488433
4736	6166	1.77857713035164
51255	7417	1.77825951946212
6161	7114	1.7693137670172
6209	7114	1.76728667062955
60682	6188	1.76397798693273
10236	55699	1.76247008809762
3122	6209	1.75488975126441
3183	6827	1.75378759394223
1629	81856	1.75284857973328
165324	81856	1.75167728994155
2547	6132	1.75101140867873
4946	7314	1.75016286449955
2091	4736	1.7492870026534
6217	6230	1.74655599116343
4841	6171	1.74410529374786
22878	6135	1.74276740793066
10236	6142	1.74019347314402
5223	6233	1.73991223428161
1329	5720	1.73761723782316
6164	7913	1.73722516053434
6132	6194	1.73678984245718
25793	51504	1.73394075068936
7311	7913	1.73366376076582
6205	6727	1.72727427588191
55035	9320	1.71677790299659
10946	6201	1.7113023748843
11213	3490	1.70298381936632
6191	689	1.69704269744362
5908	7114	1.69635298908147
539	6141	1.69306510050271
10728	6235	1.69207625839075
51138	8678	1.6901469122594
7341	7386	1.68962896271465
6128	6152	1.68721482818109
10236	6194	1.67913046135072
51506	6633	1.6756690072105
51374	6194	1.67494221521386
6201	7913	1.67467128563171
6161	6205	1.66897591784562
28972	7203	1.66847099018192
6166	7316	1.6672163151196
539	84833	1.66501655109078
4841	6633	1.65904980270729
6152	6164	1.65883528413596
28972	6217	1.65731934992391
5715	6636	1.6498689366802
339487	6167	1.64230619990505
3122	498	1.63915721872023
28972	5042	1.62870047507543
6170	8664	1.62796369411507
51142	6193	1.62547966172576
28972	6727	1.62545085182094
567	7314	1.62516318730014
6152	6155	1.6240934316039
539	6167	1.62355707801738
1345	6132	1.62037261894445
2124	6229	1.61891200597037
51386	9168	1.61254956130861
10412	6165	1.6124865200568
1915	55629	1.60597695351972
28972	7311	1.60227368327323
6194	6205	1.59974100887089
3460	6634	1.59935622923374
115207	64581	1.59749385167555
3151	57179	1.59277988662493
3113	6135	1.59271870987707
6165	6210	1.5927062923774
10284	6235	1.59149534346435
4709	746	1.59067689612333
567	6167	1.58553767264925
10672	6171	1.58449095935306
6217	6234	1.57656512574775
6235	6633	1.57322081646568
10946	2197	1.57023545938392
162427	65056	1.56819798851813
22878	6176	1.56794788467998
4946	5908	1.56675882165858
11331	6135	1.56194464749133
11224	25873	1.56065102957042
567	7114	1.56025783571592
6142	6161	1.55977623930161
6161	6208	1.55573340801642
6233	7311	1.55538233892371
4946	4983	1.55475054096807
2547	7203	1.55398748346712
51386	60559	1.5533945574337
52	5245	1.55155014907498
5223	6135	1.54789008545561
51506	9045	1.54658762797888
170622	6156	1.54651473424027
6217	6633	1.54494407208521
51188	7114	1.54347877866036
6234	7311	1.54007318740295
81856	90338	1.5390087760774
170622	3015	1.5388918915728
3178	6209	1.53467996761592
10971	6727	1.53121140148996
23379	9320	1.53023258746142
5223	6208	1.52898061060566
51187	7114	1.52817921006395
1349	539	1.52808877883189
3735	5479	1.52418916312188
3460	6171	1.52375815373973
51138	55629	1.52361498572833
60559	9045	1.5181218870866
6727	7314	1.51769707661368
1399	9646	1.51632925981053
11315	25814	1.51041979856306
2547	3113	1.50958863476551
56900	6201	1.50230898142787
6146	6187	1.50187824018646
4637	7341	1.50006838233733
4841	6229	1.49444919876635
7314	7528	1.49035224955629
51643	6122	1.48641157994697
10983	3015	1.48552551042716
23215	9140	1.48133892113881
6165	6169	1.4769047888902
6232	6234	1.47366901107789
6133	6418	1.47320139452784
1072	150678	1.47136290878473
6631	9779	1.46124155184505
6152	6634	1.45629595406049
3015	51187	1.45550803391818
54439	79982	1.44884526998677
4673	6129	1.44743809187079
7314	9326	1.44736215376721
5683	7417	1.44129011022661
3028	9551	1.43733408471579
1936	5223	1.42636517378607
10933	4736	1.4247305466456
10971	7316	1.42200472774582
11331	6165	1.41480358029892
1460	6205	1.413649943533
3151	6176	1.41266607735047
10672	8443	1.41115757718368
3178	9535	1.41057926346499
567	9045	1.41013384261176
3015	6155	1.40741578989277
7311	9349	1.40720617610889
51100	5718	1.40617506873595
6235	9535	1.40547087535297
6194	6500	1.40052674856806
539	5689	1.39996894291715
10944	6122	1.39964062039278
3460	6235	1.39890560103497
6166	6228	1.39819044606848
3476	6205	1.3973591541725
3122	4946	1.39499540651446
51386	6161	1.39145429600058
4722	4841	1.3897909423697
22878	6128	1.38784404254502
6165	7114	1.38666405127642
4673	6138	1.38569175895802
145483	79939	1.38545385973491
3178	7311	1.38277884738434
5757	6234	1.37998773255918
6170	7316	1.37660846353056
10933	3608	1.37649571497343
6155	6902	1.37496252344416
10946	10983	1.37463999092613
2124	6164	1.37266501377309
51506	56900	1.37170287588465
2197	51379	1.37006498758446
29093	6167	1.36916551818086
4946	6902	1.36742577773839
1173	4715	1.36446592719564
11315	6605	1.36361064411383
1938	28972	1.36276837649186
3185	498	1.36220983304016
6168	7314	1.35788165897333
6128	6188	1.35675537115291
3113	6143	1.35549442576757
6201	6726	1.35472879083493
170622	6194	1.35462292739667
6133	6146	1.35432796533503
56900	6156	1.35361037204241
3185	7316	1.35323305141122
10476	5250	1.35234031901878
4946	51386	1.34998847081206
28972	7913	1.34682830880812
6164	9168	1.34619379463145
339487	5689	1.34227655616984
6193	9349	1.33941263392182
1938	498	1.33894060639415
2108	8125	1.33504219548737
28972	56900	1.33423096149274
10728	6605	1.32933989489821
1192	4637	1.32901042743376
6188	6206	1.32822265600203
6142	6166	1.32792441783149
10236	6141	1.32573044474097
60	6187	1.32548626212725
65056	9698	1.32502961104073
119504	6156	1.32409405266475
10284	28974	1.32316939444985
25814	4710	1.32315890019937
5757	6155	1.32257452702589
2197	8664	1.31774195265298
6208	6727	1.31754181120543
6138	6234	1.31741580835291
10946	2547	1.31592398345337
10284	6727	1.31517959253803
6632	746	1.30937867537392
6142	9168	1.3077530100315
6160	7316	1.30611380393025
64207	6727	1.2994304424558
4673	6122	1.29939492182379
3839	55213	1.29823660138589
6228	9045	1.29722357688978
10983	6217	1.29598334815322
5204	6223	1.29471556456541
6418	7314	1.293530493591
100129792	170960	1.29066413241127
6342	7411	1.28942904150732
1938	9168	1.28930416307041
4736	6634	1.28646825971054
6132	9326	1.28390679167231
3476	517	1.27791384751561
4697	6194	1.27021544164084
10728	2547	1.27013440529784
10284	10933	1.26645414312514
10284	4946	1.26271828208725
140609	6232	1.26215049781877
440574	7341	1.26206671108815
23585	5702	1.26178559868332
8664	9349	1.26095972419432
1936	6167	1.26029115888702
5683	6451	1.2599325170263
401152	57179	1.25783972097249
339487	6170	1.2556150079553
10728	6171	1.25364407674769
6143	6208	1.25200918744234
1982	8073	1.2517491530234
1345	51187	1.24877821953375
119504	6418	1.24788236795676
339487	6227	1.2447156602944
6222	6235	1.24456096379711
6902	8428	1.24275834288896
3945	5692	1.2398650879973
401505	7341	1.23678585704908
10933	9326	1.23647821982107
6902	746	1.23445877764041
51504	6902	1.23344602201704
3608	6342	1.23206501828438
3189	55274	1.23041391210734
56900	6143	1.22672267781173
6171	9535	1.22643937186163
3106	7178	1.22597705513302
5702	7555	1.22422990672185
3122	3185	1.22254700259574
2124	6208	1.22122829721316
10933	6138	1.22061575510352
1938	8761	1.21985274557607
2197	539	1.21919942122072
6166	6208	1.21307044785266
6155	6209	1.20441976973291
1982	5685	1.20379139652676
2197	94107	1.20319668199466
4711	4722	1.20110626137212
7314	7398	1.2003765351248
11315	6160	1.19914538519812
2124	6158	1.19528520115058
1915	6138	1.19502088347271
59286	81631	1.19294656767965
119504	3146	1.18935455187636
5228	55771	1.1829259081408
11224	6208	1.18211812824674
2787	6451	1.18117730060796
140609	23412	1.18089183675151
51188	6633	1.17966010538373
6129	7417	1.17922187545191
3113	7311	1.17567013354896
2547	56984	1.17489919804304
1629	79939	1.17488664535775
8621	9736	1.17414540000104
11335	6418	1.1740329082288
2547	25814	1.17181090462166
6902	7417	1.16998284890421
6188	9349	1.16844986223171
6132	6229	1.16690217749043
10476	4711	1.16673746846254
1351	7311	1.16520343583113
4841	6235	1.16431830206423
1329	25994	1.16366990810462
6418	8678	1.16065378132949
506	5715	1.15986599325906
6208	6229	1.15848280198995
2197	51187	1.15615405411823
6647	6727	1.15482089012228
2197	3015	1.15457815547942
55119	6314	1.15205165248417
4904	6451	1.15177221717266
150684	4722	1.14964703057178
11222	4711	1.14892779701659
1716	6138	1.14647296894482
6176	7114	1.14588627825722
11315	6152	1.14315848448987
6129	9535	1.14203406516939
57570	6155	1.13922468322858
2091	6166	1.13677053846904
6187	6204	1.13540795141375
4736	6902	1.134056149937
1350	192286	1.13361595192784
539	7311	1.13160826049771
6160	8664	1.12634123439935
28972	3608	1.12444332076458
10944	3460	1.11931861488521
1351	6902	1.11872860195912
51187	51386	1.11709080007592
6128	6168	1.11641886683113
11331	7114	1.11612420539266
3151	6232	1.1153760927535
6633	6902	1.11494903992552
6480	9214	1.11192682754649
10933	4218	1.11142627549504
6122	7411	1.11082360189502
3184	6188	1.10774447197723
6165	6208	1.10622358616326
170960	84267	1.10574413216876
6132	6235	1.10414032256452
27166	6451	1.10354528865373
2787	4709	1.10258561571503
5204	6138	1.10222461482801
5042	7316	1.09879026819821
1650	7316	1.09837641734698
25814	9978	1.09805543251345
4709	6632	1.09715839536068
1460	6135	1.09679525816087
6206	9349	1.09604678154229
10672	3151	1.09581188754677
3094	6159	1.09521183452644
2091	7311	1.09503255153818
11315	3460	1.09468070452463
5683	65991	1.09186576559864
2547	3608	1.09041602786255
11151	26277	1.08924423775901
2197	6233	1.08792871160408
5478	6204	1.08651481181606
10946	4946	1.08541160539746
51386	6203	1.08404406673097
10284	6217	1.08250897552169
3122	6222	1.08112791870742
51374	57570	1.07647156255237
5692	7417	1.07563444057387
389541	7311	1.0718646384282
60	6133	1.06929283439579
3151	4154	1.06911230639323
4736	6169	1.06909444877738
509	60	1.06785189561185
3646	6193	1.06752740905003
11315	517	1.06495146816963
6138	6161	1.06459033938044
6129	6418	1.06256811396484
10284	6605	1.06244718513592
3608	6634	1.06187501588945
1650	2547	1.06172003552457
10476	4725	1.05974313108199
6194	7555	1.05885527857872
3113	6158	1.0577894971438
10890	25814	1.05675862126812
7913	8452	1.05529493926081
10096	1345	1.05501747358595
10933	7417	1.05285969939041
5042	6141	1.0490514192671
56900	6160	1.04791505999467
3178	6217	1.04573834330178
51379	6143	1.04450462394961
4697	4946	1.03986355707624
6726	94107	1.03907451321888
11331	6217	1.03349713343595
6726	7913	1.0329078027283
26959	9774	1.03004803798759
10944	11235	1.02954522733743
5205	90338	1.02679675650051
10775	11315	1.022462695209
51386	6232	1.02170773159441
6171	6727	1.02088538513599
517	6165	1.02068600100362
55793	57486	1.02015585771978
4069	6280	1.01972800008105
6122	6234	1.01801091195216
4709	55017	1.01797225300528
6138	6187	1.01705366575467
192286	4697	1.01701231151009
10541	2091	1.01663593956816
4841	6143	1.00938885983383
119504	6217	1.00864014400353
51504	7417	1.00853621162086
6135	6156	1.00834234661536
51372	6135	1.00554142349767
10946	6222	1.00517205014946
221154	5042	1.00340492935627
25793	51321	1.00100454862874
3608	6132	1.00026535025018
