6160	6218	2.4882654073686
6189	6201	2.48824192971522
2038	8991	2.48823632417178
6139	6201	2.48821732562923
6521	8991	2.48821590028753
6201	6218	2.48818935138643
6129	6201	2.48813918903394
6160	6201	2.48811438890077
6160	6164	2.48799283126446
6129	6189	2.48797090187068
129607	91543	2.48796319630469
6160	6189	2.48795533891551
4601	51094	2.48792196582495
51218	8991	2.4879193778298
2993	2994	2.48791509380992
51094	55437	2.48791329010237
6129	6160	2.48787911653738
55771	84267	2.48780409724353
6155	6232	2.48780274636823
51218	6521	2.48776821116025
6535	8991	2.48761636894753
6133	6189	2.48760831985137
6173	6229	2.48760718382471
6189	6218	2.48760210729584
212	8991	2.4875600562781
2995	51629	2.48754631634434
6133	6155	2.48752912896244
23344	4773	2.48748432421817
4601	55437	2.48747655395326
2766	8991	2.48746212640128
10561	91543	2.48741463757539
6232	6235	2.48738052772348
3954	90121	2.48729048893141
51629	8991	2.48728253736128
6164	6218	2.48724523103531
116151	55437	2.48724088618929
6129	6218	2.48722946739862
2235	6521	2.48722720906699
25853	55437	2.48716024251329
116151	4601	2.48710951366568
7145	8991	2.48706816784314
23264	85019	2.48704261796904
10964	51191	2.48701872396531
55544	7145	2.48691674355385
6164	6201	2.48691572278074
7111	8991	2.48686977501182
143686	51218	2.48676946386953
212	6521	2.48673039242322
6129	6164	2.48670788769091
3934	4057	2.486702001982
6133	6232	2.48665042756799
226	391	2.48660202756293
22948	84336	2.48656839601107
1191	3674	2.48653670813434
10561	129607	2.48652627738884
127544	5329	2.48650548395645
165324	5143	2.48637301343788
220972	598	2.48636373004356
55142	84267	2.48632141132443
5724	6688	2.48628864540128
4940	54739	2.48627781093165
6139	6164	2.48619234438688
6139	6160	2.48616681372605
25893	4601	2.48616504904211
6129	6139	2.48613685253704
10463	9364	2.48608010186376
2038	2766	2.48605645121358
212	51218	2.48604836441257
25793	51629	2.48592975851664
5143	988	2.48590714605058
343171	8991	2.48589990989637
6210	6235	2.48581119237683
51191	91543	2.48576889082098
54855	7145	2.48575618029043
51629	8531	2.48574103640341
6210	6232	2.48570266055649
6521	7145	2.48565420891213
4601	55796	2.48561056851088
3611	7917	2.48560639934925
6521	6535	2.48557620702714
4599	51191	2.48551348993568
23384	3954	2.48550366855295
23214	9260	2.48537813956594
123720	9656	2.48516061495503
10098	55544	2.48507701952446
2039	598	2.48503802616971
6678	81027	2.48499581538921
2994	3045	2.48495671029957
170960	5143	2.48492440834623
51629	55437	2.48490326176218
226	3678	2.48487198234494
2235	51218	2.48478951597597
6139	6218	2.4847261767244
2994	759	2.48469203703356
2235	8991	2.48467289835891
25853	7145	2.48465899644098
6133	6170	2.48462181426896
25853	8991	2.48456601604167
55544	6622	2.48451566312914
51191	9636	2.48449554632493
55544	8991	2.4844809414558
23384	90121	2.48441833328027
25853	4601	2.48440778831829
10463	51430	2.484361512048
54855	8991	2.48420858800274
2766	54855	2.48419820355575
2766	7145	2.48411797040156
51629	6535	2.48410712497126
2987	2995	2.48410377581365
63940	92799	2.4840161036292
391	63940	2.48397233480113
4983	85019	2.48391276095382
1629	84267	2.48386400629733
5205	85019	2.48378341274325
25853	54855	2.48373891778505
4940	51191	2.483691669598
5143	8621	2.48359113774112
10964	4940	2.48354938644443
1349	9556	2.48349816316333
59286	6923	2.48343880816748
10287	63940	2.48343502357996
220972	2766	2.48338238535237
55142	84334	2.48337300611722
25793	25853	2.4832704618663
23344	90121	2.48320984753119
2038	6521	2.48315812430863
137964	51277	2.48313285642923
116151	2766	2.48310310379358
25853	51094	2.48308697465482
220972	54855	2.48306936123354
3434	3437	2.48306924129467
3690	6678	2.48305854157211
1629	55142	2.48297386456212
3577	8794	2.48293661935869
84336	90121	2.48291931969216
6139	6189	2.48291914933005
3577	3678	2.48285490211026
116151	55796	2.48285485884292
8287	8653	2.48282203812686
219333	22934	2.48277523906475
2039	220972	2.4827034191724
4088	9656	2.48269389458481
6170	6189	2.48267472889904
2038	6535	2.48265551251547
2038	51218	2.48260380455077
2235	669	2.48259356291604
55142	55771	2.4825784699959
51218	669	2.48244934185991
51629	55544	2.48244315169248
25853	6521	2.48240627345931
5143	55771	2.48238299969559
2038	51629	2.4822996424193
123720	3954	2.48215381585245
226	7094	2.48210276983927
4599	4940	2.48204578097878
51430	9364	2.4819644614479
5196	81027	2.48194998303082
3434	51191	2.48190736517982
116151	6521	2.48174267906835
51277	90121	2.48164268665948
6192	8653	2.48163120936607
54993	90121	2.48160624456016
5228	84267	2.48151292262635
2944	2946	2.48148174905278
91543	9636	2.48141157455003
54855	6521	2.48132895870807
116151	51094	2.48126559203055
23264	4983	2.4810813453765
6203	6208	2.4810645670089
134147	84267	2.48066567749284
84267	84334	2.48061889396454
29108	63940	2.48060940654013
6521	7111	2.48054022927116
10423	23558	2.48053616274283
2995	80700	2.48052684987092
54855	6622	2.48038710990339
2039	2766	2.48035613139522
2039	221895	2.4802495088119
343171	7145	2.48014916812101
220972	7145	2.48009185372055
10287	25844	2.48009115758358
2766	6521	2.48007114897778
25844	3678	2.48001788173456
6622	759	2.47997482975559
4601	54855	2.47990644236015
51629	6521	2.47988025153929
6155	6210	2.4797858861753
2994	51327	2.47958250075618
79143	9260	2.47955508521892
3577	9260	2.47955242380972
25793	8531	2.47954499546138
2995	4635	2.47953249938716
23214	3577	2.47945845694912
2994	8991	2.47925891697659
25793	55437	2.47914230458435
2874	6628	2.47905969430111
2987	51629	2.47896727012961
23344	54993	2.47891647606012
6688	80301	2.47888249940496
7111	7145	2.47884433338963
51629	6622	2.478745927355
6622	7145	2.47871156799687
23344	8602	2.47870568660015
116985	127544	2.47861784146621
2235	7111	2.47859840919885
91543	94240	2.47856306535743
29781	9997	2.47855389651233
2039	8991	2.47853511045019
6232	9349	2.47853467636582
10098	6622	2.47842237401511
3954	54993	2.47841269885437
2039	84164	2.47813702525164
5143	84267	2.47808081389347
5196	6678	2.47798251643353
51094	8531	2.47792841043139
28959	55365	2.47779781342404
143686	8991	2.47776282243688
2987	8991	2.47772573373003
2766	6535	2.47771927105975
116985	5329	2.47771203069621
170960	988	2.47760591378205
2038	343171	2.47756389224561
6622	9911	2.47745371284318
6129	6173	2.47718612363402
10561	94240	2.47706268675784
55544	6521	2.47699735211096
116151	25853	2.47670443837313
137964	22948	2.47656078333621
220972	84164	2.47636493726172
4697	5687	2.47620736901194
759	8991	2.47615573854413
54855	7111	2.47593649458336
51629	80700	2.47590534860348
2038	7111	2.47585530627806
55544	7111	2.47579241810949
2235	55796	2.47578053706423
51094	56994	2.47567105466173
1629	84334	2.47558471921973
6622	8991	2.47534222158081
220972	286	2.47525528178331
55437	8991	2.47523819418584
3045	51327	2.47517822311965
343171	6521	2.47499026290856
23344	23384	2.47497894806242
116844	84649	2.47496330346773
3983	399665	2.47496041986157
6155	6170	2.47475129440173
23344	3954	2.47475053781731
8621	988	2.47470597824242
2235	7145	2.47469467697891
23344	57727	2.47464976189779
4501	4502	2.47450349085211
8794	9260	2.47447436056491
116151	54855	2.47441831640568
25793	7145	2.47439483541587
116151	8991	2.47432388436659
55437	6521	2.47416705094768
6688	8794	2.47410220691405
143686	6622	2.47405773909556
116985	7094	2.47392303517933
165324	55771	2.47377416316747
8115	933	2.47362268194592
55437	8531	2.47347026857627
6170	6201	2.47338938502285
8284	8653	2.4733525959027
2235	54855	2.47306671489867
116985	976	2.47301919131633
2993	7145	2.47243894659498
4118	91523	2.47218794977859
6170	6232	2.47193947641514
8638	9636	2.47188658927641
1441	84243	2.47176963505222
286	598	2.47173274687523
25893	51094	2.47159740051984
2235	6622	2.47158911849743
220972	221895	2.47150766488472
3437	51191	2.4715062438219
2038	54855	2.47140584913608
10098	51629	2.47136823143509
2994	7145	2.47118492139597
53827	8721	2.47111254547537
4689	8291	2.47105095281346
2993	3045	2.4708194699802
6133	6210	2.47075715963245
669	8991	2.47048131771979
23558	3611	2.47024200742091
143686	6521	2.47018591433717
55831	83606	2.47017037016313
63940	9260	2.47012963183685
25853	7111	2.47006841857453
51218	7111	2.46998992808667
25793	6622	2.4698970957882
6155	6235	2.46986552911624
2039	23770	2.46977101694862
116985	89849	2.46966087687094
509	5687	2.46953688839969
23770	8991	2.46934887260544
11237	84243	2.46930528947856
54802	9656	2.46929829055324
55544	6535	2.46924035833162
58485	83442	2.46902777410624
165324	84267	2.46860379404404
2038	2987	2.46858587321125
55796	6521	2.4683619274902
2038	7145	2.46833016689226
2766	84164	2.46811390012041
51629	7111	2.46793605058313
25853	6622	2.46757571426562
55771	84334	2.46751149351032
222487	23214	2.46747872948072
22948	90121	2.46744569266253
55796	7504	2.46711305851693
2766	7111	2.46708232011324
11152	7917	2.46696237640975
55924	79143	2.46655833972409
3577	79143	2.46628931604831
25793	55544	2.46626759582229
6622	7111	2.46612634481887
1349	6201	2.46608484187702
2038	55544	2.46600450012099
143686	2235	2.46596446659959
286	84164	2.46587026518943
8602	9601	2.46585020494525
4938	4939	2.46573839263194
1622	6129	2.46535605449229
23214	84649	2.46533511314916
6535	7111	2.46513823653815
10594	4191	2.46507016489616
3577	63940	2.46477865188194
116151	25893	2.46468683833811
25844	29108	2.46456686942385
3482	5795	2.46433721875738
6210	6218	2.46431799616241
6144	6233	2.46419636782587
5228	55771	2.46393697534018
165324	988	2.46387533998505
343171	6535	2.46385049646373
7627	9656	2.46384436899176
1629	165324	2.46351736575824
226	7791	2.46348144932617
3437	8638	2.46340284458989
23264	55142	2.46336613344134
6170	6210	2.46335891188058
3678	7094	2.46335114037669
8621	89122	2.46307685191611
2235	25853	2.46294927941033
25853	55544	2.46267588986896
1629	55771	2.46255338613299
2994	54855	2.46252959757754
23214	55924	2.46234298012743
387119	64376	2.46221295787784
5143	55567	2.46200208655086
10098	2995	2.46197701882659
51181	738	2.46185687307759
143686	7504	2.4618419347288
253512	54802	2.46169098707196
5577	8436	2.46168420411231
6535	7145	2.46156795366939
23344	51277	2.46143501491362
2039	286	2.46109140113324
25853	343171	2.46107032443607
4191	6628	2.4610067842291
4601	7145	2.46067273476734
129607	51191	2.46065981894709
137964	9601	2.46028851579056
51327	759	2.46025831190964
6164	6189	2.4601857130835
2987	645	2.46010873679348
2987	80700	2.4597941795048
51094	51629	2.45977491121022
8536	90121	2.45968515367195
4601	6521	2.45968135424979
10964	9636	2.4592301089571
6628	79004	2.45916147332784
391	7791	2.45893951629375
51218	6622	2.45885301985727
51277	7627	2.45849111005331
25793	51094	2.45820810378961
3678	391	2.4571846607563
51327	51629	2.45701855397757
5687	6201	2.45602360623454
10287	29108	2.45583182703154
25853	2766	2.45547561815863
51191	54739	2.45546734881775
221895	598	2.45538455365949
2038	2995	2.45523610926667
25798	25844	2.45516015029558
2038	6622	2.45514578089357
81552	84336	2.45477179629238
137964	23384	2.45472133929158
116844	23214	2.45463388044506
6563	669	2.45444725130001
2039	6521	2.45436682659274
25844	391	2.45433977406043
2766	2987	2.45389196257334
10964	91543	2.45363784366575
6192	8287	2.45351132953262
516	8721	2.45342309280693
6129	6229	2.45340111904397
25853	2994	2.45328354997158
55601	64135	2.45289090984795
23384	51277	2.45241397645887
2766	51629	2.45180102563594
51327	8991	2.45140314731749
26574	7094	2.45112256943346
5204	6164	2.45103217245653
5687	6218	2.45070929954927
2038	51327	2.45025924507416
2766	598	2.45013626073037
54802	7627	2.44988975293951
10190	51187	2.449873244805
598	84164	2.44951007389392
343171	54855	2.44950935812335
25793	8991	2.44904090548759
143686	25853	2.44892492310728
6133	9349	2.44875829659006
226	81876	2.44875234894126
3577	391	2.44825059648242
1350	3094	2.44823638900346
6155	9349	2.44820608155258
132864	253430	2.44818985314823
6521	669	2.44817230507069
221078	7627	2.44811042700281
4502	645745	2.44808048246875
116151	7111	2.44779553658167
2994	6622	2.44763156768501
10107	9911	2.44728855199835
2766	6622	2.44708826914152
6521	6622	2.44678021209483
7111	8531	2.44671032320022
10561	10964	2.4465907352834
165324	8621	2.44648474881933
134147	55771	2.44586580584492
3045	8991	2.44556324581234
4354	8991	2.4449300166444
2038	9911	2.44491125811811
51327	55437	2.44463062662619
11224	6218	2.44440111481067
79982	83930	2.44406952346925
3954	8602	2.44368898826163
55437	55796	2.44357197577703
10217	6678	2.44336715885683
4697	6201	2.44335211869803
25853	51218	2.44329018600018
2038	759	2.44311790565291
22948	23384	2.44308973610959
4697	9556	2.44302367384108
137964	57524	2.44293581185567
5329	976	2.44293539443987
5687	6160	2.44281428245568
134147	5228	2.44274389797895
5687	6189	2.44243587056729
253430	339745	2.4417574267598
2039	2987	2.44133147606331
56902	89122	2.44128280662932
10023	9260	2.44123009623949
51218	51327	2.440814129006
51629	7145	2.44065720546252
23770	6521	2.43991013525943
598	8991	2.43952805910416
212	6535	2.43935872822513
143686	669	2.43922209700296
168451	5495	2.43896014138037
3045	669	2.43866469939155
23384	54993	2.43841193335574
25793	6521	2.4377517141834
6201	6210	2.43771326545918
343171	6622	2.43717936663451
2999	4818	2.4370172683193
7145	9911	2.43694878009647
10423	63940	2.43685078621869
55437	7111	2.43623889061773
6160	6210	2.43590428475566
100423062	26586	2.43588542491612
221154	9039	2.43561691045122
4689	84243	2.43551134596677
226	63940	2.43549981581382
23344	9601	2.43542774911578
10661	2038	2.4353061300924
26574	7040	2.43527675580098
63940	976	2.43523436697224
343171	55544	2.43517427873676
55437	7504	2.43503409001242
63940	81876	2.434537515092
25844	4814	2.43447431511142
170960	8621	2.43443520843488
3678	9260	2.43441062416801
3954	9601	2.43436424676506
6201	9556	2.43386621661827
116985	5795	2.43369637334022
4599	54739	2.4336033944311
116068	23515	2.4335363771345
6622	8531	2.43349082228936
140609	901	2.43305585520327
3646	9349	2.4329671431167
54993	57727	2.43290933067079
2994	55437	2.43275223171013
4697	6218	2.43240114860848
10098	7145	2.43236592567614
212	2235	2.43198365411382
3577	976	2.43166807400343
51218	7504	2.43153446322669
10964	4599	2.43122491757204
10594	6628	2.43110960132439
4601	8531	2.43074849873475
23770	51629	2.43065354857314
23344	9656	2.43063601147755
116151	6535	2.43063037391783
2038	2039	2.43060289961446
2994	6521	2.43027040970032
10287	92799	2.43016399856095
2235	7504	2.4295280495492
2766	343171	2.42949329216902
3611	63940	2.42948785533851
25853	669	2.42944410059576
8602	9656	2.42903905581189
2987	6521	2.42826656159912
2038	84164	2.42773141850952
3678	79143	2.42758468741137
1349	6129	2.42735185772336
220972	8991	2.42719361915332
1933	6164	2.42716258906945
3577	55924	2.42643973080399
5204	6160	2.42546572409078
134147	55142	2.42541715167262
25853	51629	2.4252480180198
2993	4601	2.42521218833485
1191	4900	2.42515102350089
3954	4327	2.42497788161715
4814	63940	2.42484442405566
1192	2647	2.42475274192981
286205	940	2.42453280237547
10561	51191	2.42444108198553
23344	57190	2.42433967898669
221078	51277	2.42395379551222
10980	11186	2.42374740267348
23214	79143	2.42340922022976
140609	5495	2.42311736268131
4601	7111	2.4231151803984
2235	343171	2.42268920878163
6146	6228	2.42262903702924
25853	3045	2.42226711775063
2874	7917	2.42177827079085
212	23770	2.42150626539412
669	7504	2.42086379268801
27128	7791	2.4203848980359
2038	2994	2.4203156631929
23558	5329	2.42029211322776
7094	81	2.42012179092744
23770	6535	2.41953091930398
7111	759	2.41899467717797
10098	2766	2.41894265406733
2235	55544	2.41893650393514
1933	6229	2.41881460532254
165324	84334	2.4184804854901
1933	6135	2.41828328504675
11184	309	2.41764010784826
2039	6535	2.41732271539026
51277	84336	2.4170308521478
7094	752	2.41678822236621
3674	4900	2.41673057215538
51218	6535	2.41655093439753
212	669	2.41654558103419
2235	4601	2.41649206120264
10980	11184	2.41635867267929
8991	9911	2.41555533329153
2038	23770	2.41509178581545
2235	6563	2.41470129481155
116985	23558	2.4142202837816
55544	9911	2.41419738813446
23770	2987	2.41402517141248
7988	90121	2.41398429956355
23625	29108	2.41393055381811
1870	9911	2.4139003220758
343171	9911	2.41376316966629
10900	51629	2.41344902307882
752	7791	2.41334783176355
29108	7263	2.41305655145768
54855	55796	2.41300347748313
3678	63940	2.41261990316282
5329	5795	2.41258510980302
55796	84932	2.41231266443492
2038	212	2.41190649758748
80301	8794	2.4118903312766
56905	7094	2.41097976146504
51068	51187	2.41088072792918
123720	23384	2.41065539168447
10594	23061	2.40903492936398
8531	8991	2.40897231805082
143686	7111	2.40849010567081
2766	2994	2.40797410571046
6155	6208	2.40617440884546
1084	3577	2.40613973681442
1471	3611	2.40613843491021
4601	84932	2.40605281752893
165324	55142	2.40599967525592
23569	4318	2.40516763751187
6160	6232	2.40515332668658
55771	988	2.40515248897473
80301	9260	2.40478943496443
2038	4354	2.40319479948992
7094	9764	2.40310303663184
1173	7917	2.40290869062729
3577	84649	2.40271562601196
54855	598	2.402599340147
3437	4940	2.40205555489816
23164	8602	2.40194636808123
10463	55145	2.40185907714211
25844	3577	2.40170295058918
226	9260	2.40108107898465
3678	81876	2.40107312749942
22948	3954	2.40049292349793
54855	6535	2.40036170525569
3049	51327	2.40035551241966
22948	81552	2.4000757386684
84649	9260	2.39864060456501
23384	57190	2.39838576365939
2038	598	2.3978709960659
134147	84334	2.39752120680603
54993	9656	2.39681286014854
3094	6201	2.39597702953199
23558	63940	2.39594727929266
6133	6201	2.39553158273694
3954	9656	2.39552841511919
54855	55544	2.39548787425468
22934	7915	2.39525498178654
25893	55437	2.39486322424138
2235	2994	2.39480448471497
1173	3611	2.39446962942943
22948	51277	2.39430033401935
51629	9911	2.39414547571083
10484	5495	2.39365839252745
6155	6189	2.39338170447302
2987	6535	2.39325863678291
5228	55142	2.3931600991699
6521	7504	2.39288147859742
6170	6218	2.39265061854698
286	7145	2.39237320069875
5143	84334	2.39218973230974
5143	89122	2.39205010460058
165324	56902	2.39200431699639
116151	212	2.39178746929922
3434	4599	2.39142788324185
533	9094	2.39133445111685
143686	25793	2.39132755980988
916	923	2.39109073714541
2766	4635	2.39095895954097
25793	7111	2.39078912804521
23385	5795	2.39027055914136
4697	6170	2.39018201784227
2874	3611	2.39000511723179
79143	8794	2.38976996063997
23515	9039	2.38931982737976
220972	343171	2.38894625276762
140609	55529	2.3881046698265
10964	54739	2.38808480687342
27102	4601	2.38796541566964
140609	9107	2.38790221496548
4601	8991	2.38748057356069
84649	8794	2.38746206387255
343171	51629	2.3872700081102
2994	51629	2.3872452142767
23558	5795	2.38640642187209
3094	6139	2.38607354650248
126014	5329	2.38527931994372
226	25844	2.38260867203754
25853	55796	2.3824414293632
10211	168544	2.38157227960744
2766	645	2.38108626394876
115330	143686	2.3810739519694
25798	29108	2.38080434568576
6218	6232	2.38028406784288
55796	6563	2.38024112166515
54855	6563	2.38014131645701
2038	220972	2.37919574232108
23344	4327	2.37917071182985
3042	3049	2.37902541271672
1349	6189	2.3784968690903
4697	509	2.37830132548052
23526	25844	2.37785044052201
51327	6521	2.37782604196398
3015	4712	2.37725064369211
6189	6210	2.37698157413884
253512	9656	2.37649221490227
133746	3702	2.3762953376383
391	9260	2.37568275632856
57727	90121	2.37565499477283
1879	931	2.37543963081715
10023	64386	2.37533335328359
3437	4599	2.37500006777717
143686	51629	2.37490096854874
6832	90121	2.37472638875438
3954	51277	2.37403915469229
6192	8284	2.37403204549099
55142	85019	2.3739380210558
1669	3934	2.37342366047173
2038	80700	2.37289463466015
140609	253430	2.37269234067039
27102	2766	2.37245802674101
10661	9911	2.37209762032818
6521	6563	2.37182487993819
8653	9086	2.37165821592055
253512	7627	2.37017700404147
137964	90121	2.36945622471918
55771	90338	2.36904875634906
1084	222487	2.36898490794256
137964	84336	2.36844907158421
533	63940	2.36770879227836
200845	54802	2.36756090550084
23214	8794	2.3674174319959
2993	54855	2.36733505902159
3954	57727	2.36712388250032
3954	8536	2.36662854776486
2766	759	2.36621064839061
134147	1629	2.36576753433805
3049	80700	2.36570563923465
7094	976	2.36570034143348
64386	84649	2.3655906544957
64418	9406	2.36528671407833
123720	4088	2.36518498869515
23264	5205	2.3648306405851
4773	9656	2.36464702740984
740	90121	2.36460997533368
6521	8531	2.36450803044035
143686	55437	2.36424783283728
137964	3954	2.36397502267039
55796	7111	2.36373917424921
2260	55142	2.36320575332411
212	2766	2.36310790471216
2358	5795	2.36302374827775
201973	79682	2.36285775965596
6628	9158	2.36278971778977
25847	3015	2.36277415220433
55437	55544	2.36205902890033
3678	7076	2.36204363648476
8531	9911	2.36171700261111
54499	9318	2.36169643806566
51094	54855	2.36168971233124
23264	8434	2.36165236642622
10107	6622	2.36127219482733
11237	6688	2.36090333685505
738	955	2.3608356647295
51094	7145	2.36064537401938
1629	5143	2.36062378453943
1629	8621	2.36055902191136
4088	91369	2.3597580220531
123720	8602	2.35966159834375
3045	759	2.35951124909506
1933	6633	2.35864722917167
7094	7791	2.35862619598812
85019	90338	2.35862219083996
4601	51629	2.35840053324688
23164	9601	2.35820717914585
2235	2766	2.35787207929961
2235	84932	2.35745378311758
6129	6144	2.35717499001465
4697	6160	2.35690314185748
3678	89846	2.35665299680551
222487	9260	2.35640201106315
2348	23558	2.35566711265841
23264	7516	2.3554055689221
1933	6160	2.35531797607484
51430	55145	2.35520058499925
84267	8621	2.35500268637026
6563	84932	2.35475376663051
25793	6535	2.354413199337
5204	6139	2.35435508811803
23384	9601	2.35329525675951
2987	4635	2.35294336798484
752	80301	2.35294238327154
51218	51629	2.35227130763796
23164	9656	2.35163083813072
51218	55544	2.35144806923019
55796	6478	2.35128800004265
29108	533	2.35035787334391
6144	6189	2.34938931091941
127544	976	2.34921826692733
2766	3045	2.34871297051134
116151	3958	2.3485564535619
54994	90121	2.34776723226434
4599	9636	2.34744654111115
3702	814	2.34713622126605
55771	89122	2.3470716940969
4635	645	2.34689195287934
29108	4814	2.34531608988376
25853	25893	2.34485657497936
55363	8531	2.34475249478823
123720	84939	2.34474264075815
4601	55544	2.34417558528821
4354	84164	2.3429609248658
81027	83699	2.34259955389824
51187	6189	2.34244458976044
10098	2038	2.3423549011698
5204	6129	2.34183949667354
84164	8991	2.34131747211069
3954	740	2.34034249412124
23344	6541	2.33794946073639
2766	55544	2.33787078214768
6160	6173	2.33698714741939
2994	669	2.33563444336943
212	51629	2.33533232117565
25824	5691	2.33480202205
2766	4601	2.33473211736834
84058	923	2.33472075487785
752	9260	2.33471896465916
1088	1669	2.33447600003798
509	9556	2.33430785813285
23384	4327	2.33396024644351
5724	8794	2.33394046929086
116151	23770	2.33372893783847
51327	7504	2.3333313778086
51218	759	2.33304915570987
143686	51327	2.33176632913213
54855	84932	2.33164069816562
6622	84932	2.33145524142568
27102	6521	2.32939075830078
51094	55544	2.32892324737771
466	5495	2.32868416247964
116151	2235	2.32775123198941
2038	2235	2.32774339014294
116151	7145	2.3276830257004
51296	9260	2.32723316957325
11184	5705	2.32710008370347
127544	5795	2.32641632196247
1879	84824	2.32613230237038
4697	6210	2.32590085765447
23214	3678	2.32579014807412
533	89846	2.32564410909285
54495	9406	2.32454638881219
2993	8991	2.32432362065806
343171	51218	2.32339318003833
116151	27102	2.32335330987839
2038	645	2.32319056885909
25853	759	2.32283881384529
5204	6201	2.32247714913184
3690	4052	2.32194601406311
51327	669	2.32165728726381
226	29108	2.32130768697579
116151	51629	2.32123654271574
127544	23558	2.3209513550302
143686	759	2.32044151503816
4938	54739	2.32032647789376
54802	5954	2.31986036965016
100129792	55771	2.31895617583244
226	56905	2.31876416946121
1088	4057	2.31843283737536
3954	4088	2.31843185424441
10900	2995	2.3181137121156
140609	6102	2.31757094449175
1933	6218	2.3171706298206
10856	11184	2.31713442359455
10826	7145	2.31596604868136
2038	3045	2.31547154736661
22934	26994	2.31500526349418
4601	6622	2.31456588293335
55529	6102	2.31395464836133
1084	9260	2.31311194555423
6535	8531	2.31267466163935
533	58986	2.31262531342112
116844	9260	2.31234872272637
1678	8434	2.31057284476462
2994	7111	2.31048880175852
2235	6535	2.3091015130518
143686	54855	2.30893770708867
2995	8991	2.30516361521215
10644	25793	2.30419145253515
51327	6622	2.30395356857334
5836	8291	2.30385491342218
25793	343171	2.30356310933904
6159	8721	2.30350253983098
2994	4601	2.3030304923022
51503	6166	2.30271598719591
226	7076	2.30255907880845
23264	55771	2.30249202720109
10964	219285	2.30246546491427
10594	7917	2.3021306058623
8284	9086	2.30162769892763
10107	8531	2.30159853356312
10287	23526	2.30150472200436
4773	51277	2.30115578281882
10098	83606	2.30002733380054
89122	988	2.29979595021937
665	759	2.2994719274382
27102	54855	2.29926861260312
10023	23214	2.29904237615907
2038	25853	2.29868311738411
286	54855	2.29802955697407
3612	51430	2.29706431411954
9260	92799	2.29700145566784
2766	4354	2.2961916416502
6160	6229	2.29601771545589
25793	4601	2.29519826914989
29108	9260	2.29511162182917
116151	6563	2.29497960065697
1843	1912	2.29267105208391
123720	54993	2.29247287886209
6189	6232	2.29223479147223
25844	3614	2.29191256350655
226	92799	2.29160559451669
51094	8991	2.29124090967371
2766	6563	2.2911230627367
1933	6194	2.29005830677042
25844	7263	2.28927911378655
4689	978	2.28926248689597
55924	9260	2.28899667889075
2987	55437	2.28866767473453
2766	286	2.28821016564567
226	9764	2.28804491962055
54855	9911	2.28669805428432
55024	8115	2.28549815880115
6133	6160	2.28539386633224
51094	6521	2.28486852364667
116844	222487	2.28405342975236
4638	81027	2.28345866870457
10107	51629	2.28314693295786
220972	6563	2.28304810379342
51291	7094	2.28245768187151
1471	6628	2.28165954380475
23264	84267	2.28016227319897
23384	57727	2.28004650842369
752	8794	2.27891649852037
10025	23526	2.27880963716323
25793	54855	2.27735376707646
54855	669	2.27689172546682
1471	53827	2.2765837228071
226	752	2.27596554500641
3678	976	2.27476680138701
391	92799	2.2713836191253
10287	25798	2.27133340107881
22948	57524	2.26927327623264
84267	89122	2.26900511950349
51218	54855	2.26753026754133
3678	7040	2.26631963168265
55544	8531	2.26624255306332
25844	9260	2.26622642050137
4088	54993	2.26603794791877
116151	51218	2.26545537906455
55771	8621	2.26472793128561
7094	81876	2.2640289202012
598	6535	2.26213860250053
116151	3045	2.26167946399928
54855	759	2.26130478546726
126014	3611	2.2612408116484
132864	140609	2.261095055979
343171	51094	2.26105728170336
2993	84932	2.26105210433071
84418	84649	2.26010966666904
89849	9170	2.25858058013677
10098	343171	2.25856752879374
54994	81552	2.25732289421339
4327	90121	2.25686118954358
1465	6628	2.2559544985128
7094	9260	2.25572421244065
51181	8721	2.25568149971894
10023	4783	2.25538154468022
1622	6173	2.25437606961657
10964	129607	2.25413901337743
64386	9260	2.25338360002353
10023	9846	2.25307059645789
23384	8602	2.25274328490411
10661	6535	2.25272470749033
3045	55437	2.25243872171117
55437	759	2.25215755476705
3678	752	2.24928884372931
1933	6129	2.24754637488652
23385	23558	2.24679298549994
55544	759	2.24657970353829
10980	3661	2.24508180530012
3678	56905	2.24497942065093
6563	8991	2.24354920595119
23214	89846	2.24299771794628
115330	51218	2.24178975845761
3045	54855	2.24133667523344
25853	8531	2.2412988054301
391	56905	2.24076537959769
25865	80301	2.23999853164674
6139	9556	2.23996569941625
54994	84167	2.23973448535434
25844	63940	2.2393766130843
11152	527	2.23885476201105
4716	8721	2.23873478764131
6164	6229	2.23853907907641
10098	4635	2.23785944670436
7094	92799	2.23763844466718
6535	6622	2.23757374432651
25798	4814	2.23747205721859
2994	55544	2.2372143144307
2039	4354	2.23718395031656
516	6159	2.23688922974004
2039	7145	2.23654391864369
23526	83638	2.23584160887726
116985	53635	2.23539683377128
55437	7145	2.23533224725397
2039	4635	2.23532871738772
4709	597	2.23511676246208
3049	51629	2.23458936258928
8434	85019	2.23400898050244
51218	55796	2.23396696452264
226	25798	2.23345541881706
220972	6535	2.23336532460723
2993	6521	2.23332894561229
5531	5691	2.2332137502147
5143	55142	2.23316933649602
23526	55072	2.23184172719007
54993	7988	2.23171648022906
11152	84993	2.23152850072193
6628	7917	2.23050564719952
533	9260	2.23047121163694
3665	9997	2.23013082416492
4635	51629	2.23013002530036
84267	988	2.23008687154362
2874	92799	2.22966709864871
23558	57118	2.22900946598535
162972	9882	2.22846716781591
116151	2039	2.22829680543053
116844	3577	2.22829443117985
3437	9636	2.22717777655246
10900	80700	2.22677622059107
1870	6622	2.22596104149236
6133	6218	2.22587905635223
1465	3611	2.22539582024422
55771	81856	2.22494044083584
23214	25844	2.22418681751259
10661	55544	2.22401071756571
6125	6135	2.2236600923216
10964	3437	2.22363068961341
11184	4176	2.22284258430744
212	2987	2.22272154356358
51094	6622	2.22252087813472
5204	7388	2.22182092954223
23526	50619	2.22127042641609
11127	134266	2.22042519043719
143686	343171	2.22017812661736
64781	6628	2.22008442275718
10287	4814	2.21942613831556
1669	4057	2.21924534243681
220972	2993	2.21894425896332
738	8717	2.21882936831292
11184	51593	2.21847204109578
11123	940	2.21839158421365
165324	89122	2.21782550828533
29108	391	2.2172562905593
10287	637	2.21725555365902
1870	25793	2.21436936527358
51629	759	2.21394771107888
54065	9656	2.2134307611056
374986	5955	2.21175975366809
10661	8991	2.21118143265465
55024	79368	2.21051984876303
10098	4784	2.21034292285477
51191	8638	2.21024745075844
669	7111	2.21011374599198
7145	8531	2.20869241950755
914	923	2.20807479751669
25853	84932	2.20788228603724
23264	81856	2.20769517991711
1084	63940	2.20741343064234
23384	7988	2.20718899286534
53335	6925	2.20566936260233
54855	55437	2.20473364124891
2987	55544	2.20460580632743
29960	56993	2.20336538913205
1606	4191	2.20249218791788
25793	51218	2.20234508697199
1629	56902	2.20199719933916
226	26574	2.20141080177434
51218	55437	2.20053545603454
170960	55771	2.19962340836201
134266	162972	2.19933213756588
3357	51277	2.19814406091302
3678	7791	2.19784666136437
3678	8563	2.1976258980469
6102	901	2.19594323780993
90121	9601	2.19316990719906
1629	2260	2.19306416970577
933	973	2.19255718714498
6541	8602	2.19246702727336
55142	7516	2.19111166682546
51094	7111	2.18964425032248
27089	5683	2.18925290275151
116151	25793	2.18905658066482
116844	84418	2.18903613638085
7917	9645	2.1884747287808
1629	5228	2.18817543347281
10980	6628	2.18798386155179
3954	7988	2.18754699996689
6535	9911	2.18723544558394
116985	9170	2.18713871950598
11184	825	2.18601305732858
4327	51277	2.18584209900588
7094	7917	2.18575984267707
26253	7850	2.18575174770126
2039	212	2.18510070344748
220972	4354	2.18252485887422
11230	27128	2.18246974049942
1629	89122	2.18209771444643
7627	84939	2.18114342675323
10980	8721	2.18054340461639
23558	26511	2.18049393127251
6160	9349	2.18007338235512
23214	27128	2.17922938974856
54855	665	2.17896614218097
23384	8536	2.1777192875088
8287	9086	2.17680373479345
1191	2162	2.17664267243992
2993	51327	2.17539193866307
4904	65125	2.17508534782893
23214	25798	2.17495558691981
3678	6494	2.17427503664351
25793	9911	2.17328078220237
527	7917	2.17212010246892
56902	84267	2.17176481564595
55024	84824	2.17142427780944
153241	5621	2.17109967578793
4327	84939	2.16840084270984
10155	10594	2.16751826304088
10023	84649	2.16623158969796
23625	84993	2.16529850851552
7627	90121	2.16463835893151
3678	7263	2.16260413391648
2260	84267	2.16240221600461
2235	2993	2.16225501351525
5621	9847	2.16148900367729
116151	2987	2.16132078301974
1622	5687	2.15918961167758
116985	5531	2.15793535094781
221078	54802	2.15787043901224
645	84164	2.15779370698749
51094	55796	2.15762620256269
84824	931	2.15673272558192
23526	6494	2.156068427949
4773	54993	2.15512724207232
55437	6622	2.15443610932221
27128	391	2.15415022087953
1084	27128	2.15301539160432
116151	84932	2.15285344719924
23390	253430	2.15087319680292
1892	955	2.15038743580622
23770	55437	2.14994229590762
10423	3611	2.1473475987985
27128	56905	2.1452831994963
222487	3577	2.14404745462756
2235	6478	2.14393015594156
129607	4939	2.1437353831317
7917	84993	2.14333845708356
1349	6164	2.14229228845154
6146	6741	2.14158115805655
212	25853	2.14156768377362
7040	7917	2.13963077180318
6164	6173	2.13905667340334
7917	826	2.13861490444063
5329	64218	2.1385235336979
123720	9601	2.13846678497488
5329	63940	2.13659790756781
22948	54994	2.13593345183787
6155	6218	2.1342067722192
55024	931	2.13344548129411
203238	2898	2.13335026958293
54802	64772	2.13260425792957
23164	6541	2.13219518703515
55437	6535	2.13151799777007
2821	309	2.13110761219719
2348	3611	2.13092742895412
10098	10661	2.12963537061842
116151	2993	2.12803528257348
123720	7627	2.12755016771886
4939	91543	2.12693361192325
6189	9349	2.12688913224747
55142	8434	2.12536370462765
4773	90121	2.12427392226037
3577	4814	2.12399478408597
170960	89122	2.12376645368247
5228	84334	2.12173459361244
191	51647	2.12145000003762
23770	2766	2.12100227558267
2235	27102	2.12001510146713
10023	84418	2.11876604654336
2180	25797	2.11845794156618
143686	212	2.11758747047344
6201	6232	2.11700843533033
5204	6218	2.11474579800736
6688	9260	2.11443745088831
4818	6352	2.11429846675346
2995	6535	2.11417234092924
26511	5795	2.11213486709332
2039	6563	2.11068375977424
2995	55437	2.11034822799784
116985	126014	2.10985854613629
5724	84243	2.10970956120919
146956	6628	2.10862706140754
3320	3646	2.10756999178165
10098	27102	2.10747763934923
2039	8131	2.10510057960407
3611	79004	2.10399767922469
5724	6397	2.10398369908391
25844	7040	2.10397174423953
11230	7791	2.10318750759629
8794	9170	2.10310098319478
116151	51327	2.10274037914556
55783	84668	2.1018025883634
23214	5210	2.10073954003963
5836	84649	2.09965454956521
25853	6535	2.09889871729513
10463	26039	2.09800174694618
1509	226	2.0968835359185
81876	9260	2.0967145844075
134147	5143	2.09494598099521
2235	759	2.09368793699859
9170	9260	2.09317525478799
4354	7145	2.09117134715141
4599	8638	2.09094399531011
5143	56902	2.09059928708107
115330	6622	2.09036925193033
226	7040	2.08948533331459
374986	55783	2.08856925891271
466	81537	2.0884811621031
165324	2260	2.08840614657314
10865	25844	2.08754781210488
25853	2993	2.08556730482014
63891	84164	2.08447259671749
2993	55437	2.08440653196698
140609	339745	2.08238043509857
309	55823	2.08199068178217
6535	80700	2.0804788625278
2766	51218	2.07907313757361
116151	2038	2.07905109664579
54495	79596	2.07851145191689
50640	830	2.0766713100258
4327	54993	2.07632014262815
199	9535	2.0759242511416
116151	669	2.07583599247046
6208	6232	2.07345980922697
11163	2235	2.07302065831953
53827	79004	2.07227801252444
51218	6563	2.07177269986082
23385	5329	2.0702150637996
162972	29969	2.06921633833639
6622	7504	2.06643810558779
4900	81027	2.06628345770683
6218	6229	2.06520292984482
2039	54855	2.06385055921378
55072	7593	2.06285927460028
2995	8531	2.06135054914383
64218	7094	2.05976385688039
134266	940	2.05909606994809
1912	7097	2.05852618267505
56905	7791	2.05821783317786
2766	2993	2.05821058058501
50814	6628	2.05715910634148
6683	9107	2.05648585287553
116985	3611	2.05474680945804
10594	51157	2.05369892128138
10287	391	2.05367048941951
3049	55437	2.05258785853179
3958	6563	2.05210431010486
391	81876	2.05023936135059
343171	7111	2.04982957182612
6194	6208	2.04881402560185
391	7094	2.04873326609687
509	6201	2.04861596403999
53635	63940	2.04845439470726
23214	391	2.04790614840078
11152	1173	2.0472134939958
116985	63940	2.04522702228865
115330	6521	2.04479522922578
23558	7917	2.0441823933657
23012	253430	2.04239171525301
81856	90338	2.04238145645677
3434	4940	2.04199074495006
4697	6189	2.04046420837397
143686	2994	2.03947235985051
360023	64418	2.03873157022005
23558	976	2.03803882463336
343171	4601	2.03618150229836
23264	90338	2.03416660924516
54065	7627	2.03375488018254
10826	55544	2.0334074757845
5687	6129	2.0331416376597
4601	56994	2.0325728665217
63891	7917	2.03218712309538
6521	759	2.03015663065893
23036	5495	2.02917414419861
10381	7917	2.028468266599
2551	51765	2.02829717633884
25853	7504	2.02823378218338
55072	6834	2.02728584538192
26574	9764	2.02608767069962
221895	2766	2.02559122666111
25853	6563	2.02425124751971
11184	11186	2.02373214158672
55972	9039	2.0236098796575
100129792	84334	2.02047598844752
1471	79004	2.02044817421718
286	8991	2.02016589786688
27102	286	2.01982421227889
598	7145	2.01945993316905
212	598	2.01917351169773
3045	6521	2.01859631915036
6688	84243	2.01707286508066
91369	9656	2.01585443604701
11237	4689	2.01563477463856
1657	5621	2.01485688496974
10023	8794	2.0144785896162
29108	3678	2.01434587622716
10970	84925	2.01345823806977
51277	6832	2.01307732358022
10098	6535	2.01234157065275
155066	8717	2.01218954611912
3577	80301	2.01151809288121
5795	89849	2.01147819861364
56902	84334	2.00966600612036
4327	4773	2.00884038094367
1350	27089	2.00784910052368
7111	9911	2.00615759932269
1606	4176	2.00536292621817
57727	740	2.0047635463645
10287	55048	2.0047244655205
6633	7388	2.00213872181291
2993	669	2.00192894603464
669	84932	2.00138795139786
226	9114	2.00119815302143
3611	53635	2.0000397537508
10107	55544	1.99980389536825
51296	63940	1.999592019338
123720	54802	1.99891317009415
360023	9406	1.99832841282134
5329	89849	1.99792348181145
51218	7145	1.99791666179806
123720	23344	1.99759429216818
375248	51277	1.99712972762035
2348	5795	1.99703337034837
220972	2235	1.99512392119378
53335	55342	1.99493612007891
1856	8602	1.99460208707773
55142	90338	1.99299061139195
3611	374395	1.99225697210084
29108	81876	1.99193690219051
51629	54855	1.99087057927778
7145	759	1.99079248446601
134147	7516	1.99063298630346
6622	665	1.98967224971186
10155	2806	1.98858827274191
2994	7504	1.98838776816159
6192	9086	1.98791503972351
7988	84336	1.98691318041218
2017	6678	1.98586890863278
55783	9882	1.98557218714064
6535	84164	1.98473881736278
63940	7917	1.98470317469617
89846	9260	1.98294355417227
1678	23264	1.98293447963707
10098	7111	1.98164921901629
56994	6622	1.98162858770123
1471	7040	1.98096518396276
10211	23214	1.98094082009303
1870	7145	1.9793121853978
1465	9046	1.97643797774258
170960	84267	1.97628539099958
23295	6256	1.97606307660606
221443	23029	1.97458309810157
116985	64218	1.97305028019657
221078	26137	1.97294660624685
51277	9601	1.97274033092762
2994	665	1.97238583735135
3579	6397	1.97219545126028
6563	7111	1.97177456815976
27102	7145	1.97151495840637
116151	343171	1.97141296355316
2987	51327	1.96956434164215
134147	23264	1.96931515938363
6189	9556	1.96878869381176
10098	8991	1.96859497113322
10098	8531	1.96709781935676
212	343171	1.96694959316224
55796	669	1.96680607780979
1622	6160	1.96361083187811
10098	80700	1.96325989587095
1933	6201	1.96299917940095
65977	9364	1.96263882539273
221078	23344	1.96255219618754
5495	5621	1.96141751092146
8284	8287	1.96122405272521
2235	25793	1.96023445728595
2993	51094	1.95975600251392
1933	6189	1.95851477143502
11237	8291	1.95627179252577
143686	51094	1.95561581840291
3045	7145	1.95555513004167
286	6535	1.95385945598135
2038	55437	1.9526168460315
1892	738	1.95093009558027
1629	23264	1.95075989651288
3954	84336	1.95031396195656
2987	3049	1.95022385144241
5069	64067	1.95000283666003
10484	140609	1.94900377548333
2766	55437	1.94896160698591
170960	55567	1.94828077523817
3094	9556	1.94455809541546
116985	81	1.94451971793376
27013	8531	1.94387119324623
3958	55796	1.94334181659986
57190	8602	1.94327868731479
375248	7627	1.94312334885669
143686	55796	1.94304766757732
219333	26994	1.94054950677878
220972	6521	1.93749045748978
11163	6521	1.93658856900045
23012	6102	1.93574105957179
10964	3434	1.935088111925
55796	8991	1.93364832859064
3577	5329	1.9336188332088
3954	6832	1.93246607176054
2874	63940	1.9323433852575
1471	7917	1.93059589862652
4601	6535	1.92919915645659
1471	826	1.92800153841459
10287	50619	1.92753507400769
2995	55544	1.92587913091812
63940	7076	1.9258790228877
1901	3702	1.92548244908208
100129792	84267	1.92547927012432
116151	143686	1.92286989071777
8721	9158	1.92273379492438
2039	645	1.92253956927856
1345	6129	1.92217005336086
146956	3611	1.92112908296171
23214	57210	1.9207421772769
116151	8531	1.91865020226481
391	7942	1.91859212443591
51181	516	1.91578754480847
4061	55008	1.91541258966623
23012	23515	1.9144882029
212	7111	1.91340557433167
226	83442	1.91298851781642
2358	3482	1.91199729546202
10964	8638	1.91189120706425
6218	9556	1.91094920632275
509	6218	1.91057128679709
3954	57190	1.91006772400124
23625	83442	1.90866867752204
1084	8794	1.90865067222729
26574	81876	1.90844790728634
3045	4601	1.90755789125685
26511	89849	1.90711677662797
11163	6563	1.90706367673803
26574	9114	1.90676858918904
51218	8531	1.90674610277244
6494	7791	1.90562707315859
4689	6688	1.9048570820876
23526	4814	1.90423760184872
6159	6193	1.90420654833259
3611	7040	1.90330824207987
3611	92799	1.9027210954113
7627	8602	1.89768193608127
466	5955	1.89611511165441
2039	997	1.8949020074993
212	51327	1.89237266303477
10023	55924	1.8921909938099
3434	9636	1.89180026213619
26499	7111	1.8915150364809
249	84649	1.88807205950791
27102	55796	1.88779704327058
8794	89849	1.88654354481945
5687	9556	1.88647535729062
2260	55771	1.88366625330337
27128	3577	1.88329107986792
29108	51296	1.88202442843241
63940	7094	1.88185952712902
3654	8717	1.88088216286195
64218	80301	1.88009410148257
2993	343171	1.88001157090079
55437	56994	1.87998436095086
23770	8131	1.87890314753056
8602	90121	1.87795840679687
7145	84164	1.87580826625482
10644	8531	1.87505266724152
7791	80301	1.87495519031772
23344	399665	1.8748574904197
4354	51629	1.8743398808779
10826	116151	1.87404870305997
23625	63940	1.86782902313928
138199	374354	1.86731163134251
2358	29982	1.86663789415641
22934	6563	1.86643926928372
79616	84649	1.86627555852211
1933	6173	1.86533739419341
2180	5836	1.86468129211111
10856	10980	1.86321061106543
1633	55251	1.86253185051275
7917	92799	1.85869223709784
6135	6229	1.85734150636454
10594	10856	1.85711866520918
23061	80152	1.85686103097435
7040	81876	1.85433557207115
10098	25793	1.85160215231199
132864	9107	1.84921980427648
23770	2995	1.8470230046268
6129	9556	1.84617403907567
3049	51218	1.84605117064982
391	79143	1.84582747111806
51277	7988	1.84548169995044
25893	54855	1.84534864850027
2038	286	1.84445212074888
1471	374395	1.84380907759421
220972	4601	1.84163983497997
2038	4635	1.84103771019902
165324	170960	1.84067911080483
1465	79004	1.83869403738938
3579	79616	1.83843362764105
51277	54993	1.83813739625673
10826	2766	1.83778716694007
116151	7504	1.83778143308423
5315	5476	1.83758685892202
55544	80700	1.83746237936849
2235	51327	1.83704500849664
4940	9636	1.83625371967642
25853	51327	1.83572944438153
5329	7094	1.83494634321275
9260	976	1.83484929231528
2994	84932	1.83359541040155
2528	5275	1.83356247343872
11336	3614	1.83353839951801
219	56902	1.83280253241408
51070	55423	1.83194985729828
57587	648	1.82955052206917
6688	79143	1.82862438014794
23770	4601	1.82813923009348
2993	759	1.82782297239551
7145	84932	1.82755283855471
80700	8991	1.82688517779307
80700	8531	1.82602961943899
10054	80067	1.82553561850334
137964	23344	1.82434844580064
55145	9364	1.82242153871624
50619	6843	1.82188638135087
1088	4680	1.82062752770357
286	5886	1.82020834110382
54704	55251	1.81922889044582
55567	55771	1.81713139837633
55692	64745	1.81556965942582
5228	81856	1.81494964380961
116068	83930	1.81435669848059
140609	6683	1.81389185378823
10023	3577	1.81262505124374
598	6521	1.81259477862123
10865	25798	1.81256934838603
116985	9260	1.81225065069567
1741	4773	1.81139471861153
10098	9911	1.81137465900696
57587	9497	1.81119214518529
10287	83638	1.80977413147168
3042	80700	1.80974792156876
115330	25793	1.80967732531138
253430	5495	1.80901922692149
11009	9214	1.80849247072063
3954	4773	1.80795857882192
116985	80301	1.80773287262271
1741	90121	1.80575130082113
3954	54802	1.80530216033317
3045	84932	1.80381951346665
63940	9094	1.8028433692808
23770	598	1.80202196044884
4191	7433	1.80156987291344
2235	55437	1.80069165252442
203238	64067	1.80024082550734
286	6521	1.80009718863765
55024	933	1.79942469303037
11224	6160	1.79906167675422
23770	4354	1.79813626439338
53827	920	1.79736413128034
339745	55529	1.79704550479504
2781	4052	1.79686151342111
4940	8638	1.79553887714632
116151	220972	1.79495578760034
226	3577	1.79318723170623
116151	2994	1.78970471367552
11224	6201	1.78556321146089
143686	2038	1.78479848243205
6155	6160	1.78455692466686
2289	8660	1.7835162189886
27128	9260	1.78349375567924
25893	7145	1.78322047026583
1436	1471	1.78290229724867
146956	826	1.78146133205345
8666	8721	1.78119656010548
226	5315	1.78113899628586
1088	3934	1.77835806198321
23625	81876	1.7774526556747
143686	55544	1.77688424089895
7504	8991	1.77663375743504
5450	931	1.77634139314378
6173	6218	1.77554309659133
10661	7145	1.7751886848642
1606	923	1.77410008943046
3661	4176	1.77155789644806
669	7145	1.77131140946754
5329	80301	1.76986833707078
1349	3094	1.76962049747275
23390	339745	1.76864733757636
3611	6628	1.76634387590337
10287	23625	1.76514033689954
146956	29960	1.76399527961663
2323	91523	1.76301306711326
137964	81552	1.76162224635428
10125	28951	1.75978825043378
27102	2987	1.75972971308929
669	759	1.75960215493917
1471	2874	1.75951122956674
2987	997	1.75775448833755
23384	84336	1.75517697471077
10661	51629	1.75402278713006
6160	6170	1.75146423298917
116151	6622	1.75048949849352
146722	1471	1.74996718339242
253430	55529	1.74987313063409
4354	54855	1.7498108520263
25865	752	1.7491881303658
3042	51629	1.74838920376544
27074	91543	1.74739659313608
11230	6494	1.74685700162585
2994	343171	1.74605877245361
63940	7040	1.74520248491994
10594	83638	1.7449324315375
11163	55796	1.74437356794482
168544	8698	1.74289086587023
740	7988	1.74101659289908
57524	90121	1.74065417016954
3482	5329	1.73830646537623
1349	5687	1.73824889961613
239	81027	1.73727955780175
29969	55783	1.73336530784711
4601	7504	1.73328366154808
2987	51218	1.73322767055015
137964	4327	1.73308189101743
221154	23515	1.73305657349387
5228	7516	1.73223539511611
9046	9784	1.73221607421973
55924	8794	1.73186682863405
23264	5228	1.73178564441909
389362	7753	1.73124480742453
54855	8531	1.72906812607504
249	84418	1.72890113266978
134147	165324	1.72751919153574
219285	54739	1.72738013116198
10330	158	1.72676751877184
1349	6218	1.72607245108654
54993	9601	1.72466493103706
55279	9406	1.72446164428831
1606	6628	1.72379439398224
29969	374986	1.72373206377982
29760	55024	1.72347367817104
27102	55544	1.72346438251371
170960	56902	1.72344584127908
51277	54802	1.72292241909874
222487	84649	1.72290504653369
2039	51629	1.72131697964213
10865	3678	1.72035057646124
2017	3690	1.72003919653784
27128	80301	1.71998905496092
4495	4502	1.71895998373376
54993	8602	1.71875494025733
1465	7917	1.71694164210549
11163	6478	1.7164232398314
3954	84939	1.71599020319946
3611	7094	1.71572578174435
57190	9601	1.71354147904197
123720	51277	1.71349305166998
2766	84932	1.71339586868517
6133	6235	1.71231402062992
27013	55363	1.71193115148786
53827	9784	1.71181145714868
64386	8794	1.71154630330246
10155	6628	1.71071665167297
226	79143	1.70752022619776
3042	51327	1.70697028308506
22948	9601	1.7067645769366
25798	3678	1.70661929138847
3257	81858	1.7062650202245
4088	8602	1.70558866616445
10287	7040	1.70551226907178
126014	5476	1.70516363362831
116844	8794	1.70343556432396
8343	85236	1.70193318706606
4697	6232	1.70019992798824
55651	79004	1.69979784802813
80301	976	1.69975543258084
3611	84519	1.69947516029794
51629	55363	1.69919716707743
2994	51218	1.6989114107038
54994	84336	1.69891031310749
51181	6834	1.69809055444546
5495	5734	1.69687118874344
22934	669	1.69628730797468
2999	9289	1.69546704688121
55313	6397	1.69510377561669
54107	56993	1.69432790517587
84334	8621	1.69400329475065
1629	8434	1.69309933461582
4818	9289	1.69173062778887
3848	6521	1.69026032786796
123720	4773	1.68878389920553
8115	84824	1.68734818455591
10025	55072	1.68291953197466
27102	51094	1.68255187568626
116985	23385	1.68227881764638
3614	92799	1.68149451475306
3257	7917	1.68106586700154
55544	6478	1.67894765366425
8933	9784	1.6786060966746
23385	3611	1.67404128121675
6397	8794	1.67287135085969
1933	6139	1.67179252335918
55454	64092	1.66985820274899
4783	9846	1.66906767142148
283659	5205	1.6657951045492
10098	51094	1.66568452528232
4191	920	1.66530616687973
212	4601	1.66368261954957
23625	25844	1.66164554544175
143686	6535	1.66073718772149
3654	79034	1.66019623433716
50852	940	1.65912570919332
7094	80301	1.65890273053358
3482	9846	1.65841731638729
3045	3958	1.65704374030901
123720	90121	1.65584854439973
23558	84519	1.65552000298739
27128	63940	1.65488399995576
55312	9364	1.65473165999693
10287	56905	1.65388809445515
4983	5205	1.6507047283309
7111	7504	1.64943284231967
27013	57095	1.64686360206006
101	3614	1.6458166558674
645	8991	1.64479313526882
10287	3678	1.64442327411933
3482	6397	1.64306202693729
7791	9260	1.64093281955545
6160	9556	1.64050214475738
51439	6683	1.63981589974104
25798	9260	1.63667655106045
3954	54994	1.6365095108941
212	55796	1.63465947383871
1471	5315	1.63316446519586
212	2994	1.632760179117
124944	126328	1.63258242064084
7086	9114	1.63198970948123
126328	5441	1.63152963542921
116985	92799	1.63078468459552
1606	920	1.62823175199117
25793	2766	1.62710011524311
220972	7111	1.62551697031164
3613	9114	1.62508819908273
2993	6622	1.62457603535347
79026	9601	1.6238898724011
10980	5705	1.62296870228308
6628	826	1.62195097236995
5724	80301	1.62094221629906
1471	9158	1.61949994571572
153241	5955	1.61949947519108
226	2896	1.61924408257674
26994	55432	1.61907996374755
5795	976	1.61874725668384
9667	9703	1.61818015976105
3611	826	1.6181515984515
2994	6535	1.61728088410171
4088	7627	1.61492048359901
3437	54739	1.61435990317435
54802	57727	1.6137671397803
54994	57524	1.6136749825668
221078	27240	1.61158803619138
129607	94240	1.61141267642493
55024	973	1.61084312362767
55529	9107	1.60992272219325
6521	9911	1.60974872515801
23344	27240	1.60853512748242
665	7328	1.60845137102602
29108	84299	1.60716181530729
221154	51439	1.6071000673079
143686	8531	1.60570106276191
23625	3678	1.60536299620157
6155	6201	1.60508400262024
6628	920	1.60495186873131
55437	84932	1.60370894833835
6478	6521	1.60349584557029
140609	466	1.60221244835011
2521	3954	1.60128026247337
1471	8933	1.60101034293163
123720	57727	1.60048215681403
23214	8563	1.59898013411497
7917	81876	1.59737536682761
212	54855	1.5971464261298
3690	81027	1.59538598864616
2766	2995	1.59537285461954
1622	6189	1.59426036630067
10379	3430	1.59385515447858
55567	84267	1.59345446732487
132864	339745	1.59339472806886
54532	64376	1.58858972344831
22820	9703	1.58822362877442
2038	8531	1.58750555461986
10023	79143	1.58618271341447
2235	3045	1.5852510762181
25865	89846	1.58254459918633
5597	9406	1.58074462208389
116151	3049	1.58043047529477
1475	9556	1.5786032681287
375341	5795	1.57761608868663
6201	6229	1.5775807414156
84649	9846	1.57576846802742
10594	64781	1.57569419443208
4938	9636	1.575362117166
221078	375248	1.57481619578756
10098	10107	1.57473244924621
5621	5734	1.57365757864205
11123	4753	1.57345556261163
27013	9911	1.57218304608088
3678	4814	1.57140635088506
51277	8602	1.57081878035553
51503	6146	1.57069984887151
10661	6622	1.57057174863375
212	55437	1.57049836817707
116068	9039	1.57042867245539
10287	84299	1.56977891617152
50619	83638	1.56941598679626
54802	7753	1.5651800935136
221895	25941	1.56484102784786
220972	25853	1.56282002751062
191	79004	1.56198152495254
26499	8991	1.56119387626341
3049	8991	1.56033544946993
51277	81552	1.55819447809841
4191	64781	1.55728100193093
116985	752	1.55724749177372
11127	51320	1.55712832880567
4783	84418	1.55593442601376
509	6160	1.5557554440761
162972	90488	1.55571134015266
25793	27013	1.55556544609978
239	4900	1.55517724316424
6139	6210	1.55502182639653
2766	3958	1.55275836560582
55796	8531	1.55234145272727
387119	51430	1.55079338789761
5026	55024	1.5506734142969
226	51291	1.55064271833407
178	64418	1.54996441412471
10561	4939	1.54973119539986
10107	7145	1.54948362456006
1084	23214	1.54824001806285
23164	7627	1.54788859204059
4318	8291	1.54716129004842
10287	1084	1.5471073464692
116985	2934	1.54649349018552
25844	8563	1.5447055378933
343171	598	1.54424348682148
23625	7040	1.54267790978642
100129792	5143	1.54211224912761
11235	2123	1.54157934179358
1084	84649	1.54137066347496
399665	90121	1.54119559736609
1633	26973	1.53943215921044
10980	4191	1.53851563751001
23344	4088	1.53589789777219
137964	7627	1.5351316598339
4601	6563	1.53492396313967
2217	8563	1.53388027980774
10826	55437	1.53259303890419
6535	8131	1.53126430175232
374986	5621	1.52871813129165
3613	533	1.52754365162641
23264	84334	1.52667384038869
212	759	1.52636168740026
11201	387119	1.52554181199984
253430	9107	1.52384253630983
56905	63940	1.52373802602485
10098	54855	1.52329128514519
140609	51444	1.52155031764827
51094	7504	1.51835249506711
29115	92335	1.51610723967368
127544	64218	1.51567471933219
1633	374986	1.51503995814935
221895	84164	1.51460247891079
51277	9656	1.51014934775069
11184	3661	1.50859450913505
2038	25793	1.50708725955541
8115	973	1.50439510646514
137835	84078	1.50434860306077
25844	56905	1.5037018447614
2235	598	1.50329993859653
10980	25953	1.50278989638986
3611	5329	1.50189327637371
2217	9114	1.50101707771064
219333	669	1.49882722791059
29108	3577	1.49873926090148
10330	5705	1.49867400175979
10098	7328	1.49755599477084
3690	5196	1.49744374618371
10559	9847	1.49564124882406
7504	759	1.4937794247881
2038	3049	1.49206822425275
6170	6235	1.49155580363943
2039	63891	1.49005032419983
284071	5205	1.48977043498597
51765	64376	1.48940356348071
1349	6160	1.48922184379275
137964	6256	1.4888075449197
165324	55567	1.4879567891815
64386	84418	1.48665752287648
54994	6794	1.48485557633007
10158	4635	1.48447745428624
11163	4601	1.4836069825739
3577	7791	1.48263462936318
23214	533	1.48166350930951
391	4814	1.48130378953845
286	6563	1.48008243183616
3049	6521	1.48003360149203
29108	58986	1.4799110298492
123283	54065	1.47867069283223
3320	54534	1.47858701102553
10980	53827	1.47682896707277
212	3045	1.47609199957175
1622	6218	1.47405524996724
23385	976	1.47393421275406
4354	6521	1.47382737277362
101	3654	1.47297321119079
5687	6170	1.47187527413606
23384	57524	1.47184978084021
3954	7627	1.4712566208152
63940	83638	1.46939638985468
4814	533	1.46901134173695
8928	90990	1.46777041544864
53827	55651	1.46668275399553
6235	9349	1.46633478521327
23384	4773	1.46538037490711
26499	2766	1.46511868764148
53635	92799	1.46261136546825
527	84993	1.46044080530821
221078	4773	1.45827594536119
116985	3577	1.45738552103476
84649	9170	1.45702169188686
116151	759	1.4565448451365
220972	27102	1.45645922490345
51291	92799	1.45643380558469
387119	54495	1.4552637730925
212	4354	1.45315506553981
23558	64218	1.45250057612414
3702	894	1.45199123045921
3678	8794	1.45155216342387
10826	51094	1.45142257317679
1084	533	1.45085381356017
101	25844	1.45046623489233
55771	56902	1.44965073922787
51187	6129	1.44919991834855
4783	84649	1.44764879499513
2038	2993	1.44704456838081
10438	9039	1.4468160904953
4983	84267	1.44423196143067
2038	669	1.44390020677528
1879	55024	1.44229609515597
56905	81876	1.44184494408985
6628	83638	1.4414087235829
2993	55544	1.44014267604118
57190	90121	1.43945966570633
23526	56905	1.43813966439208
116844	64386	1.43813003290279
4716	53827	1.43726194485265
3437	710	1.43650608284684
90488	9406	1.43568859351088
23036	9039	1.43486039512525
28951	940	1.43484524854202
4061	4939	1.43438409696314
2874	64781	1.43342795397698
5567	9882	1.4329971009591
22948	6832	1.43280690848784
10023	533	1.4322701837473
132864	51439	1.43226492603934
27128	6494	1.43094279631391
6478	6563	1.43085563522995
2987	3042	1.42904374127957
2039	2993	1.42819438013656
10023	6688	1.42783338179802
25844	92799	1.42604698466721
226	23214	1.42521874638874
343171	55437	1.42513565085327
63940	84957	1.42323261726366
26278	54495	1.4228564835132
27102	8991	1.42123145325908
4773	6832	1.42082235731211
83606	9911	1.42026824006939
4066	527	1.41979597143881
80301	81876	1.41757101667489
2766	665	1.41707745474779
2994	3848	1.41612014410001
63905	6834	1.41603758508204
221895	6563	1.41521700649206
23164	3954	1.41303716572737
973	974	1.41297285042015
55145	663	1.41187725449231
226	5476	1.41078394870191
116985	3678	1.4105529764656
26973	55783	1.4096952113032
220972	65125	1.40903479833811
55796	6622	1.40864554242025
51320	54700	1.4084041520382
50619	63940	1.40820333773624
54855	7504	1.40812091966127
23770	84164	1.4076997891772
81552	90121	1.40676631353697
1912	79616	1.40648320918278
23384	9656	1.40644367675928
4689	5210	1.40548783439957
10594	146956	1.40545177135243
51218	6478	1.40533079428951
27102	51629	1.4048428634003
6166	6228	1.40478436332105
10826	8991	1.40470704227138
55142	56902	1.40427914836402
64218	976	1.4031831498064
226	84106	1.4027231003194
4694	6166	1.40215483291951
84334	8434	1.40012053243559
7516	85019	1.4000899040054
10107	2994	1.39999488001185
1856	23344	1.39971403870292
1471	4191	1.39891644462884
51291	56905	1.39868085628335
4939	94240	1.39693321913911
2551	55251	1.39627640376851
11163	7504	1.39538276485819
2346	245972	1.39486188995154
29982	51099	1.3947148208856
3577	81876	1.39463481720682
10826	25893	1.39270582930115
10463	65977	1.39241747117979
50852	51068	1.39060299520688
25865	976	1.38894325934353
2995	51327	1.38891592723289
212	3049	1.3888225974441
29108	92799	1.38861220967176
6164	9556	1.38561053214079
10594	920	1.38466495088956
5204	9556	1.38379266767641
116151	598	1.38178237810479
1622	6201	1.38117192340652
84939	9656	1.38065604901948
220972	3045	1.38061690376692
25798	3614	1.38022347117925
11237	5724	1.37967574301797
3614	8563	1.37894271604726
25844	55924	1.37884217057091
6208	9349	1.37873745437466
116151	56994	1.37869650077466
10287	3577	1.37816950316051
220972	55544	1.37692448490526
1471	7076	1.37489095690078
26574	81	1.37351476948233
51218	9911	1.37285032105676
114879	55020	1.37235384194614
4939	54739	1.37205821605296
212	6622	1.3720164158178
5795	65123	1.3718306429513
83888	9289	1.37127448507383
51181	8666	1.37076050301265
1741	9656	1.36995745799914
10054	466	1.36852666732166
23625	51181	1.36687587557561
219285	4940	1.36661894414841
57095	83606	1.3653348083584
284071	85019	1.3652691698437
2874	7040	1.36433429826522
10865	226	1.36290221430987
5329	9260	1.36141310846519
4689	5836	1.36110478626093
1471	226	1.3605027716213
10423	8535	1.36015695671881
2038	27102	1.35909512032783
29969	5955	1.35596662025546
1465	2874	1.35476209585338
7097	7850	1.35475196003983
27128	533	1.3546629849812
10287	2874	1.35416647686442
23770	25853	1.3533566629707
9114	9260	1.35253488640401
51277	57524	1.35241974219001
23264	389177	1.35157777907979
5204	6633	1.35148061096151
7917	84232	1.35042445380384
10980	9046	1.34885791600526
5795	64218	1.34872017455298
25844	6494	1.34823116728633
3954	5954	1.34820322097309
5143	5228	1.34725431389638
51327	7111	1.34605969457969
4327	9601	1.34351426441683
2806	309	1.34327573455707
143686	7145	1.34108066794789
115362	2633	1.34023701052097
55567	8621	1.34018708532677
3661	7917	1.33771301636899
4664	51430	1.33588356988961
10107	25793	1.33587666490989
6541	90121	1.33587591525184
10211	8698	1.33565618127117
2353	29982	1.33256783396424
116068	23012	1.33193040436005
10217	5196	1.33155557108886
6834	8717	1.33141362809337
4983	55142	1.33092210320414
79874	955	1.33056175511219
25865	7094	1.32992763347735
57524	84336	1.32989247925354
10594	1606	1.32855482692107
29108	83442	1.32804490298052
1912	84243	1.32633310675746
3611	55004	1.32400657454042
80700	83606	1.32364561830147
127544	23385	1.32236493664622
10023	23401	1.32129966366456
51277	57727	1.32061506700203
212	7504	1.31980938759315
2026	27240	1.31944187279686
26574	3678	1.31852265497822
2766	51327	1.3182336686777
11152	3611	1.31783656921056
533	8563	1.31661394722737
814	9882	1.31656252170891
55048	637	1.31604829362788
221154	6683	1.31603192477545
1084	4814	1.31362987538055
4916	5069	1.313462206829
5196	83699	1.31303444844397
1629	988	1.31220290362699
3611	5476	1.31205186018687
1870	54855	1.31169585621054
80301	81	1.3111658182079
57190	79026	1.30737418290883
100129792	165324	1.3066915443099
26973	55251	1.30593782757014
391	83638	1.30474073848259
1870	55544	1.30244355905262
51277	8536	1.30172073016946
11224	6210	1.30098681976413
10098	2987	1.30057731844923
55567	988	1.29947156498031
4939	4940	1.29833231799964
10155	51116	1.29782994151906
23344	7627	1.29760829058661
64067	91147	1.29760766059547
220972	7328	1.29673011080288
3482	7408	1.29587432972894
7263	83442	1.29503574806942
466	51444	1.2946543828482
2162	81027	1.29414792414556
23344	79026	1.29379203766246
3669	8519	1.29281849125802
219285	51191	1.29097247094312
1349	509	1.28912787666256
740	8536	1.28804131431925
1349	6139	1.28734031895163
23513	84058	1.28730869936019
3042	55437	1.2869337680332
115330	55544	1.286430204029
27089	9556	1.28382929174959
56905	752	1.28380474249682
23526	391	1.28369564491722
648	9497	1.28295976590287
466	5621	1.28248062518073
23344	84939	1.28191008980681
137964	9935	1.28164808648608
5577	81027	1.28027349720771
116151	26499	1.27991692837228
2039	4601	1.27923079146622
4783	5836	1.2791955519116
10980	55651	1.27903090028001
11224	3094	1.27818128036949
759	84932	1.2772409518437
55529	901	1.27687923465928
126014	7076	1.27607401899348
53827	9158	1.27599498113919
5580	80301	1.27580645635099
509	6129	1.27493371741895
4327	7988	1.27467941145761
6563	7145	1.27330923797701
55651	916	1.27167323572095
8993	9260	1.27141614376682
226	6494	1.26857114386292
10107	8991	1.26831362129586
1892	220002	1.26748276838657
2995	645	1.2668218421894
138199	57508	1.26674246989767
3848	8991	1.26659738780376
4697	6139	1.26571252011805
226	51296	1.26423491592503
2999	83888	1.2636442848655
3646	6146	1.26060272479669
3434	91543	1.26021282301552
226	80301	1.25741098344843
55142	8621	1.25626956288337
25798	7263	1.25489129285024
51030	8803	1.25462177233812
6208	6235	1.25385607563494
5450	84824	1.25109435997983
6521	8131	1.25050318767124
100129792	134147	1.24971890988815
3577	6688	1.24925853292294
4900	5196	1.24901771657789
10962	7627	1.24752970699895
54855	56994	1.24751121289033
219285	3437	1.24740616469083
2993	51629	1.2469183608613
7318	9046	1.2467729276743
10865	391	1.24573090967743
2987	7111	1.24568603407467
10023	64101	1.24558797794017
2995	3049	1.24447850553999
158234	26137	1.24224808663115
200845	9656	1.24134675770665
26278	64983	1.24106627156321
3577	7094	1.24086800802326
56905	976	1.24064194674407
2874	7094	1.23814917507288
129607	55601	1.23663243771377
3430	4940	1.23662526822086
81876	84993	1.23502005992834
53827	6628	1.23448098779827
10980	6183	1.23258612677214
6622	669	1.23181696341069
89849	9260	1.23091066866244
7040	7094	1.23036629465871
129607	27074	1.23016192988598
29781	3665	1.22966924288231
752	9764	1.22857362907837
387357	9497	1.22784949827485
3958	669	1.22758513074302
6139	6229	1.22676511161712
56905	6494	1.22583854231587
23029	6146	1.22554877817639
57524	84167	1.22424537113804
57727	7988	1.22267723161794
64772	7753	1.22151735370082
116985	29115	1.22087198677866
23558	7408	1.2202274267151
1173	84993	1.22014203434525
226	7263	1.22009486052527
4783	84898	1.22001239161283
4694	6633	1.21995491904468
23762	286	1.21586502860202
138199	79596	1.21465230982904
23214	7791	1.21430424580913
29079	374986	1.21383467221439
2994	51094	1.21374807829229
54739	55008	1.21372948618633
29108	9094	1.21317134818443
55437	669	1.21197467973693
5495	9107	1.21060226893699
3357	8536	1.21040750674735
5724	79143	1.20972516705919
135293	138199	1.20805038486596
3954	399665	1.20474838604886
23625	83638	1.20407607828025
63940	84993	1.20319949249267
2995	3042	1.20258914594968
3611	976	1.20202200629148
29115	3611	1.20115916387105
2994	55796	1.20060862208349
3577	84418	1.19961559219863
54704	55783	1.19799680874895
4354	6535	1.19799169389592
3678	55924	1.19693093551173
6189	6229	1.19668746238212
162972	374986	1.19579837535079
3614	7263	1.19372331205463
3678	92799	1.19005931192189
4189	55783	1.18913637755579
10964	4939	1.18906087318269
51380	5782	1.18822231765138
8972	9185	1.18800424460707
4327	8536	1.18782299248489
11184	3695	1.18766795650706
203238	5069	1.18740998550447
23558	3257	1.18612401921468
8717	955	1.1852940721256
10865	29108	1.18348179552114
23344	8536	1.18311117838393
54855	84164	1.18265368049246
23061	6628	1.18223759836828
8563	9260	1.18005709704215
2030	27181	1.1792825927353
25844	7791	1.17922069940616
5687	6164	1.1791648335721
226	83638	1.17905439777574
54802	84939	1.17849367624342
55072	9997	1.17844703744042
4601	6478	1.17818590432067
3577	752	1.17768358665707
6129	6170	1.17752330597563
2038	26499	1.17693131450884
10980	9158	1.17675818201558
84058	914	1.17650545338972
2235	51629	1.17592794224141
387119	9406	1.17496803328684
25798	3577	1.17480258080011
79004	826	1.17415758816001
10962	253512	1.17379092139308
5208	8660	1.17341141299788
116985	65123	1.17271926255962
221078	253512	1.17267470687898
4354	645	1.17248714509555
51094	51327	1.17130371338384
5621	81537	1.17103505096167
10217	81027	1.17092042398389
10826	4601	1.17084137770775
226	8563	1.16900744502888
10217	3690	1.16758777683327
129607	24138	1.16704639652738
3257	63891	1.1667082437658
226	23526	1.1655154653189
10594	55823	1.16528344743592
26499	2987	1.16440007710472
2766	51094	1.16373186535122
1084	3678	1.1631468492058
29108	8563	1.16225414536269
5476	7094	1.16006639152326
2995	51094	1.15731980126329
134266	9882	1.15607794422105
9601	9656	1.15470819017747
137964	8602	1.15425570700253
170622	6129	1.15326235260542
226	23625	1.15015991955935
116068	5921	1.14825397612898
10962	221078	1.14795987672618
4900	6678	1.1478173851692
1657	3685	1.14389269014235
23164	90121	1.14285659456248
10023	116844	1.14234693247315
2039	7111	1.14018319774029
1741	54993	1.13998403402057
84418	9260	1.13967516527047
2235	51094	1.13878074377546
10468	64067	1.13567067258336
115330	51629	1.13514615092492
10531	10980	1.1338711368994
2995	7111	1.13319275925584
116151	4635	1.13256569185062
3954	79026	1.13085988733788
226	3614	1.13080536470296
2289	26253	1.13018942636456
10661	759	1.13001022989775
738	8666	1.12933773761962
27128	92799	1.12855541255341
23384	54994	1.12808682332767
25853	3958	1.12697887947463
23344	26137	1.12481792965215
1964	9882	1.12292523946534
212	7145	1.12081716994142
126014	226	1.12024366839055
2766	4784	1.1191314083041
55783	9497	1.1189271434861
132864	901	1.11870365785571
113829	79004	1.11836631221175
374395	84572	1.11765449558386
4061	9636	1.1171452172869
2017	4052	1.11438758892157
129607	54877	1.11372903058291
23214	752	1.11364718189195
23264	284071	1.11282456864972
1173	826	1.11264913401437
2874	4176	1.11088676227196
2039	25853	1.10995093457269
63940	79143	1.10984107272023
212	6563	1.10976939438916
137964	23164	1.10969107073348
343171	6563	1.10923050746895
5228	8621	1.10670189636478
27128	3678	1.10597559843782
3049	8531	1.10485342394341
3577	9846	1.10465896161229
10594	23526	1.1044779834689
6397	6688	1.1038612501228
84334	89122	1.1031153276745
4635	51327	1.10292089151776
10661	2766	1.1028227998083
55142	89122	1.10175541201056
23526	92799	1.1017085835242
10438	50640	1.10134786105607
3577	4783	1.1010586060966
286205	374354	1.10056387331069
90121	9656	1.10004956954558
1477	4191	1.09990694420412
10098	55437	1.09778884925917
23558	92714	1.09706925403081
1465	374395	1.09640726995285
116151	55544	1.09611291091932
3665	55072	1.09597129277009
4088	57727	1.09545238332561
116461	83695	1.09444517847089
55004	5691	1.09326798665869
6256	79089	1.0924386317016
63940	84299	1.0912953958109
3654	55072	1.09110382578555
113444	30834	1.09021272886198
51277	84939	1.08982969316963
4818	83888	1.08971581786119
26499	55437	1.08959638372263
10826	7111	1.0886458422845
116151	6478	1.08843941978252
23558	53635	1.08759748348684
6746	91582	1.08743211840058
23515	51439	1.08700076121332
226	7917	1.08549110857207
6159	6746	1.084958734158
56905	92799	1.08407555403386
533	9114	1.08402929139344
1622	509	1.0831181879233
7094	79143	1.08172364522993
23344	54802	1.08096031765407
27128	752	1.08068445845619
26253	9185	1.08051503212689
23423	55651	1.08044725707711
26574	7917	1.07805299778689
3434	54739	1.07793630505988
1912	7850	1.07700797586094
10312	22898	1.07625625825668
51296	79143	1.07551579528692
10826	4354	1.07520131439954
23770	3042	1.07497940326205
3693	4900	1.07291341398958
2235	22934	1.07284972589709
10287	226	1.0711246700142
11186	6628	1.07029326843637
3045	6563	1.06974323740073
343171	51327	1.06811141928918
1633	55783	1.06796128607687
752	81	1.06718215488328
2994	9911	1.06626979814878
374986	9847	1.06599910015183
54802	8602	1.06511215150711
5329	9846	1.06443226687111
23770	51094	1.06392724635072
10484	55251	1.06383850347368
55771	90649	1.06233647210132
2766	55796	1.06190560857901
5196	5473	1.06152418511318
10287	9260	1.06071927100381
56902	988	1.06008176998464
54739	9636	1.06005548198237
116985	9764	1.05986131838137
27102	7111	1.05873226596694
4784	55544	1.05860756601167
391	80301	1.05859212917979
1901	23076	1.05688816921003
10107	10661	1.05625819789896
25853	56994	1.05621966601734
4664	9364	1.05494453768684
6688	84649	1.05483617105367
116985	8794	1.05480491822112
220972	91300	1.05417130056138
56902	8621	1.05205255513303
2934	5329	1.0519080113119
4773	79026	1.05177249661251
8115	931	1.05128391577436
5691	5795	1.05125796454289
163050	64781	1.0500907627612
55651	8721	1.04938157975322
11277	3665	1.04719477717824
9114	9764	1.04717667562102
54495	64418	1.04594121785223
6164	6633	1.04487872780985
51094	84932	1.04435489787916
6521	84932	1.04435338058594
51430	65977	1.04421425668072
23770	343171	1.04402340814249
126014	976	1.04327693768058
4052	6678	1.04294959788428
116173	5196	1.04238055916561
3611	8742	1.04237897635108
10826	2038	1.04133814278353
516	8666	1.04110264203131
3646	51499	1.04014299488545
5795	7408	1.039393732691
3577	56905	1.03817205525857
27102	343171	1.0378722580802
11230	56905	1.03686377228273
134147	81856	1.0357255892342
253430	9098	1.03563706468167
23770	7111	1.03489074515893
1843	51099	1.03444633655676
10098	759	1.03330923110091
26574	56905	1.03109289146595
10484	54454	1.02824436487894
27013	51629	1.02796204788347
126014	127544	1.02751548186442
2821	9343	1.02725083490602
25853	4354	1.025628231136
23214	63940	1.0251523946605
51094	6535	1.02296715832166
5531	80301	1.02145259732768
339229	6834	1.02126278665549
2038	4784	1.02010824369058
5724	7086	1.01815223868334
55004	65123	1.01810393509463
6541	9656	1.01580705781117
55544	84932	1.01488927962141
51191	94240	1.01481827594728
2038	3042	1.01341901662227
6144	6201	1.01341054134326
1350	5683	1.01265452003888
10484	51765	1.01235632937204
200845	253512	1.01084548436572
10980	4176	1.0107548159866
2038	6563	1.01016674309865
3654	7593	1.00970762412865
81856	84267	1.0091649762024
25793	759	1.00718135225589
10644	51218	1.00666580036211
26994	282809	1.00635280611571
25893	2766	1.00629478348237
11163	669	1.00483848048989
7593	79034	1.00478606542989
23164	4088	1.00402997359839
11184	80198	1.00222032350371
