10075	6168	3.31599728371698
1645	1646	3.31415270537906
10075	6171	3.31335527353231
10075	7178	3.31302898093782
6168	6171	3.31127338120595
6698	6699	3.30936910401334
1277	1278	3.30883847064721
10376	84790	3.30750433159297
6147	7178	3.30132222366854
6168	7178	3.29879900499165
6147	6168	3.29879541242574
1277	1281	3.2975877171852
8653	9086	3.296552035008
6279	6280	3.29628727878634
338324	5266	3.29388025572518
11130	6241	3.29380129222982
1278	1281	3.29248110016764
10075	6147	3.29002365882609
10075	3861	3.28760019515306
6241	9768	3.28731132053783
11224	6135	3.28684325275377
6147	6171	3.28663890534256
6171	7178	3.28291633116465
10381	10383	3.28203304059102
11130	9768	3.28186858653968
56300	6707	3.27400378017511
5266	6707	3.27069603914054
6317	6318	3.26954729286411
338324	6707	3.26713572126632
117159	4250	3.26070437217289
338324	6317	3.25715797344254
6147	6224	3.24650053405781
26525	84518	3.24634245884776
3151	57570	3.24513613763546
5266	6317	3.24288395849492
6175	6232	3.24028187370971
891	9133	3.23969126075802
6772	83666	3.23723665914587
10539	5901	3.23602779984519
5346	9370	3.23552420636781
6133	6218	3.23515487988631
3853	3854	3.23069818728712
3861	6171	3.22694851982548
3853	3868	3.22493342811323
6133	6157	3.22445049633795
338324	83886	3.22425662893153
375791	84518	3.22398072397884
55276	8766	3.22379458633383
3726	7538	3.22185685479471
10647	4250	3.21744057416079
51203	55872	3.21620428651295
51203	7153	3.21108899041573
121391	342574	3.21002818664967
2773	8766	3.20948352953456
6161	6218	3.20782640756192
6224	7178	3.20625935687134
10804	2706	3.20450342944917
9768	9833	3.20160104271858
3861	6168	3.20117641215364
6280	6318	3.20096800030323
10632	1340	3.20031843840934
4736	6189	3.19836719382245
6192	9086	3.19818544189717
81850	83896	3.19604531702854
6317	6707	3.19132670100559
120224	79852	3.19124984338907
890	891	3.19107765783482
6147	6175	3.19065604998135
6122	6204	3.18879113747136
10158	7051	3.18672244824385
6139	6201	3.18371742748113
5266	83886	3.18276893255828
6168	6224	3.18049089699519
55872	9055	3.17912062754741
6122	6209	3.17557841949286
6280	6317	3.17439063253709
4736	6175	3.17329450258406
11224	6141	3.17090101319101
4288	64151	3.16429556771606
23521	6122	3.16377374058426
7051	84518	3.16365320397861
55872	983	3.16330927498253
4493	4494	3.16062932870259
6192	8653	3.16055076904729
26525	375791	3.15888874513168
3861	7178	3.15755597587599
6133	6210	3.15750729471718
6204	6232	3.15655454230352
6210	6218	3.15553464902492
140739	55969	3.15526506751188
100132386	83896	3.15474493801944
2706	3853	3.15112726048672
10398	6876	3.15043205833856
55651	5901	3.15013555443969
4250	5304	3.14610934210698
5266	6280	3.14465409325322
57129	7347	3.14070659587689
120224	7051	3.14061096452061
515	5683	3.13823484627978
4599	55008	3.13545909925343
10158	79852	3.13382497224584
387695	79887	3.13262688665543
25843	8766	3.13127370564121
10855	56300	3.13047677486799
6156	6189	3.13007552160891
6176	6222	3.12470753109495
57111	79852	3.12365098711736
51203	83461	3.12337730905877
25994	9861	3.12253793213573
6707	83886	3.12192312971094
10855	7051	3.12168841073411
6707	84648	3.12167642586463
6204	6234	3.12109031264247
6147	6189	3.12107419862357
6167	6229	3.12093701068773
27166	84817	3.12067189816654
11004	891	3.1192821397349
79887	84518	3.11465238957414
6241	9833	3.11452604605933
10075	6224	3.11354104219015
10112	991	3.11292650297615
338324	3934	3.11279633892934
6176	6232	3.11192077451481
4629	4638	3.11069507775142
26521	51258	3.10865437093771
26525	56300	3.10734906879658
120224	26525	3.10717426592442
242	26525	3.10589704655644
26521	84817	3.10503678279479
6558	85415	3.10354635959275
26525	7051	3.10292918184226
51203	64151	3.10090822751923
11224	6164	3.10052367652485
1673	6318	3.09679933495298
6280	6707	3.0962847794151
11130	9833	3.09471558628703
6135	6230	3.09035151392163
3861	6147	3.08840147468373
6157	6210	3.08757832335274
4939	55008	3.08657934886613
10580	7145	3.08618194111622
344905	55827	3.08396472789955
6222	6232	3.08250032223532
5901	84817	3.08164640398482
55	79852	3.08109984801177
3892	81850	3.07824998746917
4830	5691	3.07752945068531
10158	6523	3.07310100658499
242	84518	3.0724900986187
338324	6283	3.06670809022481
30968	3692	3.0609927719291
57016	6317	3.06087633681157
10855	120224	3.0566891379336
4085	9768	3.05293676784922
1175	3163	3.05029997817561
10855	131583	3.04977880735392
51514	6241	3.04945151936919
6146	6152	3.04941367935749
4288	9133	3.04939172084463
6137	6141	3.04522748036614
259266	51203	3.04332064236912
79153	79887	3.04116360886525
1264	72	3.03557251802087
440574	5683	3.03552157472853
144110	84518	3.03389409170488
3832	55872	3.03189828375165
10539	7334	3.03066929982632
129607	3437	3.02990990048158
1915	6122	3.02648502111728
4085	5111	3.02431306182962
10855	26525	3.02395990589422
6147	6161	3.02166707141278
1349	27089	3.02164224237137
10855	55969	3.01989583373709
10855	2760	3.01953694749681
204219	8766	3.01605181378152
27089	84833	3.01380038737225
6191	6232	3.01220069323223
338324	6280	3.01180658975756
5950	9370	3.01174650787165
4710	6742	3.01049342170166
25879	5901	3.00957377763829
83895	85280	3.00901980844078
259266	7153	3.00893038973461
120224	375791	3.0086209565761
1063	259266	3.00772217382299
6147	6232	3.00548485404907
6194	6201	3.0048972720401
6133	6167	3.00471897539782
1111	3015	3.0023918001803
55872	64151	3.00197576963394
2315	7299	3.00110907721754
81850	83895	3.00108659381396
6278	6280	3.00046927619364
7153	891	2.998732056351
64151	7153	2.99804172438
1673	6280	2.99760073079444
6171	6224	2.99709578974175
120224	84518	2.99511644785369
388698	4014	2.99505426429916
120224	55686	2.99448487657013
3854	3872	2.99388963637342
1278	1289	2.99366801469551
55969	5686	2.9936321730065
120224	55287	2.9931693625727
83896	85280	2.992291733929
56300	6317	2.98953795483796
6139	6146	2.98794421903229
64151	83461	2.98762890408412
11130	51514	2.98713349464737
6141	6217	2.98655523898467
10855	79153	2.98542078635846
11202	79852	2.98393924265063
51023	6742	2.97900180815117
332	55872	2.97750527167102
4666	6139	2.97549668600409
6144	6233	2.97470205251331
3161	7153	2.97392603399581
25994	5861	2.97351847919297
1340	9551	2.97350390651389
387695	84648	2.97331775866368
81850	81851	2.9724094207003
171024	4638	2.97171322110022
6175	6189	2.97014328410379
79852	84518	2.96630780859157
23521	6217	2.96321990884884
10855	83886	2.96281477907215
59	6876	2.96006477814407
1843	2353	2.95841125886162
81851	83896	2.95802736275596
4599	4939	2.95669216549578
1264	4629	2.95591853215996
100129271	26239	2.95404117738613
7083	9768	2.95068667989992
7298	9768	2.94603214530072
338324	8942	2.94507972204074
5266	56300	2.94436555095229
375791	8601	2.94335799760404
5066	6586	2.94218073948284
6189	6224	2.94122325401602
7051	79852	2.93809517116645
57129	84233	2.93666494525159
1175	51073	2.93636869419346
6204	6209	2.93548769024584
83895	83896	2.93546388578297
6283	83886	2.93545084272356
29095	51258	2.9333635960539
4736	6218	2.93306244565718
6204	6222	2.93189192769509
4736	6161	2.92996546231668
204	28998	2.92737457312477
2706	3868	2.92733930161075
64151	9133	2.92650370470457
286133	8076	2.9252365265581
6175	7178	2.92059766580791
112802	342574	2.92031975431995
204219	26154	2.91994549568157
55872	9768	2.91673261093371
1937	6204	2.91664428790982
6176	6191	2.91596968964712
1384	6646	2.91462759687479
11004	4288	2.91321672396991
6206	6210	2.91161558096744
11130	55215	2.91120357975846
10158	1175	2.91084240238416
10398	7169	2.90957923825366
338324	56300	2.90888008183408
1673	338324	2.90858019387861
57016	83886	2.9054330918872
55872	890	2.90310646110398
4085	55872	2.90294782527304
6158	6159	2.9007466536301
83895	83897	2.89790638809394
1634	5157	2.89731150890447
1673	6317	2.89403430089449
5346	5950	2.88769670567673
11004	9133	2.887551124836
83755	83896	2.88653992949005
5684	7347	2.88537300405575
3832	51203	2.88507386797407
3161	51203	2.88321957482254
515	57129	2.88233741797619
6317	83886	2.88231498930683
11130	7298	2.88062908239243
4495	4496	2.87620789182961
26525	79852	2.87583273233001
338324	6318	2.87261777384067
6157	6218	2.87091310585969
171024	4629	2.87030218612942
11004	64151	2.86981523949375
11202	55287	2.86657682019161
890	9833	2.86386673595368
57016	6707	2.86379800093123
6132	6141	2.86369984272776
51203	7272	2.86234460962099
100132386	81850	2.86051459338735
6189	7178	2.85792294630877
204219	79852	2.8572168236723
4736	6210	2.85714618910766
4288	891	2.85610541287214
4599	83666	2.85178283475014
6141	6159	2.85172431467442
6147	6156	2.85080712886182
6278	6279	2.84546657981204
6161	7178	2.84492095250216
3015	4085	2.84418148657628
120224	8766	2.84355439778734
79852	8766	2.83719888006992
4085	983	2.83522026548608
10855	26085	2.83513119133385
5683	7332	2.83316070191993
10855	6283	2.83294919850783
292	55969	2.83223261026149
4085	6241	2.83216042012658
5216	5709	2.83196775762505
3854	3868	2.83193606346126
7153	9133	2.83164614872906
10855	79887	2.83123225181289
5111	9768	2.82829207530872
81850	85280	2.82754282248628
51258	5695	2.8270055470918
5111	6241	2.82624793948759
10346	94240	2.82515794487292
6193	6217	2.82489973408599
26239	353132	2.82434496369186
6157	6167	2.81980435787971
120224	25994	2.81973864817142
30968	5499	2.81846828138387
6523	7051	2.81818868461531
3106	3135	2.81799622060312
30968	5714	2.81771184471884
1349	84833	2.8173500350615
100133941	55969	2.81440260324144
728577	79937	2.81214919650286
6176	6204	2.81069678844699
6152	9045	2.81029100151505
3934	6283	2.80990066293809
54205	55969	2.80875216945184
10855	84518	2.80567269417067
3134	3135	2.80516770392994
7153	83461	2.80417542727427
1111	5111	2.79733773621472
259266	83540	2.79562220818048
26355	9861	2.79410296185998
23682	55276	2.79255458080422
55872	7272	2.79031284755943
10213	9861	2.7897056317447
3838	891	2.78926477512819
120224	55	2.78800189986077
100132386	3892	2.7874064169256
728224	81850	2.78429598621925
79887	84648	2.78325693065345
1824	3868	2.78316817797046
25843	55276	2.78243784665698
10855	338324	2.78115717081187
515	5682	2.77991667888753
6161	6207	2.77888422820678
8284	9086	2.7786693033245
64151	9055	2.7784395039669
7544	9086	2.77777347693582
126410	6820	2.77588339559642
6241	7298	2.774847866648
26154	26525	2.77351078502215
3015	387103	2.77351007977966
26225	3416	2.77234942934855
64151	83540	2.77099179424739
3892	83896	2.77058056813286
11258	5695	2.77036946570927
2197	7311	2.77014890478265
57129	892	2.76992355444445
51203	83540	2.76973023383065
1634	4239	2.76724902441513
6222	7178	2.76521304610471
83461	83540	2.76481499850278
515	84233	2.76460718748032
100133941	9377	2.76454597356484
120224	56938	2.76420641445571
6790	891	2.76313647596081
10539	204	2.76301127623266
23521	6130	2.76265945478042
6144	6218	2.76078617123477
6129	6189	2.75966744854124
6133	6161	2.75591414604856
81851	83895	2.75383020351696
55686	8836	2.75277074359003
10539	5683	2.75270006624948
11224	6159	2.7520319131161
7153	7272	2.75179184466166
5204	6135	2.75156118632341
5266	6283	2.74889349589809
10647	5304	2.74767012757321
5700	7347	2.7460360845433
6158	6208	2.74534337559312
55215	7298	2.74481620846243
55969	57016	2.74273376606633
23234	5111	2.74273008956741
10855	375791	2.74137886090006
338324	64581	2.73752502653353
128488	66004	2.73515235808707
55287	79852	2.73345250181082
6707	79887	2.72956547500361
81850	85290	2.72789489375072
3015	9232	2.72323104569313
51258	84817	2.72293853105283
8766	9861	2.72236371658468
6279	6318	2.72092034906264
10552	5499	2.72081815893828
6152	6167	2.71821668075885
57535	85415	2.71813279733656
10855	6707	2.71719332220102
2633	6772	2.71357673286816
10979	27303	2.71345159638671
26525	55	2.71302579254817
891	9232	2.71120474524857
57129	9861	2.71098948678661
3892	83895	2.7101992335662
10410	8519	2.70876317864481
10632	6923	2.70684995693944
6189	6207	2.70608792068704
117159	5304	2.70437620935296
55872	891	2.70321715662845
26521	29095	2.70170371886962
4638	7168	2.70140485032693
1175	5691	2.70010855232556
55969	5690	2.69876309645678
338324	57016	2.69611849072382
1634	56944	2.69585949305526
56938	79852	2.694543662963
55872	9232	2.69433467382464
64151	891	2.6942125833125
10890	8766	2.69088670109301
2760	83886	2.69003596602441
10855	51251	2.68828075114287
10890	55276	2.68650881571032
54205	9377	2.68630340199566
26154	7051	2.68563460089059
6241	891	2.68515019856585
22948	5901	2.68349188063356
11164	55969	2.68177826159172
6175	6176	2.68174295957559
2773	55276	2.68107376369869
11224	6230	2.67985866366819
4939	8942	2.6797237721975
26525	8601	2.67794569744094
10213	25994	2.67709791659528
55969	6283	2.67693139702525
129607	91543	2.6764509264549
113452	27166	2.67548049201828
10855	55	2.67525786022821
338324	6947	2.67500397150945
23589	338324	2.67493658103354
100132386	83755	2.67491012211805
64151	890	2.67222313871406
51371	5223	2.66978022242976
64151	701	2.66901566956811
6283	6707	2.66714321362012
10539	84233	2.66528597453811
6159	6217	2.66506695781367
11258	5439	2.66445910481596
10539	112950	2.66306718911532
23521	4666	2.66123326170128
4736	6206	2.66078740474937
259266	83461	2.65962246866295
1289	1290	2.65860043483756
55969	64979	2.65574544080089
7716	84441	2.65411938651391
6136	6167	2.65297252908012
11167	2200	2.65058397430448
4085	891	2.64889442778115
6161	6210	2.64751720886317
7388	9556	2.64726260170941
1111	4085	2.64721955191237
10855	56938	2.64709261334603
890	9133	2.64618300990752
2706	6317	2.64585301272921
4946	5441	2.64500631440502
147183	342574	2.64492648242336
10395	27303	2.64490838812021
1340	6923	2.64420897569323
4297	56987	2.64140595999065
6161	6228	2.64137561275355
891	9768	2.63897570802908
81856	90338	2.63768398245819
3934	83886	2.63728359399072
10231	83604	2.63719993205543
5788	963	2.63517932677405
29095	5695	2.63440723875508
55839	9768	2.63263048524925
242	375791	2.63187156290094
100132386	85280	2.63123856485945
6161	6189	2.63005872671089
27166	55969	2.63002565219762
401505	5901	2.62930065391882
10539	10576	2.62835876033895
100132386	81851	2.62759063857272
10539	84817	2.62688986399027
375791	79887	2.62619276756688
1175	27166	2.6258204563849
23521	6208	2.62368750370646
2760	338324	2.62205823992906
6161	6222	2.62041416867076
57129	5901	2.61999765362694
10539	5684	2.61818159672958
6122	6176	2.61777653016273
57486	8621	2.61420283643731
81850	83755	2.6131677734533
891	983	2.61228084795836
1937	6206	2.61162014806345
11004	9212	2.6116095001752
56300	83886	2.61137185162146
10539	51118	2.61136761901395
338324	5275	2.610968187196
6192	7544	2.60782856207088
8621	90338	2.60698046645489
100128731	51255	2.60492815935373
332	9055	2.6040343683012
11187	5603	2.6037640199294
6147	6222	2.60182939344106
6187	6208	2.60131836419553
2706	57016	2.60124988533821
6139	6223	2.60033658544839
3934	6707	2.59775897224596
3892	83755	2.59719943165799
4939	54809	2.59652415430905
55686	9861	2.59639746770553
51203	890	2.59434411218489
120224	9861	2.59415908644632
728224	83896	2.59280125779927
6165	6201	2.59235441694683
5275	9555	2.58980247397583
10539	7347	2.58900034584702
112802	147183	2.58737650840965
7347	8836	2.58717487826235
56300	84518	2.58685330739233
10476	10632	2.58673927285746
1033	9133	2.58584002920552
387695	7347	2.58126382741258
6155	6170	2.5799784180084
64151	7272	2.57918842278399
10964	4599	2.57727951305225
51514	7298	2.57721614546055
1673	6707	2.57572868443907
2760	55969	2.57397511518939
332	64151	2.57317068287163
4736	6232	2.57165805259931
515	7347	2.57123422340716
6133	6206	2.56656070575918
57016	6283	2.56619955298405
51118	5901	2.56445621721016
10576	5901	2.56241865632049
55287	5646	2.56049715356621
2760	6317	2.56034219571412
7544	8653	2.55898501104827
6161	6175	2.55875243029959
515	5684	2.55810938542223
3106	3107	2.55771598720941
8284	8287	2.55763472275741
259266	64151	2.55639797511404
515	9861	2.55573316998838
6133	6136	2.55551780768177
120224	26154	2.55322689338379
4023	5950	2.55296938817289
26355	8766	2.55183954213428
120224	56300	2.55169974400781
165324	55771	2.55053166235636
6224	6232	2.5481754497388
54809	55008	2.54686890941701
56300	57016	2.54605588851494
10855	79852	2.54405780100891
1327	27335	2.54271847448456
29095	7332	2.54270109613419
100133941	54205	2.54233169075041
1937	6122	2.54042470663303
3161	55872	2.54031726086744
11004	83461	2.53975812854017
55969	79153	2.53919806203919
6122	6234	2.53852369802567
6772	8942	2.53676242562046
5901	84233	2.53660819994736
10476	59286	2.53609265240985
3163	51073	2.53387678131829
5702	6748	2.53248214327538
55969	56300	2.53023728973733
6152	6201	2.53022407855923
6742	9556	2.52971525380464
120224	55276	2.52966883945659
7083	7298	2.52839032151752
27076	3728	2.52801864445882
11130	4085	2.52720793454009
375791	6820	2.52422622920056
100132386	728224	2.52369172029791
5683	84233	2.51902006136222
5266	57016	2.51436975426197
5216	5702	2.51293112951967
55215	9768	2.51183746607137
375791	7051	2.50925568582285
55969	83886	2.50836049393803
2533	5788	2.50796226980702
4288	83461	2.50657150727457
83896	85294	2.50444497641153
55969	6707	2.50338582969504
3725	467	2.50289948984587
204219	55287	2.50210572344937
27076	57111	2.50210449830553
10213	57129	2.50092201144947
25994	7347	2.50010997189369
144110	55512	2.49855819596702
6135	6203	2.49710683666969
57535	6558	2.49617003781324
25994	79887	2.49581590722294
1117	3934	2.49421006052022
4288	55872	2.49416365501182
3416	54544	2.49138633010137
6241	7083	2.49085042281197
10105	6523	2.48969728628138
56987	7716	2.48753096393037
6632	91942	2.48675342833319
5684	84817	2.48608570899936
1291	5118	2.48542680185993
83895	85290	2.48492664663536
120224	84648	2.4842085958514
25994	55969	2.48278103891006
4629	5350	2.47996946366616
10856	85377	2.47911177559958
100133941	140739	2.47910190719352
55969	7051	2.47909380184819
6742	7979	2.47722709678195
55287	7051	2.47697080137392
147183	7062	2.47622732739067
5646	84518	2.47498229461862
29927	4946	2.47412767120449
64979	7332	2.47175690017046
79887	8601	2.47167682819523
4736	6133	2.46836726009548
100132386	83895	2.46798966801665
56995	58508	2.46656523847611
2197	6135	2.46531529148701
27303	57522	2.46467772791377
129607	94240	2.46467016771946
6160	6229	2.46391577451545
83896	83901	2.46377061918163
25994	8766	2.46334763646734
83901	85280	2.4618639824745
51699	5684	2.46140565628917
10476	5439	2.45914210673647
2760	56938	2.4577036999541
6176	6209	2.45748091374884
292	84817	2.4563662106102
8284	8653	2.45529457563223
11224	6132	2.4550137882115
6558	92737	2.45429372564187
85415	92737	2.45422018758576
10158	26525	2.45414508424464
332	891	2.45406351801732
4666	6194	2.45375804045027
5684	5901	2.45277821724046
3934	5266	2.45269086921683
25994	56300	2.45241147777673
4599	8638	2.44881018508667
3884	3892	2.44699147453688
26521	9556	2.44643578428298
6139	6152	2.44537044696255
10158	120224	2.44341281141761
1382	8942	2.43927774559122
25994	6707	2.43926600037658
10923	5901	2.43742826422409
4288	983	2.4356799230054
6160	6173	2.43532850253573
10213	5686	2.43514657755976
11202	57111	2.43301352689614
5216	5441	2.4310485463476
3868	3872	2.42967497015751
10539	5655	2.42961018106644
55872	9133	2.42899917676528
100129271	353132	2.42665291832155
64581	6772	2.42661712177064
10105	140739	2.42489843689959
6207	7178	2.42464540750036
56300	79887	2.42346217881871
259266	4288	2.42260549511121
5683	5684	2.42224337405826
4023	63924	2.42190329381395
51002	6742	2.42165881741469
342574	3891	2.42144989800318
6241	890	2.42106506454591
10923	55969	2.42067834658205
11224	6173	2.41886417065098
1509	25824	2.41771786028803
10213	7347	2.41726795169044
375791	79153	2.41651986432942
5350	6876	2.41559942016855
28988	29927	2.41325297821417
79852	8836	2.4131098310679
10855	6317	2.41239762200136
27089	7388	2.41172430384805
3161	83540	2.41126795415762
3434	91543	2.41065724284163
79153	84518	2.41019014773472
5650	8836	2.40929738168649
83886	8942	2.4068414883007
11224	517	2.40521657992779
100132386	83901	2.40412875545195
3884	81850	2.40403060433348
3161	64151	2.4038842673713
517	7311	2.40299691099566
6232	7178	2.40175392106775
83461	891	2.40110243676529
259266	9133	2.39917039365467
51264	5702	2.39901738937568
56987	7707	2.39900201176933
171024	93649	2.39801453243531
5275	6317	2.39503300111252
11224	6203	2.39492482189301
6318	6707	2.39129343829978
259266	9928	2.39123037067937
55215	6241	2.39060532906659
58508	5927	2.38905829037074
66004	84518	2.38878492880539
10476	5695	2.38675367721779
55008	8638	2.38666480253849
332	51203	2.38656558056488
25800	8766	2.38419009384049
1340	83443	2.38237430665306
11164	57129	2.38223601999655
3015	5901	2.38172795451525
27249	8766	2.37943337074474
4638	59	2.3781598793069
6167	6218	2.37716208165435
56300	7051	2.37452952035259
6201	6223	2.3741296064127
55872	6241	2.37156265302518
9133	9232	2.37103636252323
4599	91543	2.37081017407543
6136	6206	2.37069535419223
64979	708	2.37068585253698
1894	7272	2.37015474756941
120224	55969	2.36796970568128
6636	81892	2.36481995383532
55872	83461	2.36255078342317
4939	9636	2.36245170299598
440574	51258	2.36238857165197
1063	4288	2.36167846916778
10804	3868	2.36122674218259
10923	84233	2.35928747352064
4288	6241	2.35900422513687
5052	9978	2.35884971627026
57486	90338	2.35861107481742
55969	84817	2.3572410633736
5901	6632	2.35627011151699
29927	5499	2.35552198647607
338324	6772	2.35463257828527
84518	8601	2.3536775719113
891	9833	2.35332628538834
4736	7178	2.35171248909895
29108	57111	2.35133332981143
6146	6167	2.35108170367396
1673	84648	2.3502913588456
10632	5441	2.34985655524722
5350	91624	2.34952135217574
6192	8284	2.34498844027338
51203	983	2.34452210532078
3868	6273	2.34379383043984
10632	51258	2.34303209765934
1349	339487	2.34122483606426
6130	6206	2.33939544887323
23589	9517	2.3393284256948
6157	6161	2.333155389567
1476	55969	2.33282432301944
6772	961	2.33273723479732
140739	6283	2.33252543848827
26154	55287	2.33224332556486
83896	85290	2.32857896990745
4288	51203	2.32845346666602
27089	84817	2.32745311814005
11202	84518	2.32687551981408
29108	5603	2.32602048971612
3015	5111	2.32501623762916
120224	26355	2.32480886182198
6157	6229	2.32353969342111
10855	140739	2.32333407559562
6160	6194	2.32286843581685
56300	84648	2.32263587217055
55711	9415	2.32113871027134
30968	83443	2.32100849105879
6175	6224	2.32098693565487
1937	6124	2.32034793045209
10652	5499	2.32009514624087
140739	57016	2.31935773869031
3892	81851	2.31832181493048
6283	8942	2.31709494723698
120224	79887	2.31672751157844
83666	94240	2.31622101862193
3437	91543	2.3157859926882
3934	479	2.31419489436075
2312	388698	2.3110424823816
2760	56300	2.3101246576282
81850	81870	2.31003191267438
6175	6204	2.30917503083636
6232	6234	2.30719508278152
10952	1175	2.30659862659645
6790	890	2.30538029959753
55287	84518	2.30430443846262
375791	5646	2.30429910400684
4736	6207	2.30347567758838
64581	961	2.30301891650593
5695	6742	2.30217185051035
1337	9556	2.30135707580641
337880	3892	2.30128187321757
55969	9377	2.29954695300043
219348	7148	2.29761710621576
64581	6707	2.29650243776469
56300	6283	2.2964793358907
337880	3891	2.29561843638596
1879	27303	2.29548225524694
6280	84648	2.29494599178034
6164	6173	2.2946577616704
5683	7347	2.29386223572338
6168	6189	2.29337886139189
5684	57129	2.29273188187643
3161	7272	2.29267984842245
51253	7353	2.29209253069152
3161	891	2.29043590947882
51203	9133	2.28990930897396
10398	59	2.28990716044949
81850	83901	2.28966930223999
3832	7272	2.288285578142
23371	7145	2.28675617186118
7347	79887	2.28600185462406
1382	140739	2.2802329992044
10855	5266	2.27965694690039
6742	7295	2.27944987555888
342574	7062	2.2772441500673
146909	4288	2.27448056906227
151887	5118	2.27424291238161
140739	54205	2.27375455577841
10476	83443	2.27311359264737
7707	7716	2.26981551692242
10379	9246	2.2694750237597
5376	7077	2.26849998459074
3161	890	2.26806713420963
56938	79887	2.26662704638075
112495	9470	2.26498045985769
23521	6137	2.26470343314541
6144	6155	2.26469898167978
51203	891	2.26245161180549
1063	51203	2.2623961369067
6772	94240	2.2623112009237
8601	8836	2.26213450057017
1879	7145	2.26212554505368
5266	6318	2.26191943757642
51806	84975	2.26151941242291
10539	515	2.26026461620641
10158	2760	2.25961653444542
27243	83443	2.25866357770116
1675	91851	2.25824468276555
3692	5603	2.25548840838844
165324	90338	2.25526540298772
3034	375791	2.25375014312076
10539	22948	2.25372503103546
51258	6634	2.25356824350604
4023	9370	2.25260242085939
64135	6772	2.24988347051414
100132476	81851	2.24961933260286
4085	890	2.24865784227567
5950	63924	2.24834897440987
64135	83666	2.24782613236714
10632	1329	2.24745866993675
29927	5216	2.24347139609247
1384	55711	2.24313083664797
55215	9833	2.24284213821398
3161	83461	2.2428060059645
6167	6210	2.24256863999958
7347	9861	2.24190995904486
27303	91404	2.24145862154703
3875	3880	2.24067995557271
10539	26355	2.23962133274137
25843	2773	2.23822250743039
9133	983	2.23806644694488
140576	85377	2.23746585736515
51203	6241	2.23658603305815
9768	983	2.23595763132695
55	8766	2.23581561139167
7153	890	2.23515435116069
144110	3162	2.2346570820098
10923	25994	2.23400201222003
51203	9055	2.23166434846621
5901	7334	2.23099460860356
5709	9040	2.23014179048842
27166	79887	2.2298910646796
113452	7353	2.22737283587209
3838	9833	2.22474387082325
1041	54544	2.22454953869448
5687	9861	2.22429201730869
113452	55611	2.22407383351364
55872	9833	2.22304868458601
5655	56938	2.22290401810985
10158	84518	2.21870622733238
11202	8836	2.21818667146967
55969	9861	2.21750830722841
27166	387695	2.21548888872663
27303	6935	2.21364955264595
55711	6646	2.21245398863811
11130	55872	2.21238970642653
51203	701	2.21038068713484
11004	55872	2.21030704520909
10158	56938	2.20736129345029
6204	6206	2.20694032234248
11164	5690	2.20561610319472
85280	85294	2.20491185220374
10105	55969	2.20296760216903
25994	84648	2.20243277028477
3886	3891	2.19984053533315
6133	6146	2.19820040523027
6122	6134	2.19532963939191
10476	11258	2.19517651223184
120224	8836	2.19408067690472
701	83540	2.1940006403282
11130	5111	2.19387566477192
6947	8942	2.19385245119643
196374	84975	2.19378245143468
1264	5350	2.19230697631576
56300	79153	2.19099100006992
26525	56938	2.18836086879426
10979	6935	2.18772366870904
11202	5646	2.18729022693193
890	983	2.18528154627356
26521	4830	2.18469441032468
140576	150678	2.18420727215413
11130	51203	2.18375117700811
26525	79887	2.18113752206261
6161	6167	2.18036805504135
10632	9551	2.18034584527054
3726	9592	2.17989305931611
5346	63924	2.17922148961038
23589	6283	2.17891460864969
6160	6167	2.17801456473266
3992	9415	2.1777786266902
6147	6228	2.17478654804682
3884	83895	2.17448508382189
51639	6742	2.17410330605995
26521	5695	2.1740900501122
2633	83666	2.17336940884357
10105	10158	2.17301333007
55186	56987	2.17270975170025
6146	6206	2.17218861201248
29100	7386	2.17162772798044
3892	81872	2.17143029892618
23521	6204	2.17110631020206
440574	515	2.16792994574152
56944	6586	2.16602806336209
10075	55827	2.16467771295188
120224	22996	2.16401618471784
55803	79153	2.16082128366616
4288	890	2.15778397070777
6159	6193	2.15565376837058
2059	8404	2.15562707551554
22996	5467	2.1551806764262
6283	6317	2.15456603134866
84233	9861	2.15376532251547
3034	84518	2.15173814970752
6122	6222	2.15156732280075
3627	4283	2.15150788047534
55686	8601	2.15024085552821
5467	85377	2.15013561548874
25994	5230	2.14884270870458
3015	57129	2.14810189231606
6175	6222	2.14758737570813
6156	6168	2.14730608899251
4736	6147	2.14699651624389
85280	85290	2.14661845951473
3861	6224	2.14504787178417
11164	26355	2.14467931589206
64151	983	2.14181220320262
6228	7178	2.1403503481039
55379	55969	2.1391618405993
26154	79852	2.1391141120333
10576	25879	2.13705174073267
140739	6523	2.13673377228061
55651	55969	2.13499248815992
29904	92211	2.13412656569546
2197	517	2.13342243158915
6241	64151	2.13328579535401
10190	25994	2.13298253752292
259266	891	2.13095394131343
1264	7169	2.13018569731796
6122	6130	2.1289693493281
51253	5694	2.12709018677988
2769	4860	2.1270141710936
10923	6921	2.12670366653714
1289	5118	2.12631846527607
131583	25994	2.12608076531401
51258	7332	2.12564802160121
10632	83443	2.12555955212906
10855	57016	2.12532331807262
26085	2760	2.12515302963872
23589	83886	2.12494263224546
145483	57486	2.12471967839501
6161	6224	2.12397980950349
10213	55969	2.12316843443138
7544	8287	2.12301664695783
10024	64151	2.12285950692037
5143	8621	2.12166577527431
11164	55651	2.12118535193814
6134	6187	2.12106606110364
1476	84833	2.11999999832419
6146	9045	2.11903990594374
4288	7153	2.117253207179
157313	6790	2.11711877730543
55287	57822	2.1168893534004
375791	79852	2.11661483364996
6122	6187	2.1153371887771
120224	2760	2.1151524508517
3832	890	2.1143104967809
204219	2773	2.11237089169934
25994	2760	2.11236944194525
55601	64135	2.111524700251
10647	117159	2.11122848394539
4939	64135	2.10736888578167
890	9768	2.10727032458422
51002	5684	2.10656911344003
55872	6790	2.10432198213381
11202	242	2.1023134130509
55	8836	2.10141422397001
338324	55969	2.10094111270143
2760	55287	2.09738058253462
701	9055	2.09710043747462
5721	6772	2.09675929651863
56945	9861	2.09591583490122
3015	55872	2.09512418383962
27089	9556	2.09446467770855
6176	7178	2.09393163436095
5682	5683	2.09333179429074
51514	9768	2.0930495309615
6278	6318	2.09285980041257
51258	9556	2.09221054974846
26154	84518	2.09193627302859
10105	26525	2.08980914773218
4241	6558	2.08976588999305
6241	983	2.08767834687933
4939	8638	2.08713934170652
22948	25879	2.08630646029731
5216	8407	2.08532452491663
10632	5691	2.08501486051337
286133	7077	2.08473912505188
8942	9517	2.0820413040718
11187	5695	2.08123557174641
26355	55287	2.0794222080092
10539	10973	2.07810254867566
26355	29097	2.07662613415913
26355	515	2.07647141165683
440574	84833	2.07592414993238
27166	55651	2.0749409853946
6205	6207	2.07401438625548
23336	4629	2.07306382467843
54809	8942	2.07246333429869
51258	59286	2.0718233484227
4085	9232	2.07149347867732
120224	242	2.06950066203008
25802	4629	2.06936931648242
11004	7153	2.06722597555505
10804	3853	2.06387827146339
5266	8942	2.06271910094415
81850	85293	2.06188623651322
6134	6209	2.06114946565235
26225	8836	2.06071628854137
2533	914	2.05956378991079
10539	9861	2.05881149850763
3437	83666	2.05867966701726
51371	9861	2.05843160783909
29095	6634	2.05662725220619
10158	26085	2.05443248044949
79153	83886	2.05366929255611
64151	9833	2.05299540011689
10476	27243	2.0526638780451
7388	84833	2.0519017297035
3868	57016	2.05148696138302
204	51118	2.05041682436344
375791	56300	2.05009687316315
4131	91404	2.04968067987153
55872	701	2.04878112436208
10084	14	2.04776278480813
118932	55276	2.04720159792409
5111	57129	2.04707768866939
25994	5275	2.04652420951984
100132386	85294	2.04550547730312
1329	1340	2.04525361955615
26355	57129	2.0451566437937
4085	9833	2.04369932544089
54498	79153	2.04174919052006
11004	332	2.04138208237677
6923	83443	2.04112310645357
6189	6218	2.04111274108854
337880	3884	2.04082869032757
6147	6176	2.03973592934137
3437	94240	2.03939101073342
5683	64979	2.0383738320082
242	79852	2.03744260063721
23276	6820	2.03731588509753
10158	26154	2.03597525651432
140739	1890	2.03522491981979
51002	5683	2.03448062852988
113829	5034	2.03393085017716
7136	90019	2.0322767265555
2114	85450	2.0322714161192
10539	10923	2.03061185339942
5718	9861	2.02345146031435
4710	9556	2.02339708938232
962	963	2.02320785497954
55969	6317	2.02108119250651
10964	94240	2.02085286163278
7083	9833	2.02034277722486
2760	7051	2.01986929849921
55008	8942	2.01973825562333
6772	9246	2.01965908081694
27166	5901	2.01793007023648
4939	6772	2.01639946264644
6157	6206	2.01496253076615
6194	6229	2.01397676095394
7298	9833	2.0134454881396
5275	83886	2.01217951901034
100132386	85290	2.01020205025637
10923	401505	2.00989742397529
55008	6772	2.0096319631166
55803	79887	2.00958646109057
120224	5655	2.00788927665015
120224	5266	2.00714625200281
171024	253827	2.00658985650962
204	5684	2.00567868034768
10539	57016	2.00515012265262
10730	8766	2.00446489497454
55969	56938	2.00298517126374
29108	8836	2.00226830826581
204	5901	2.0013688647531
4940	9246	1.99950619289083
51083	55711	1.99940293624416
57129	8836	1.9986823462465
1650	29095	1.9972836992465
23657	387695	1.99686697712047
10923	6317	1.99588723973608
23682	8766	1.9955361029246
2760	8942	1.99492856075105
1476	27166	1.99488937558605
4599	9636	1.99466165293377
25802	7169	1.9927826862888
3858	3861	1.99271968371717
155006	6558	1.99264014181001
51258	5683	1.99163889100991
3892	85294	1.99073380477766
5571	5702	1.99071475897061
10539	25994	1.98987617800447
120224	6707	1.98950600094304
51118	84233	1.98572607196186
219348	8076	1.98551227092962
55611	57111	1.98405160482342
2760	5266	1.98215380757513
55008	83666	1.98167836261488
332	4288	1.98141314681344
10923	515	1.98136956242329
100128731	5441	1.97998921053146
55839	891	1.97924229665958
4501	645745	1.9773883749337
1337	4710	1.97663709266126
4939	4940	1.97655114634655
10105	7051	1.97584082794635
6707	79153	1.97535269480424
84817	9470	1.97514898813399
51251	79887	1.97439288292582
51806	84000	1.97373637840239
10158	204219	1.97360028371492
3162	84518	1.97344311809214
5691	6923	1.97328033245932
10158	4191	1.97230585543064
6136	6146	1.97169679025144
29927	5702	1.97169220292811
5603	7867	1.97149931604861
728224	83895	1.97141376674872
204219	55276	1.97127944311826
11224	2197	1.9698191414621
4736	6144	1.96857001332464
5695	59286	1.96839590678793
9232	983	1.96789585260922
10890	51534	1.96734319040369
10923	57016	1.96669605094114
55	55686	1.96529040375471
332	9133	1.96483374741295
79852	79887	1.96329492280387
6133	6189	1.96270463688091
4288	7083	1.96256821751309
6156	6171	1.96230779621706
26085	338324	1.96200321146567
23389	58508	1.96191179171871
113452	29095	1.96166492400052
6867	91404	1.96165548576658
28985	9377	1.96133360230247
120224	6317	1.96107648899106
51118	7334	1.96083931390715
5427	55055	1.95935099554283
6136	6204	1.95911645986022
10205	4860	1.95855794352445
5111	5427	1.95745516911196
112950	7051	1.95677038082827
10632	9556	1.95541289377588
51108	9377	1.95450808304164
10197	6183	1.95449033413745
3070	83990	1.95447143281165
1673	5266	1.95366822335971
1836	3855	1.95276748374591
10075	6189	1.95171424496205
112495	84617	1.95043780401832
2760	57016	1.94943747416513
4736	6156	1.94934755791407
157313	890	1.94927743088267
375791	78990	1.94866443032001
5216	5499	1.9484804619106
10105	1175	1.94815209048462
3832	9055	1.94739415413582
3861	55827	1.94658700235638
728224	83755	1.94648326368163
27303	55742	1.94643258920624
112495	387695	1.94618746878537
10539	28998	1.94542936025134
10964	129607	1.94513014260018
890	9055	1.94391514205724
4736	6228	1.94288248927888
892	9861	1.94219536088929
57016	5901	1.94182192012887
2760	55	1.94131430083375
51371	6921	1.94020789744377
5111	9833	1.93941091854456
1915	23521	1.93931751847106
7272	891	1.93860258563998
10200	6283	1.93784711471084
6137	6159	1.93729304902078
1329	6923	1.93594701748932
6152	6229	1.93483198632253
3892	83897	1.93389481745005
6283	6947	1.93225253624539
27095	83443	1.93064027935524
51371	5230	1.93024766673828
6171	6189	1.92927631524146
5275	6707	1.9284541443175
112950	57111	1.92687977617071
55872	83540	1.92638961834481
10552	5702	1.92627298314404
1264	4638	1.92597591172834
10158	55969	1.92498378709447
26525	55969	1.92491236949659
23276	375791	1.92461276798611
28988	5216	1.92432673892128
84518	84648	1.92380290463613
4809	6632	1.92322885303887
4131	7145	1.92197965427515
4904	9978	1.91985012094632
55969	5901	1.91780159364155
55	8601	1.91775958146542
81871	85293	1.91706480688485
1073	10979	1.9152409876886
25994	57129	1.9148109721211
1915	6208	1.91465459188895
5694	7386	1.91305964590065
1809	219348	1.91237386381284
121391	3891	1.91167650925724
55008	91543	1.91111826124844
2533	963	1.91055400617804
29927	51629	1.91043460458003
10205	3772	1.90911179987318
1175	475	1.90750712992231
4306	84441	1.90734411190584
10855	25994	1.90719808579054
10855	26154	1.90701403948848
23589	8942	1.90544115776797
140739	9689	1.90504803367109
100133941	2706	1.9048119746416
10539	55651	1.90468254896599
27166	475	1.9038930763333
1879	4921	1.90378667344253
10190	892	1.90359092478556
56938	7051	1.90316781533514
51258	9551	1.90302215484962
7272	9133	1.89903742544423
1033	9232	1.89573174873739
1349	9556	1.89236158169564
58485	6748	1.89233609599294
2023	5230	1.89093167937851
259266	3161	1.89075405279209
25994	51371	1.89032752514178
30968	3420	1.88941816470939
3106	3134	1.88937962007572
5702	5709	1.88934696407952
3884	83896	1.88833901364387
10539	5805	1.88733272003183
11167	5396	1.88646014377505
56300	56938	1.88496253149279
11130	9134	1.88030008519601
11004	983	1.87963183431353
120224	204219	1.87905684399806
7078	83604	1.87898258756479
6144	6210	1.87895463060945
242	3034	1.87777382347867
54498	7051	1.87773661811018
3832	983	1.87760299831197
26521	5901	1.87730618901822
80157	8836	1.87661262160519
7739	80157	1.87568521884325
63924	9370	1.87481576769796
11240	6558	1.87441331752762
10213	55	1.87362678520294
10476	51258	1.87242989835773
5646	79887	1.8720688932004
6150	6748	1.8717471261634
3898	57111	1.87088265113692
100132476	83896	1.87066818717849
4904	9526	1.87016332038413
259266	991	1.86926627346073
25879	51118	1.86906016918242
11164	5901	1.86690840426515
26525	3034	1.86690233157244
1634	8613	1.86656656200796
51203	9768	1.86504751023451
3934	55969	1.86355329792506
493	595	1.86244307158062
27303	4131	1.8620333771136
10190	8836	1.86083804100834
6135	6173	1.86030044214101
440574	7388	1.85967297139802
3880	92737	1.8596111956845
7272	890	1.85832495631888
23469	91746	1.8582086520059
6137	6217	1.85801152575269
129607	4599	1.85798871701868
1175	5034	1.85785692089719
27166	2760	1.85631291207042
25994	27249	1.8551850250737
130399	4023	1.85473460968802
6167	6194	1.85387890424745
51258	83443	1.85338121002679
3868	6280	1.85222192318624
28977	7334	1.85148322168656
5655	7051	1.84994507645372
332	83540	1.84947155141272
11004	9232	1.8491471731767
113452	7347	1.84821536330227
1281	1289	1.84800427985099
3692	5714	1.84608702632643
6241	83461	1.84522845584656
144110	26525	1.84364045725065
6699	84648	1.84306797084418
3161	3832	1.84305594454444
6144	6161	1.84234278908399
10576	22948	1.84178060655263
11224	7311	1.84062043729653
204219	6523	1.83992841145593
26085	56938	1.83840387496984
55969	708	1.83834527146413
55686	56938	1.83831851673212
112950	5603	1.83816845164309
14	6472	1.8375995702814
10539	2760	1.83705560921741
6422	6558	1.83662617522943
83666	8942	1.83611476030513
83461	983	1.83522589869257
3853	6273	1.83474272658554
5275	56300	1.83258431531768
6820	84518	1.8313983478577
144110	375791	1.83129031375947
26525	79153	1.83016668639034
6160	6164	1.82821471433024
57822	8766	1.82700232684827
144110	79153	1.82622181094546
55839	6241	1.82553760896047
6146	6201	1.82425663306511
1650	6634	1.82409986953132
10539	57129	1.82277538356005
155006	85415	1.82276253009398
30968	8192	1.82199274208016
4716	4946	1.82171243227641
10197	5693	1.82029246874579
2773	79852	1.81863608145927
10024	4288	1.81847819524324
55287	55686	1.81838775942514
204219	25800	1.81746759903205
79017	8836	1.81547330501422
85290	85293	1.81533341133103
148811	55711	1.81526669617452
1673	6279	1.8146592421247
5266	55969	1.81334001710883
55872	7153	1.81295428500318
517	6135	1.8126077136565
57016	8942	1.81206473964316
3937	963	1.81174950504871
6209	6232	1.81063650709809
10730	10890	1.80977851002771
51203	9833	1.8094841145137
3858	6171	1.80912296537117
2	22918	1.80828031909961
10539	55686	1.80754449756194
56300	8601	1.80730810793685
29108	6199	1.8072535957923
11130	23234	1.8065718088247
3952	5346	1.80610707874788
29108	7347	1.80601668851621
5901	7347	1.80517916015794
3880	4250	1.80366477193574
440574	84817	1.80355926086447
83886	9517	1.80350514640626
29108	5646	1.80335302548956
27243	6150	1.79996190409621
10213	8836	1.79994891618934
3692	5034	1.79983958576631
6187	6209	1.7997626916916
55008	64135	1.79957678360143
204	7334	1.79857894357599
10539	292	1.7981092932571
10011	55379	1.79786489365402
3163	6183	1.79645382658701
5721	83666	1.79532322266405
27076	7739	1.79451752949797
401505	55651	1.79442316041106
10346	83666	1.79320607891974
7544	8284	1.79218716512736
5441	6923	1.79204247017464
10539	55969	1.79166972175155
10440	54205	1.79155882373394
6558	9071	1.79126282667158
27166	79671	1.79090330021131
2760	79887	1.79040473103622
8766	8836	1.79038347617496
27249	8836	1.79032648414166
51690	8407	1.78919360516037
5686	57129	1.78816632853904
51228	55287	1.78660586703894
26525	8766	1.78586571245417
1264	171024	1.78372094963806
25879	55651	1.78265314222512
55287	5655	1.78193148297845
113452	26521	1.78182195529559
25800	8836	1.78181124928034
5686	7347	1.78140429112038
3832	83461	1.78071642503033
4085	5901	1.78022788301637
338785	9415	1.7795929293307
4736	6224	1.77955883141673
6147	6207	1.7768404920105
4288	9055	1.77642171969652
100128731	28974	1.77249727960804
6136	6229	1.77242863034615
6161	6232	1.77192010827996
3992	55711	1.77142469018425
10855	54498	1.77081340189143
375791	8836	1.76984827132787
10576	204	1.76978285658361
83443	9551	1.76930759410069
2944	2946	1.76899410633437
2312	4014	1.76877248695144
4940	83666	1.76850143625934
55969	6523	1.76825896794204
6122	6232	1.76819509201777
11130	7083	1.76785747868208
26525	55686	1.76755951323689
51258	6742	1.7671962224329
6156	6224	1.76678193190741
6158	6217	1.76662460800592
4616	4783	1.76498349807779
4940	9111	1.764842854163
26154	5655	1.76400767728662
10923	28985	1.76387996600837
11202	56938	1.76384026618198
59286	6742	1.76383396476172
55969	57129	1.76348012324863
6132	6203	1.76289601240943
1890	8638	1.76266285194292
6175	6210	1.76203385164654
5683	5901	1.76189407006602
6713	7334	1.76170430704418
10398	253827	1.7615447800185
5901	9861	1.75988373547974
10539	56300	1.75950550406829
4939	83666	1.75930217851148
131583	56300	1.75853839124141
3853	3872	1.75802049124558
4599	54739	1.7558890683061
2760	6707	1.75548343561539
3892	85280	1.75546912197095
26525	8836	1.75427757455112
6523	79852	1.75362600173727
6156	6175	1.75319290133878
10979	4921	1.75292466202133
3429	9246	1.75184006642593
6136	6234	1.75115814929115
11151	915	1.75075482194373
3892	728224	1.75036462739741
283298	6586	1.74897841432338
26355	6921	1.74498946884683
57111	84518	1.74493916195236
1337	1349	1.74482423898712
10923	23480	1.74475370096137
51002	51699	1.74315322399473
517	6159	1.74247568250903
9133	9768	1.74204175339721
1879	7026	1.74203311013254
30968	4830	1.74093048891975
83755	83901	1.74080611244849
11164	292	1.74006161219699
100133941	51108	1.73878242222989
6136	6210	1.73849909820922
25994	515	1.73591165628006
10094	10952	1.73374309418317
55008	9636	1.73290086046317
4023	57678	1.73248205091173
23234	9768	1.73126490393492
6160	6201	1.73023413965384
344905	3861	1.73005548973481
27303	7035	1.7293002118319
57016	84191	1.72922622899565
51203	51514	1.72879183119694
23276	83850	1.72840280223688
5230	6921	1.72805127984126
10213	55686	1.72725925070657
1063	7153	1.72694794345367
81851	85290	1.72565865059822
253827	25959	1.72525391697411
5695	9978	1.72444462730364
6189	6232	1.72440518882632
5873	9111	1.72396389224514
26154	6523	1.72319832008889
10075	6175	1.72234548659179
5223	55969	1.72220136236221
10890	2773	1.72191868051861
3934	6947	1.72139395143683
3884	81851	1.72096003262528
728224	81851	1.71920577270638
10190	5683	1.71901730414349
11130	983	1.71809855904926
11167	1462	1.71661927568458
332	3832	1.7159571901292
51108	55969	1.71579140145559
3858	7178	1.71560158970881
121391	147183	1.71439207484276
25994	79852	1.71369861161298
57016	84817	1.71344788917057
113452	29108	1.7124615210078
1111	6241	1.71132120534811
11004	22974	1.71026973565603
3094	57402	1.70996109853775
120224	6523	1.70992988750218
10561	10964	1.70924889375085
5499	5702	1.70893857237296
6136	6157	1.70885780602655
6191	6224	1.70791029058515
401505	6921	1.70783456857917
10923	54205	1.70760376415263
10539	55287	1.70741144167622
5702	9526	1.70715862533775
6279	6317	1.70664336588335
3880	85415	1.70597334952593
10395	10979	1.70397001668292
11224	6137	1.70298446614156
1382	83886	1.70253497394373
6189	6228	1.70137665931648
11004	6790	1.70027674248989
3932	962	1.69767540432321
11130	64151	1.6976494155942
100133941	6283	1.69707466476212
10200	5266	1.69691778377898
241	963	1.69419285799036
153339	5683	1.69399699778557
10213	5275	1.69292720542356
10576	6632	1.69288836746653
515	5901	1.69260532929649
1879	6935	1.6909044944356
6280	6283	1.69033411814893
140739	8942	1.68949771245021
1382	3934	1.68897682437286
10351	91851	1.68889033655462
5223	5230	1.68829979614256
5756	5901	1.68750737151889
83666	9111	1.68717959249669
3832	4288	1.68663001263746
1650	5695	1.68322448681824
259266	55872	1.67979497877852
242	7051	1.67899710157714
5683	5687	1.67884795622159
2171	387695	1.67824522972084
112950	79852	1.67814659076851
83461	9133	1.6775960483252
83666	9246	1.67707291068113
6133	6144	1.67649966033057
1890	23589	1.67626530299
10467	5216	1.67621537220608
26521	29100	1.67606107413623
6132	6159	1.67600758422447
5691	6748	1.67525126917007
140576	29108	1.67498346295858
6280	83886	1.67443811371915
241	7805	1.67412866187018
6171	6175	1.6715879323633
6317	7162	1.67134808300998
10855	22996	1.67093952407153
6317	84648	1.67086391577719
4946	5702	1.6699929021274
30968	5694	1.66868518264076
5683	5756	1.66836921605627
83900	85280	1.6683553248626
25800	79852	1.66796785272686
56938	57016	1.66661801497733
112495	1983	1.66614011911898
51118	84817	1.66583998354026
5655	6523	1.66564896149951
27166	79153	1.66517582702746
10539	120224	1.66494926056546
83895	83901	1.6624502941955
10024	11004	1.66231802293796
9055	9133	1.66204498969109
3725	4783	1.66080286833023
5682	9861	1.66078486434695
5684	84233	1.65990385869668
204219	7051	1.65987699954085
79993	8766	1.65959442721846
53905	90527	1.65788255496542
3434	4599	1.65748181149668
25994	26525	1.6566495737898
29982	6523	1.65481065910187
3832	891	1.65389939218265
2171	6699	1.65351776170269
5266	64581	1.65325040296737
51514	83990	1.65310516192923
128488	84518	1.6518013902211
6139	6194	1.65081459864645
10539	25800	1.64897710627989
1292	2335	1.64726511471625
332	83461	1.64687950916155
10856	191	1.64681755824126
140739	7051	1.64603588619969
5052	6634	1.64370286803349
10923	6637	1.64335046904532
10574	4191	1.643177667933
5216	6748	1.64302300054112
6923	9551	1.6426422417323
1349	440574	1.6419741594205
10539	401505	1.64136652088457
10197	30968	1.6403646831234
1329	9556	1.63612152032514
29097	8766	1.63596408218445
9232	9768	1.63591663556754
4716	7353	1.63580150154888
1282	1284	1.63533212074395
5111	55872	1.63531117032769
112950	7334	1.63508989043001
3868	5275	1.63283419452616
375791	55686	1.63141146538375
2760	6283	1.63136466720515
11076	79844	1.63127926019713
51258	5684	1.63082880075246
11004	51203	1.63076094156795
5271	84518	1.63073784562844
10539	5756	1.63013202914993
27335	4191	1.62887992609225
3161	9133	1.62717633750423
7272	9232	1.62640684950214
155006	4241	1.62383467572085
26521	7353	1.62380251226156
4599	94240	1.62365196877125
4023	5502	1.62267890173839
84233	84817	1.62142996376264
7538	8553	1.62136723557705
7347	84817	1.6212387810587
10855	6523	1.62110896497168
25994	26994	1.62079266114964
25879	8872	1.62061424242982
54472	8775	1.61983397019045
4615	961	1.61911659768031
1894	891	1.61834224762271
11171	55969	1.61795893918019
337882	83895	1.6177975334853
54498	55969	1.61768986871497
23234	6241	1.61683733242189
1063	9133	1.61671229762421
4615	83666	1.61614097783083
5271	57111	1.61583311651695
3848	3858	1.61370373145794
29095	59286	1.61317241874959
375791	55287	1.61221875438586
375791	55	1.61198788609195
914	963	1.61151512083952
25994	56938	1.61003071033451
25994	6317	1.60977649844479
3416	79993	1.60973499046623
57111	6820	1.60908909659688
120224	5646	1.60892385451494
6934	83604	1.60874658241066
22974	9133	1.60770189053898
3858	6168	1.60492671637704
25994	55686	1.60424842720682
145483	8621	1.60406569386136
1117	6772	1.60373851500705
11004	890	1.60316120902032
5695	7353	1.60208518358259
10440	10923	1.60031990091208
6210	6232	1.59999986219151
10632	4946	1.59928157086208
4599	55337	1.59860671955636
140739	2760	1.59817639450165
26085	6523	1.59795233572041
55839	7083	1.59707364035666
26154	57822	1.59610457752093
4191	506	1.59596089750532
10476	1340	1.59529546918861
5694	7353	1.59386998609454
2760	79153	1.59265976642244
56938	8836	1.5926265346419
10923	140739	1.59218137142367
1349	84817	1.59152523315239
100132386	81871	1.59089139798716
3832	64151	1.59060371607898
10024	51203	1.58893642449409
11202	375791	1.58874194895451
27249	9861	1.58816403687253
10158	140739	1.58732706134075
3861	6175	1.58727183767998
23589	26085	1.58598928484229
11167	5066	1.58597540205565
51629	5216	1.58552191327255
30008	3339	1.58527728228684
25994	892	1.58344290262376
7168	800	1.58314531969451
11130	890	1.58309874464464
140739	83886	1.58185585515607
6122	6124	1.58051394306896
11164	112950	1.58016600871656
5901	9470	1.57922817929921
26355	292	1.57905540513544
1890	3665	1.57774650992208
26085	83886	1.57737586894261
4904	5702	1.57693147666678
1291	1292	1.57597750228369
83540	9055	1.57555464055302
6122	6136	1.57543350888921
283298	56944	1.57516157607467
1111	983	1.57429262795264
5275	55686	1.57409764668013
6155	6233	1.57292229670742
6135	6164	1.57203666391478
1937	6176	1.57175037044196
6207	6218	1.57108304712751
55969	85377	1.57086877568609
55969	84233	1.5699914232837
4904	5052	1.56960246410021
10084	6135	1.56806226497697
5691	7415	1.56791913580935
144110	23276	1.56592969462074
7388	84817	1.56550876646131
25994	84233	1.565269732682
5266	6947	1.56457435666906
10200	338324	1.56453057884884
7347	79852	1.56397938834812
401505	6632	1.56394097833295
64151	6790	1.56389302962204
27069	515	1.56302033530751
30968	5034	1.5621642411324
10398	171024	1.56070753823901
54739	55008	1.56031327049205
2192	7077	1.5602266810084
6141	6158	1.5591564251933
22996	56938	1.55565040016263
10189	5902	1.55502543332693
4638	72	1.5547502865243
1111	9768	1.55372762176401
4496	4501	1.55322373673806
25941	29108	1.55305101821034
55	9603	1.55169882335106
891	9928	1.5515795401983
112950	5901	1.55130855014076
3437	6772	1.55079895292571
4085	64151	1.55056086254473
10923	5690	1.55042158655447
26525	6523	1.54978532475974
3017	8334	1.54918916227028
84833	9377	1.54883928950741
55969	79887	1.54883222518826
64151	9768	1.54861088337708
475	84817	1.54854600608795
6637	6921	1.54845091365843
10632	29796	1.54751467212091
11004	4085	1.54743348898097
5304	9071	1.54714049036545
11202	29108	1.54660273175029
200933	84518	1.54615778275623
6132	6137	1.54565258980894
11164	27166	1.54463962494372
51258	5691	1.54443370591454
6218	6228	1.5433682406564
145483	90338	1.5416020228845
10539	26521	1.54126558850513
11171	54205	1.54102468343168
7416	8668	1.54073325306601
10890	26135	1.54014715896664
5157	6586	1.53711998669485
81851	85294	1.53703528486043
55969	84833	1.5366229587299
7272	83540	1.5364514607801
55969	57019	1.53641391083627
25994	57016	1.53584215852826
10158	5655	1.53531694375654
100133941	3854	1.53419913261181
23657	79887	1.53383669540919
6422	85415	1.53366646559287
4288	6790	1.53319209429316
113452	5646	1.53288040163751
10200	57016	1.53237939362772
27166	55611	1.53205400867826
81851	85280	1.5316587217737
5690	57016	1.53100872722875
23480	6921	1.53007060884433
4939	91543	1.52881743108513
30968	8775	1.52878204774583
11140	5709	1.52864188356268
3991	4023	1.52855654593669
51251	55	1.52775780899348
1462	2200	1.52610960730503
4599	54809	1.52542722782735
196374	51806	1.52522652457188
1175	2023	1.52341428748082
140739	9377	1.52252583553319
204	6632	1.52058161085778
57016	6280	1.52029293470371
2533	3937	1.51955890324752
7272	9055	1.51804990218129
6144	6189	1.51780493447239
2171	5901	1.51778737799684
64333	963	1.51733037194444
6207	6228	1.51728431620966
3692	51253	1.51666942910034
55	56300	1.51636040938666
30011	344905	1.51528212138011
7867	79887	1.51483114953755
10952	5691	1.51405598947451
55771	90338	1.51391541297186
259266	3832	1.51353512906995
11167	151887	1.5129370093056
91543	9636	1.51173017191809
8287	8653	1.51166656235652
338324	79887	1.51138999085966
4615	6772	1.51094962543769
1992	3566	1.5108866877119
1382	2760	1.51071760167587
29095	84817	1.51002807395237
25800	9949	1.50979903931047
2335	6678	1.50979034155345
2171	57129	1.50897127096343
2312	26239	1.50884560246643
6152	6194	1.50845560537041
81870	83896	1.50838564489844
54443	55635	1.50760713509316
54205	57016	1.5058630730034
3868	84817	1.50511996136974
26355	56938	1.50437754728474
10632	26521	1.50392424161392
509	9861	1.50303314417784
55287	57111	1.50192284511396
3934	6317	1.50176013115112
6129	6207	1.50173798062409
1340	27335	1.50171455062346
27166	5721	1.50134740326377
10197	3692	1.50051863465886
7145	91404	1.49939990816802
4666	6206	1.49929412617779
6133	6228	1.49752427452152
1513	4313	1.49656944526299
10632	440574	1.49575081192884
55512	84518	1.4948233720701
112495	55803	1.49445021678335
100133941	3934	1.49420208996984
10200	55969	1.49409139815073
1382	6283	1.49375265016856
4208	9839	1.49370152830536
5694	5714	1.49357714781285
10539	27069	1.49215125649311
55686	8766	1.49173222464134
1915	6209	1.49063762844305
26085	7051	1.48952678243101
84817	9556	1.48915578689951
4921	91404	1.48863638459332
10200	6317	1.48856144577868
4736	6170	1.48717085574969
51142	7386	1.48646967665331
10158	10855	1.48508151508206
64151	9232	1.4849862329871
10346	4939	1.48473951630171
282991	9635	1.48447394624723
200933	84648	1.48439857588844
1476	5686	1.48430517773669
11316	5216	1.4837826445785
387695	6699	1.48360131717495
51264	9978	1.48280465733698
5332	55450	1.48258199789336
3884	85280	1.48207738351389
10539	5718	1.48075715279998
100132476	83900	1.48056876125148
140739	26525	1.48052346722238
3884	85290	1.47850304334426
5695	6634	1.47808336329216
170960	90338	1.47725558334339
57111	8836	1.47619679383303
140739	8638	1.47349584395913
10979	8639	1.47339471630192
204	84233	1.47305323430484
27166	3163	1.47162434747428
54205	55379	1.47082875395632
9133	9212	1.47031255292967
5052	51264	1.46983941806609
1033	891	1.4697576607655
78990	79153	1.46952309166392
3566	6464	1.46936517186665
11202	120224	1.46840879231171
22974	4288	1.46661114073018
387695	8836	1.46583711284095
4494	645745	1.46566350202329
140606	967	1.46477892934658
25994	55	1.46475120712197
10190	10213	1.4635526930536
5111	983	1.46342077154367
6156	7178	1.4630753285619
292	57129	1.4620911016753
5439	5695	1.46170026518677
4939	94240	1.46112132035523
51258	9470	1.46031934605748
204219	57822	1.46002231425518
26525	6707	1.45996388914078
10024	55872	1.45579496677056
4131	7049	1.45535704071839
5683	84817	1.4550310803356
3868	83886	1.4547000930291
10197	112950	1.45414547094566
4629	7169	1.45280619122116
3853	6280	1.45197685810401
6124	6136	1.45195080498946
100133941	3868	1.44984642731192
5693	5694	1.44978377583028
11164	3015	1.44925128197928
81892	9556	1.44894740749259
4023	8639	1.4486151355966
10476	4710	1.44757513298528
129607	4939	1.44736141427057
57129	84817	1.44720475574434
5143	90338	1.4467341852196
195814	2773	1.44608016282703
4171	4174	1.44604143838712
128488	375791	1.44558837995756
3692	54472	1.44540527054212
51629	5499	1.44509824964159
253827	5239	1.44401450833189
11004	11065	1.43998124395271
2706	3854	1.43908203370937
5066	9353	1.43856253341314
1289	1291	1.43847416311128
387695	84518	1.43818100748755
81851	83755	1.43689650464867
522	7388	1.43664018245943
25879	5756	1.43579683796968
26355	55686	1.43547457682656
10632	5695	1.43524390833031
140576	7739	1.43507035467441
1329	26521	1.43505312817332
120224	57822	1.43380648769971
4629	59	1.43294340066226
440574	64979	1.43279207203639
100133941	25994	1.43251870486729
100133941	10855	1.43174388629002
1537	5690	1.43103681849326
10158	3692	1.43060061953216
2568	4250	1.42965785937823
120224	8601	1.42936871503936
5686	9861	1.42932955172675
6790	9133	1.42776528776284
440574	84233	1.42735484822658
100132386	100132476	1.42664659169822
259266	7272	1.42564988012521
4241	85415	1.42547119722434
196374	57152	1.42497330997411
200916	81873	1.42452329832799
121391	7062	1.42435796282709
57822	79852	1.42200494766497
2760	6523	1.42189979653012
83896	83897	1.42177132440042
26355	5687	1.42175616173565
5467	56938	1.42111221739277
6921	8894	1.42057624997994
100132476	81850	1.42039866445708
1347	84833	1.41974016064883
4131	6934	1.41962296038737
55686	6317	1.41833332987219
5646	6199	1.41825631916517
51253	5714	1.41730676844041
4736	6129	1.41641843236274
10539	25879	1.41514939815933
81871	83901	1.41510888685653
1933	6201	1.41435022799674
113452	84817	1.41332472088324
1601	219654	1.41314341358834
23589	3934	1.41310348611576
2760	79852	1.41307540065772
25994	5686	1.41233299736748
140809	55969	1.41221925329089
56938	6317	1.41212904754143
6317	64581	1.41132288983415
10346	54809	1.41031793283127
55686	79852	1.41027936673634
1349	7388	1.41017134157175
383	84518	1.41012973109712
10923	171546	1.40970223522624
253827	79974	1.4091757792094
29095	84313	1.40900655222443
4288	991	1.40899174408209
11202	5603	1.40836764068455
51142	9556	1.40785730088466
10024	83540	1.40730686363203
5143	57486	1.40692992005963
10923	1349	1.4068305169376
11171	25994	1.40607813414238
64135	9246	1.40579691611678
56300	5861	1.40504526438674
55872	9787	1.40381813090397
120224	7347	1.40329059283434
11164	85377	1.40301407658665
23589	8638	1.40290275431993
6586	8076	1.40176901247923
5702	9978	1.4014871756084
10845	55276	1.40117744333208
10398	4638	1.40070131088292
10923	2760	1.40058006594543
6146	6229	1.39960391048474
10890	204219	1.39702658955958
6189	6210	1.39684552824629
57129	9768	1.39682360127933
26154	56300	1.39612805406142
6135	6141	1.39537953661091
23521	6193	1.39520260362668
1058	6790	1.39460649115424
292	84833	1.39259524820071
26154	8766	1.39156614401297
56300	5901	1.39104540417739
23389	4297	1.39050849668069
10561	4599	1.39046110351367
7153	9928	1.39008815209974
4940	8638	1.38995897128208
4288	9212	1.38965456473578
23276	84518	1.38747547470319
6772	83886	1.38728191918498
1937	4736	1.38724641276395
140739	23589	1.38687572252332
3868	55969	1.38650654643465
3437	4599	1.38581874918241
85415	9071	1.38520213331741
10855	23120	1.3851121092933
914	962	1.38466563771994
10516	1634	1.38427042941549
1175	7415	1.38364973285793
10855	242	1.38339177396313
9133	9833	1.38307505835804
51142	5694	1.38302224076337
6137	6193	1.38166062176153
3832	6241	1.38130157972623
10561	54739	1.37970722583049
1264	6876	1.37967042075873
10539	6317	1.37925767985714
55969	58472	1.37836249157112
6136	6218	1.37819937275397
8836	9861	1.37773218481784
1890	4599	1.37680923226575
112950	622	1.37667246497169
9232	9787	1.37590391175785
4940	64135	1.37573654672026
56938	6523	1.37541257293581
26521	27166	1.37494333851258
29100	5694	1.37476334442081
26085	5655	1.37468636683087
22948	51118	1.37463545138186
1337	7388	1.37405640739717
51002	5695	1.37358999431696
1117	338324	1.37194023737839
10213	120224	1.37120676733374
3034	8601	1.37112307321547
10952	292	1.37099332400761
1890	55008	1.36923830257315
83666	8638	1.36892136406288
10730	51534	1.36816610055389
4015	56944	1.36813691985014
6175	6218	1.36805604964797
26521	29108	1.36774870021945
4250	92737	1.36769755065257
57111	622	1.36671167108054
4072	55450	1.36638061646159
9071	92737	1.36540841952199
5275	57016	1.36540078653855
10964	91543	1.36486672531227
1915	6187	1.36457727943633
4938	4939	1.36403678942615
10075	3858	1.36384697957857
10855	8638	1.36375119201257
3164	4929	1.36233462720477
10213	5707	1.36170755682182
11187	3692	1.3602566598934
10398	4629	1.3600192669768
10158	27166	1.35903785907377
7053	7867	1.35840193351622
3889	58530	1.35647644959194
64151	9212	1.35574077690656
84518	8836	1.35490979077607
83401	9415	1.35330227689634
10105	3163	1.35321466577521
23521	6187	1.35149761852209
112495	3838	1.35125418921262
10632	59286	1.3508455459443
28956	5441	1.35039558639383
375791	66004	1.35017177208159
55344	7867	1.34968653947081
387695	5646	1.34907351958101
3015	51258	1.34835544497095
475	51258	1.34829783663231
6161	6170	1.34790150935756
7153	83540	1.34679638514449
7153	983	1.34370994942811
1475	8836	1.34330116120748
4288	9768	1.34297013943386
204	84817	1.34250172348266
5646	5700	1.34138558015035
338324	83666	1.34064112923667
112495	84817	1.34041676827425
25994	51108	1.33918325522791
701	83461	1.33908644221878
284119	2934	1.33845925206418
6170	7178	1.33840671340618
4299	56987	1.3381147260277
5686	5690	1.33782586222714
29108	51258	1.33723085677893
113452	5694	1.33711587793845
112495	57129	1.33657028462091
25879	908	1.33625778342935
6827	9616	1.33542359508935
6130	6193	1.33525897494047
5350	59	1.33426117296559
3853	6317	1.33367295967213
11130	9319	1.33294924318767
3692	5694	1.33285729578788
242	26154	1.33170149085704
5687	892	1.33062316551256
5683	57129	1.33059357091829
6136	6139	1.33029987571871
6159	7311	1.33025807801622
3991	63924	1.32893154234355
10804	3854	1.32836260639123
10923	57129	1.32821761567279
28998	5683	1.32800092243037
25879	401505	1.32787125165119
1063	64151	1.32776216432347
4085	55215	1.32718622850537
55	9861	1.32695844935737
5121	72	1.32694249750859
7051	79153	1.32687737961322
1175	1382	1.32677463500083
6170	6228	1.32465564531241
100129792	5143	1.32462202839226
55651	84833	1.32317173095735
112950	3692	1.32310344435536
337880	3889	1.32098259130679
6139	6160	1.32072791579596
1278	5118	1.32026855773818
25994	387695	1.32020512782003
219972	64231	1.31941581309641
10979	1879	1.31781590509481
338324	3868	1.31762633335515
25824	5216	1.31702578492534
55276	57822	1.31676319612685
5684	5700	1.31586942891681
4946	58485	1.31425614019307
27250	9073	1.31344298651703
79153	8601	1.31292025954881
56938	6707	1.31160417187344
10346	3437	1.31152098650247
27095	8775	1.31117727057368
10855	84648	1.3109452918393
3015	6632	1.30846049677
26154	375791	1.30830386682603
5230	9861	1.3079187764247
6707	8942	1.30760132596437
5683	5685	1.30731635070399
7153	9212	1.30725015527626
26521	6742	1.30703178107567
3881	3883	1.3068836149746
59	91624	1.30656570303564
6947	83886	1.30563029528502
146909	701	1.30551711244507
10890	23682	1.30527683605569
79887	8836	1.30500707507563
11222	5718	1.30499915874198
25843	9861	1.3042342915973
3553	3576	1.30331051608559
147183	85293	1.30288531728129
55686	55969	1.30188979546996
51371	84833	1.30153568901382
9319	9833	1.3013091707744
1476	5690	1.30118187398247
3892	83901	1.30103715310388
5646	7347	1.30097468943448
9055	983	1.30039040469722
64979	84817	1.29906385825645
23594	55215	1.29813508386748
84650	84661	1.29744772304951
171546	8942	1.29741438633872
338324	56938	1.29634850008873
29088	84518	1.29605780176014
113452	387695	1.29600842369102
4014	55531	1.29473779259587
112950	55969	1.29447817802357
2207	7305	1.29433443813034
387695	6707	1.29347581259347
6191	6204	1.29330950238631
23234	9833	1.29262799506679
1340	51258	1.29247913851593
6206	6218	1.29156270000653
5646	84648	1.29145039084912
81850	85294	1.29104263072728
6161	6176	1.2910231796688
146909	51203	1.2907159624869
2512	967	1.28968941957707
6175	6207	1.28874982536194
292	3015	1.28830943395974
1382	55969	1.28685287486741
10200	56938	1.28597694435725
1650	51258	1.28579670526059
10197	8775	1.28566132460865
4716	51258	1.2850422150156
4830	84817	1.28502180615622
113452	5700	1.28496059375811
10105	56300	1.28493350671012
8287	9086	1.28389226770393
11164	2760	1.28321727517079
25802	5350	1.28304118799547
26521	51021	1.28258701364795
1350	84833	1.28199984986375
10539	56938	1.28196074892709
890	9928	1.28174062235506
10923	55651	1.281560192858
150678	84833	1.27993995882775
79852	79993	1.27942430402852
10200	2706	1.27809995587463
10923	9861	1.27783334453212
375791	56938	1.27697625920371
140739	3665	1.27555925341625
5603	6199	1.27504935191697
2200	5066	1.27412215733797
56938	7347	1.2740775004316
28998	7334	1.27360956876367
55686	7347	1.27330245744852
6155	6161	1.27319325293189
337880	83895	1.27309182927034
55	84518	1.27284740783508
9232	9833	1.27159730688355
4666	6201	1.27129497795407
64151	9787	1.27040770006535
84817	84833	1.26959287601385
6210	6222	1.26936068198493
4715	6923	1.26882868195037
4599	4940	1.26831952147029
6210	6228	1.26823704121502
338324	79153	1.26762487743526
338324	4615	1.26726083840304
1673	5275	1.26721021034693
55287	56938	1.26714783544305
6122	6206	1.26677251348623
5266	5467	1.26632795674324
11167	3910	1.26577369817327
1937	6129	1.26551476744609
10539	4085	1.26512297871703
1509	5216	1.26488621863908
3838	9768	1.26487476898306
2171	26355	1.26468562363407
5880	963	1.26427823426741
55017	64979	1.26401529029559
6137	6208	1.26137771366425
7051	79887	1.26060107754216
10923	5683	1.26032719005232
6124	6130	1.25988723252662
375791	84648	1.25965012955175
171024	7169	1.25943834399307
144110	7051	1.25912704071569
890	9319	1.2587608789889
332	9232	1.258643348146
26085	6283	1.25851234311864
6146	6233	1.25774453188195
10084	3326	1.25773420637319
6168	6175	1.25767041228522
1329	7388	1.25750858832552
7347	84648	1.25744587078983
27166	9470	1.25622928610168
11164	25800	1.25598078720319
131583	55969	1.2557101981843
25994	84518	1.25556898174185
1452	5901	1.25484558385045
30968	54472	1.25431284817914
55	56938	1.25418235451802
54498	78990	1.2537900571787
10539	11164	1.25340240223542
1879	4208	1.25318548782605
3059	7805	1.25197910354614
25957	51747	1.25175812651306
10626	7334	1.25160591077515
4495	4502	1.25152570975466
259266	332	1.25129240893601
728224	83901	1.25097317627296
120224	25800	1.24878038152265
112495	84233	1.24877085274755
11140	9040	1.24871049564288
6157	6222	1.24865837281587
728224	85280	1.24820754010072
25800	55	1.24791126688254
64960	7388	1.24750289855219
120224	79153	1.24743469087846
55969	79852	1.24709241580377
11258	27243	1.24700931136003
55969	57103	1.24699939342074
83896	83900	1.24692520274288
6273	6279	1.24565982341194
81850	85291	1.24481369958841
891	9212	1.24422279612029
2207	64231	1.24356993769954
25879	5718	1.24313784143194
11187	7353	1.24288964661207
5901	6637	1.24210455994987
10094	27166	1.24205793548809
1033	3015	1.24183910259914
29097	56945	1.24162764997701
467	7538	1.24132710038357
1043	3936	1.24073349660097
10075	344905	1.24061956184773
26355	7347	1.24028331743381
10200	55276	1.24025191227168
6176	6189	1.24022712547061
10476	9551	1.2396789698001
5143	5228	1.23923985211874
23521	6141	1.2391607586798
6158	6193	1.23794903604793
4666	6217	1.23705006003252
126410	23276	1.23673377264207
3692	83443	1.23632237244953
29108	57129	1.23623173144573
475	5700	1.23605704004315
144110	79887	1.23531461966174
3892	85291	1.23411900934835
11202	26525	1.23391056298751
11164	5689	1.23354510609546
440574	9556	1.2335169843303
5216	9040	1.23332104859981
1890	8942	1.23311857177039
10320	2533	1.23300110212606
55969	6280	1.23284756487203
23658	3094	1.23279432669737
383	83850	1.23244847378049
51264	5499	1.23214351556977
10891	6926	1.23144601509609
29108	7867	1.23132202603732
292	9861	1.2308060823967
2819	729359	1.23043616417216
55686	5655	1.22972437981533
171024	5350	1.22972374941597
51108	57129	1.22924001256725
55635	55872	1.22880432037177
11130	23594	1.22780988132489
25994	7051	1.22723168984848
64151	7298	1.22615317559817
55651	84817	1.22607053146991
6187	6204	1.22498657681962
129607	55008	1.22493601072085
3885	83896	1.22432990616648
1977	4084	1.22395102871436
1736	26354	1.2214784037499
1382	338324	1.22117101198753
7053	79887	1.2211125695257
23657	5901	1.2210799642783
11015	1289	1.22033725924101
51251	56300	1.22025652444011
5034	5714	1.22014520964306
4085	57129	1.21927495959581
10158	3429	1.2192271108153
5499	5709	1.21883910951932
6124	6204	1.21858677882421
3015	983	1.21852368533399
10197	204	1.21833914690232
4171	6241	1.21798231602003
3991	9370	1.21742389317991
120224	387695	1.21728840434507
10979	91404	1.21613364011147
3416	5271	1.21501102715426
1175	55969	1.21463148141861
10197	54472	1.21371629565779
5275	9768	1.21207946969192
728224	85291	1.21151795290484
27069	5861	1.21108964605156
23236	5332	1.21045294785313
3163	7415	1.21037251843085
4946	6748	1.20928327570075
23589	83666	1.20902576449175
2769	30001	1.2086627799736
9133	9928	1.20845291390689
4638	7169	1.20836183839954
11164	2171	1.20806159417867
1327	1340	1.20697920493071
5687	57129	1.20675177059571
112950	26525	1.20661571158936
29097	9861	1.20619238887655
6283	79153	1.20501026030777
112950	55287	1.20412162875091
55215	55872	1.20376912859553
23521	6124	1.20362165664269
11130	3832	1.20313755493402
10213	85377	1.20286103265529
29089	3015	1.20269027217717
25994	8836	1.20219472390549
25879	6632	1.20184181876726
1809	25959	1.20171412427443
5052	8407	1.20086364074025
204	5683	1.20062626545579
6130	6187	1.20058110206178
387695	56938	1.20046995527284
55651	57129	1.20020044559531
6136	6152	1.20002678732321
401505	7334	1.19941716382093
338785	55711	1.19935530214091
81851	81871	1.19930752527502
6876	7169	1.19900342852224
83666	961	1.19871908417053
113452	475	1.1986837634119
3934	8942	1.19760621125448
4023	5346	1.19754751138763
131583	7051	1.19637467259955
1509	9114	1.19608960010212
5271	79852	1.1950479679661
100128731	5216	1.19502874184742
1476	27089	1.1944969879651
259266	9055	1.19442613422783
30968	5702	1.19388402565455
59286	6634	1.19387197693607
6146	6157	1.19381515976881
5683	9861	1.19366924179752
6241	9134	1.19333418783093
10892	5868	1.19244713375269
9319	9768	1.19225843511287
112495	8195	1.19200752882279
11222	25879	1.19138672128629
11130	4288	1.19009926503547
6130	6204	1.19001819933697
3015	84817	1.19001690839101
23589	5266	1.18921094940598
23682	55686	1.18774956156138
10923	338324	1.18771791048321
10855	8601	1.18761332302272
5499	5714	1.18710702896422
574414	7062	1.18660741235453
2706	6283	1.18620749593104
10580	4131	1.18577468823634
4830	5694	1.18559572934317
120224	140739	1.1855248981329
4736	6176	1.18546696054017
10890	8669	1.18536946925611
282991	515	1.18527809070896
26521	7347	1.18491781402615
10158	708	1.18409102068284
26085	55969	1.18354080727105
1340	26521	1.18352091795787
26085	26154	1.18313496406581
3884	728224	1.18312477597542
6124	6143	1.18282336073924
10200	10855	1.18251235344846
120224	338324	1.18195674113834
7347	78990	1.18157775429938
2171	7347	1.18100313669062
5275	5655	1.18090149185975
27095	7332	1.18080610135295
1117	6774	1.1807372353968
23589	57016	1.17991702573035
2200	5396	1.17966979163143
64151	7083	1.17949245996702
11004	9787	1.17948897051733
1915	30011	1.17941779282321
56300	7334	1.17677066893401
10200	10923	1.17597043772687
387695	84817	1.17533307968773
332	983	1.1753282256212
55686	57129	1.17506550585751
440574	6921	1.1739451930288
7805	963	1.17388933489212
100133941	6707	1.17349146822724
200933	79887	1.17231969485459
6175	6191	1.17221419379478
6209	6234	1.17197600454305
5467	55969	1.17196439675543
11187	84283	1.17157299602976
5686	64979	1.17131233425514
120224	6699	1.17065118321968
165324	81856	1.17038944630955
5350	7169	1.16996351196272
5682	8894	1.1692343704611
10205	9775	1.16910408664213
11164	140576	1.16894223077262
475	83443	1.16813897226178
3838	57016	1.16810633497621
4250	9071	1.16800215449971
10647	2568	1.16666579067067
4907	5396	1.16638145856542
6191	6222	1.1660905345678
29095	4716	1.16525295316561
23234	5427	1.16501310364699
10539	5275	1.16450287514026
5603	7053	1.16447717124069
284	4921	1.16439060973768
10379	3429	1.16400831915298
253827	800	1.16294468337408
140576	26521	1.16275840002199
10190	54951	1.16264515886423
11202	6199	1.16183381657563
140576	27076	1.1616877706579
337880	81851	1.16147715435777
5111	891	1.1611240289609
22948	6632	1.16087306428137
29097	6921	1.16078861275705
10855	3934	1.15977269824788
1933	6139	1.15873516056816
25994	26355	1.15764174538684
116159	8404	1.15715623360632
1349	51121	1.15645893538868
10979	9590	1.15634196094685
338324	5721	1.1557853079285
4736	6204	1.15570205884752
3434	55008	1.15552876309698
1026	3726	1.15493234186721
1879	9839	1.15459990647666
10158	55287	1.15429209013169
120224	79993	1.15381759604501
27258	51639	1.15353503562633
83755	85294	1.15256903705994
10855	55287	1.15223379540853
5603	5646	1.15216875263113
27089	27166	1.15134663139472
25994	54205	1.15127925331752
120224	292	1.1510934017103
57129	84298	1.15085960576115
1902	6935	1.1501571286895
5266	56938	1.15001478513555
10539	26154	1.14956000915629
51118	55651	1.14954171584357
58472	6772	1.14833275492029
11130	4171	1.14776746252199
10011	1175	1.14737419113368
11224	6217	1.14526623933368
196264	79993	1.14513525632129
56938	83886	1.14448166931494
401505	6637	1.14431946362511
25994	8601	1.14426360603449
1902	27303	1.14380426137731
51108	9603	1.14272618297963
10476	26521	1.14253035858107
1462	5396	1.14250940561692
5111	7027	1.14188492361381
171024	6876	1.14183263673157
6723	7866	1.14101559048667
25994	338324	1.14100853526668
26525	55287	1.14078647491102
338324	8638	1.14052105529391
129607	83666	1.14035526990719
10952	84817	1.13989802743642
11164	9861	1.13880254054052
10094	57129	1.13863212244892
5603	5700	1.13859950101644
26355	5683	1.13801959595645
6586	7148	1.13780776006054
56938	84518	1.13777830029452
11130	9837	1.13745765535131
11079	7867	1.13717915050371
3725	4616	1.13714307620197
103	64761	1.13712215370013
3952	9370	1.13688834587387
146909	3832	1.13684387568591
11164	84817	1.13576233832356
26521	5684	1.13455385219194
10632	4710	1.13451214267989
6241	9133	1.13434009612672
339487	51258	1.13414210793959
4085	9133	1.1341325356259
221091	7077	1.13374335558488
25994	5683	1.13373766076806
5603	57111	1.13337653143576
1175	4191	1.13288873564356
1601	165	1.13277586061716
25800	5901	1.13276131513163
890	9232	1.13214518633335
375791	54498	1.13203010072086
204	6390	1.13190722414607
83540	9787	1.13150196634079
1062	259266	1.13124243982996
6707	6772	1.13121875956635
55686	84648	1.13105312332624
10856	3654	1.13083353700644
204	515	1.13071102915143
79993	8836	1.13063809965689
81870	83755	1.13038753469612
2237	29089	1.13038541706202
10084	9785	1.13000979884034
6144	6156	1.12907744065316
55827	6168	1.12884911396632
10539	7051	1.12853098025731
5691	5695	1.12770506742654
27249	57129	1.12638396882436
10974	7145	1.12611075308625
10923	1977	1.12590270710036
5034	51253	1.12513692363278
1111	55872	1.12488999460327
26525	5655	1.12440569343137
56938	8601	1.1231229902891
10084	5709	1.12298659787954
6707	6947	1.12292746121674
6144	6224	1.12200821006696
23276	55512	1.12195730998007
100133941	338324	1.12193670587373
55	79887	1.12165179382286
81871	85280	1.12082756856273
29100	51258	1.12012654763064
3416	83850	1.11927018749987
55379	9689	1.11923646518725
4629	6876	1.11898094366242
5683	6921	1.11821266949778
387695	8601	1.11807681215955
79974	91851	1.11697739675188
25802	94274	1.1162767584327
55276	81873	1.11613394938316
1209	64978	1.11609111391895
26355	5901	1.11578669650298
29108	387695	1.1144523695755
6130	6217	1.11432626270647
3587	963	1.11421151478615
64764	83439	1.11383530792925
26355	5230	1.11375261561795
26521	57402	1.1132130125773
1673	56300	1.11293976658108
10190	57129	1.11277848968429
55742	91404	1.11267672746154
55686	56300	1.11166021919787
4297	7716	1.11027507246587
81850	83897	1.11018524813242
5275	7347	1.10994703251505
55505	83443	1.10974950346688
10923	84817	1.1090565478611
375791	7867	1.10826872929895
10075	6156	1.10825461728403
10632	27095	1.10743175870302
27166	56938	1.10695540834452
155006	6422	1.10632365242882
3934	6280	1.1052489896323
27249	79852	1.10516286961227
51203	9232	1.10465514875886
56300	9861	1.10394568721121
57016	5756	1.10377233254271
57822	7051	1.10372053389944
25800	55651	1.10350482216422
4736	6155	1.10329948426829
26525	79993	1.1032675797728
10051	983	1.10274434797929
253827	6876	1.10271314744934
9111	9246	1.10235702855735
128488	8601	1.10234470642004
6160	6223	1.10197439583063
1890	4939	1.10187051632738
6222	6224	1.10151116666978
11130	9055	1.1008465691575
11202	5650	1.10059190985135
1175	5708	1.10021820031878
55276	79852	1.10019695091172
339487	9470	1.10010411333225
10190	5686	1.10008794367885
10158	25994	1.0998277385338
3692	5499	1.09971276369695
26960	57522	1.09970881618932
10855	200933	1.09965376950966
3070	51514	1.09936867938808
6707	8601	1.09902932833496
27069	5683	1.09893297129016
5880	914	1.09859421572999
55008	94240	1.09769772521249
5111	55055	1.09726804056794
242	79993	1.09653712406308
112950	22948	1.0963312996551
3868	6317	1.09614576400782
3015	9768	1.09559929736254
4297	7707	1.09555424487713
10190	5877	1.09545021789967
26225	5650	1.09468339232484
6192	8287	1.0943642124402
728224	84616	1.09362406910036
51514	55872	1.09339973740991
27166	7051	1.09280573783637
915	963	1.09230712099079
440574	522	1.09222922798214
10190	7347	1.09204570758837
66004	79887	1.09183651069746
100133941	11254	1.09168123319538
1382	29760	1.09132121613892
242	5271	1.09120633726221
4629	72	1.09050985410654
56944	8076	1.08891316679524
5690	5721	1.08884471507621
10398	94274	1.08860599480196
3932	914	1.08796241730573
84191	84233	1.08752775827984
1329	27335	1.08637431237334
5111	890	1.08624158164724
83540	891	1.08620725946887
10923	1476	1.08543019573891
83901	85293	1.08498261863625
3161	983	1.08398341233872
1337	1340	1.08293239704991
4615	57016	1.08279063128615
253827	7145	1.08271711705777
3028	5700	1.08246636921125
4694	4707	1.08084050422681
57129	9377	1.0797147697183
1601	710	1.07952273126604
64151	9928	1.079403810861
5718	5756	1.0792186957082
10158	112950	1.07894981917946
3728	7739	1.07797156412537
1340	4715	1.07768457177466
25994	6699	1.07696010304461
10539	204219	1.07680463226403
10855	9603	1.07667908149083
283298	5157	1.07646514519769
7272	983	1.07643338105787
1937	6234	1.07637539372126
10205	10923	1.07611151524973
27166	5700	1.07564905507795
259266	701	1.07563088644757
51264	5705	1.07561925695298
219654	4921	1.07550623079802
112950	292	1.07523681568898
22996	55969	1.07373140146211
10094	84817	1.07364465124504
26085	26525	1.07330544238864
7347	84233	1.07300022813973
2706	6280	1.07283923778933
1842	5157	1.07274694199037
10855	144110	1.07269959716979
55611	7867	1.07249061282404
30001	4860	1.07241746034018
100129792	57486	1.07214007662175
57129	5861	1.07207625721793
10105	144110	1.07169032191057
29097	51228	1.07139154829657
11339	55872	1.07118362300104
4666	6130	1.07083414970026
29927	5434	1.07058213987528
2534	6935	1.0705623855144
5066	5157	1.07023967144636
22974	891	1.06945034113543
112950	29088	1.06926125433418
55055	7027	1.06859891097156
1879	219654	1.06844199267474
1382	5275	1.06836468453319
713	714	1.06818129055757
1973	7371	1.06808455490358
131583	639	1.06755753411763
10855	8942	1.06722297071232
29088	57111	1.0666591235827
3885	81851	1.06655296786085
55669	7027	1.0661865379118
387695	85377	1.06598186087109
6165	6194	1.06596634864313
6387	6586	1.06566170547084
83540	9928	1.0655397927569
28998	58505	1.06521652079054
27335	54998	1.06488435502037
9133	991	1.06443845764609
27166	84648	1.06391227114491
27166	85377	1.06384825010128
362	6558	1.06332858637852
344905	7178	1.06255964020523
128488	3416	1.06147717912267
10205	30001	1.06136173866624
10516	4256	1.06126894319583
56300	5655	1.06112084760275
1933	6223	1.06093764179921
338324	5467	1.06057538457316
55	55969	1.06044007421757
100133941	3853	1.06035394702848
5266	84648	1.0601494715102
3308	9775	1.05991634070398
140739	338324	1.05980331494298
5646	79852	1.05924359470697
1277	1289	1.05915820902243
26355	79852	1.05892290428003
3880	9071	1.05878656960757
29095	5683	1.05878444362107
23589	4939	1.05866348367061
10197	5694	1.05824417636343
10539	3015	1.05781265940587
259266	890	1.05770939730075
100132476	83755	1.05726529185744
4716	58485	1.05723074885586
120224	57129	1.05722209166971
10430	5714	1.05720929665593
171546	54205	1.05693649552178
4615	6283	1.05693280107732
81873	8766	1.05679481996401
26085	79852	1.05573193625879
55553	55691	1.05554292644677
4830	51258	1.05541162272254
3832	7153	1.05524515993043
51258	5901	1.05485588948144
3028	475	1.05469510943935
5427	7027	1.05462427111222
10576	7334	1.05420312743505
8942	961	1.05337256736259
55276	9861	1.05322737084015
140739	56300	1.05309015291284
55	78990	1.05304831295519
112950	84518	1.05299467612501
23506	4299	1.05283103701726
3161	701	1.05250636091477
83897	85280	1.05226995580509
3308	401505	1.0521904105323
25843	51012	1.05188213468222
55	55276	1.05157481120462
11240	6422	1.05139828025156
140739	58472	1.05127691119935
30968	51253	1.05116355873737
80149	9517	1.05103567154697
55	6707	1.05081252068763
10542	6921	1.05054618260314
1329	5691	1.05054381620688
10213	78990	1.05049740436004
5502	5950	1.05012724042383
6150	7311	1.04845342335544
11130	55839	1.04837485040979
200933	5646	1.04831623509087
1340	9556	1.04816027913149
6139	9045	1.04798461306973
3163	84313	1.04749999355439
11004	9055	1.04720647549604
10580	83604	1.04714122901855
6139	6167	1.04669297608086
55686	5877	1.04638646885561
338324	84648	1.04624720462872
242	56300	1.04593632797826
5223	7167	1.04549281846124
9134	9768	1.04497676337224
10855	5467	1.04473529256953
4615	9997	1.04455136135475
79887	83886	1.0439922070893
11202	3034	1.04302646738727
28956	83443	1.04265531510143
3858	6147	1.04255670876694
54809	83666	1.04254129104749
3838	5111	1.04165641718941
83461	890	1.04107266393789
6748	9978	1.04042063929325
6206	6234	1.03901239232984
1890	83666	1.03837497476861
3161	9928	1.03826017096516
387695	79153	1.03755731422012
1382	23589	1.0374779974742
29927	439	1.03672376344271
287	7148	1.03666458275746
11202	1475	1.03604066290548
84233	84833	1.0359800434153
5901	64979	1.03486898120081
29927	5709	1.03474820456223
259266	983	1.03456426764828
5223	5690	1.03379265818198
6176	6224	1.03332890725181
7051	84648	1.033279164967
51371	84233	1.03322873951944
1131	1836	1.03272927676948
6161	6168	1.03261218438614
558	7077	1.03171701513042
5905	8775	1.03162512406378
11187	113452	1.03087829780548
126328	4708	1.03077698291975
204219	23682	1.03075537124506
4085	55839	1.0298992519922
25800	2760	1.0295980582837
150684	28956	1.02929238660983
26521	440574	1.02879842377954
4940	54809	1.02855991912464
10476	28974	1.0278579159667
3889	3892	1.02774307951979
10476	29095	1.02755596254754
4288	701	1.02754568211981
6204	6210	1.02740344981243
22948	84817	1.02718656513926
6273	84817	1.02713656253056
121214	26154	1.02691697234787
10158	64979	1.02655740010713
1175	27335	1.02600749940123
140576	84817	1.02580193239166
112950	26154	1.02578189935356
55611	57228	1.02531045956096
10855	25800	1.02511389818655
5721	9246	1.02493372423274
5655	79852	1.02490182605877
10923	6772	1.02366803532316
4938	55008	1.02331989236467
375791	5655	1.02251791057036
2123	5788	1.02211463544838
51118	5756	1.02175725121396
375791	55969	1.02131840784081
4085	9134	1.02085481807559
57129	6317	1.02063884035927
23484	25800	1.02060385490194
83895	83900	1.02043465333111
11130	891	1.01971544004724
3728	80157	1.01868965189488
10467	25824	1.01803862743292
26525	2760	1.01737384585804
23521	6209	1.01728682319971
120224	9603	1.01712031445244
4616	7538	1.01677742364039
100133941	120224	1.01673620210165
387695	5901	1.01623620318622
1475	8601	1.01608584159138
57016	7162	1.01600311393056
11222	5901	1.01590708926061
5396	6387	1.01535687935447
6241	9319	1.01504190146982
51371	55969	1.01423737185433
4946	5499	1.01410139782103
387695	9470	1.01327782420751
10476	9978	1.01281058872339
26355	6317	1.01274571029052
3420	5694	1.01242616671261
56938	85377	1.01190891320038
112950	6713	1.0118368614849
200933	55803	1.01159148781167
144110	3034	1.01083885592909
6241	701	1.00983548411481
10213	8766	1.00860051269012
204219	55	1.00842902463556
51629	54512	1.00831520519105
5691	83443	1.00719140170522
6218	6233	1.00704962172929
27335	83443	1.00688273033348
3689	9535	1.00677331305596
2171	84817	1.00657514638704
59286	6633	1.00607604168477
10539	8766	1.00506782891906
2237	5111	1.0043290201082
10205	2706	1.00432462711028
5695	83443	1.0041668531754
11065	4288	1.00404606877676
728224	85293	1.00357369672941
4615	64581	1.00350908224451
401505	8669	1.00348226250945
1164	891	1.0031167323858
6147	6218	1.0030744543805
4297	55186	1.00203952755697
2167	9370	1.00157504870335
5702	5705	1.00139020369833
6209	6222	1.00115348054859
51534	55916	1.00096967064684
25994	5901	1.00087509732216
79852	9861	1.00053425790847
1465	23336	1.00040867916895
5157	8613	1.00024831693521
