10075	7178	4.42956462511586
6171	6222	4.41967344402223
6171	6232	4.41849764706772
6152	6201	4.40932498546129
6201	6217	4.40293489460122
6133	6155	4.40272791035682
6228	6232	4.40036956134084
6161	6228	4.39981248076269
6171	6210	4.39725648242355
6194	6201	4.39722569392066
6155	6233	4.39687800474024
6161	6167	4.39385746251742
6152	6160	4.39361821170417
6152	6161	4.39248820420635
6170	7178	4.3919286208005
6160	6161	4.3911827710482
6222	6232	4.39100942059735
6169	6217	4.39084827138025
6156	6161	4.39003369893487
6161	6222	4.38907423828565
6217	6223	4.3845646238497
6171	6228	4.38351573723517
6210	6222	4.37849966982315
6136	6152	4.37773750802388
6152	6217	4.3777233667191
6147	6161	4.37441562287879
6133	6228	4.37412016132839
6152	6169	4.37305414890368
6201	6223	4.37199252791157
6133	6161	4.3719240817747
6210	6232	4.37006963451986
4736	6206	4.36935761969993
6133	6222	4.36873358959522
6133	6201	4.36845274756166
6222	6228	4.36712092017599
6167	6168	4.36685473087459
6233	6235	4.36685386943546
6164	7178	4.36504695687208
6133	6210	4.36503630282866
6156	6160	4.36497650063538
6161	6169	4.36411820900215
6168	7178	4.36167073439921
6208	6210	4.36055369936877
6133	6235	4.35749577997782
6168	6222	4.35625831049046
6164	6222	4.35358109788052
6164	6168	4.35053293882872
6147	6152	4.35046677500238
6194	6235	4.35028422248214
6169	6201	4.34917433277476
6160	6194	4.34869790581519
6194	6205	4.34830558940986
6161	6217	4.34799060538398
4494	4501	4.34669726563017
6160	6217	4.34400982314427
6161	6232	4.34396637434963
4493	4502	4.34358671954485
10632	6633	4.34283399449745
6167	6222	4.34263209946825
6152	9045	4.34096264365567
6217	6227	4.34081386993924
6155	6201	4.33947469724817
6167	6169	4.33941369388
6133	6169	4.33812116170362
6208	6233	4.33779563914273
6136	6217	4.33679515275352
6156	6217	4.33631930438622
6133	6232	4.33417482165098
6204	6235	4.33358118326874
6155	6169	4.33292825766752
6160	6201	4.33292653281757
6204	6206	4.33192887421631
6152	6194	4.33178096824225
6209	6217	4.33116118298897
6169	6223	4.33023285056957
6204	6217	4.3289283159074
6161	6171	4.32876507692878
6201	6205	4.327930832091
6167	6228	4.32742204736248
6133	6217	4.32697912127901
6136	6160	4.32526634745228
6147	6160	4.32516373593447
6133	6233	4.32489669642127
6169	6228	4.32419748638414
6164	6167	4.32317335197065
6136	6169	4.32293034708402
10075	6164	4.32255417178672
6206	6227	4.32078674376116
6155	6235	4.31852866054359
6210	6228	4.31802602941998
6168	6228	4.31628582009186
6161	6223	4.31446866354741
6133	6152	4.31410329019828
6161	6201	4.31390951984055
6133	6194	4.31195484551203
6133	6171	4.31000505403551
6136	6146	4.30988307656909
4493	4501	4.30966785840276
6168	6171	4.30930386980098
6147	6169	4.30884584312007
6160	6169	4.30883150288861
6208	6232	4.30806061771943
6146	6156	4.3076070091779
6155	6217	4.30723711039065
6160	6205	4.305752306245
2197	6209	4.30518592808072
6136	6161	4.3030092055767
6156	6228	4.30249442659469
6143	6205	4.3024078210023
6160	9045	4.30045591147509
6147	6228	4.29764722076006
4501	4502	4.29701724337636
6171	6208	4.29471036333928
6201	6204	4.29427113059829
6209	6223	4.29346201927384
6194	6204	4.29303676382275
6161	6194	4.29193078295518
6222	7178	4.28944685222481
6152	6223	4.28834920523176
6160	6204	4.28564946970111
10075	6168	4.2854255814949
6133	6208	4.28515524334764
6147	6217	4.28473943782861
6168	6232	4.28418055753693
6136	6209	4.28386654600858
6208	6235	4.28238296757053
6143	6160	4.2809139220827
6133	6204	4.27950336941376
2197	6217	4.279036076438
6161	6168	4.27850464469862
6201	6227	4.27772258102899
6164	6170	4.27647077102599
6155	6208	4.2714919167424
6204	6227	4.27058553730175
4736	6204	4.26996573733978
6194	6217	4.26937646377346
6152	6205	4.26927111847136
6147	6201	4.26518838262195
55863	84233	4.26385955353109
6201	6235	4.26275466236099
6133	6160	4.2611833684312
6152	6167	4.26080750887918
6156	6235	4.25860078179642
6227	6235	4.25714344278261
6147	6156	4.25710348343868
6156	6204	4.25603734690613
6147	6167	4.25509927152862
6156	6223	4.2539030995955
6146	6217	4.25348166929935
6133	6147	4.25330239904025
6156	6169	4.25311507567033
6136	6201	4.25158910864213
6133	6167	4.24851330592413
10075	6170	4.24647644058497
10075	6222	4.2447715616738
567	6170	4.24390921938986
6210	6235	4.24161797018784
6133	6156	4.24135934450756
6217	6228	4.24056960578187
51065	84833	4.23966226743554
6232	6235	4.23939296533263
6161	6210	4.23925146634729
6160	6228	4.23908618415654
6147	6222	4.23661636498855
6217	6233	4.23564700392893
6156	6194	4.23459437531339
6161	6205	4.23363769316387
6133	6168	4.23288819971119
4736	6194	4.23157212862417
6205	6217	4.2311914865168
6204	6228	4.23029761330072
6152	6156	4.22950000425225
6168	6210	4.22842684377073
4736	6138	4.2282429742922
6217	6235	4.22795950525532
6167	6232	4.22574768691848
6164	6232	4.22514279772936
6136	6223	4.22504115307434
2197	6136	4.22382537717136
6155	6194	4.22353356042425
6164	6171	4.22273935004741
6227	6233	4.21644727897666
6171	6235	4.21540302660888
6633	8409	4.21433920824849
6228	6233	4.21368274146214
6136	6147	4.21299385519457
6171	7178	4.21298925631475
6167	6171	4.21165728661369
6205	6223	4.20712714705582
28977	84233	4.20433761670514
6143	6194	4.20209885353409
6155	6210	4.19998520699856
6155	6161	4.19975690102267
1277	1278	4.19954175800545
6156	6233	4.19948083749191
539	6633	4.19563721833978
6191	6222	4.19562715292698
4493	4494	4.19524142904096
3646	6138	4.19512439393984
51002	84233	4.1948155826237
6146	6209	4.19376760355076
6155	6228	4.19372729419479
6147	6223	4.19251898392877
6160	6209	4.19188283809722
6160	6223	4.19109724291555
6156	6201	4.18845939738461
567	7178	4.18796517366318
6169	6205	4.18721354849368
6155	6227	4.18705368626617
6133	6164	4.18602390913313
6208	6228	4.18558238651779
6133	6205	4.1854137802769
140823	6633	4.18249644682684
6161	6235	4.18158004870573
6152	6155	4.17965656238799
6156	6209	4.17757175459074
6168	6191	4.17756207580876
6143	6156	4.17720605099859
6204	6205	4.17464616436054
10412	1350	4.17390413275032
6161	6204	4.1734033971039
6169	6233	4.17312785157528
6164	6228	4.17043522598268
6228	6235	4.16778976499891
6136	9045	4.16679974833147
6201	6233	4.1667591299583
6204	6233	4.16619792663427
6217	6234	4.16576737968121
6206	6235	4.16377139599711
6147	6194	4.16277773553265
6194	6233	4.162521343541
4711	55863	4.16243124701988
6133	6223	4.15817372640635
6169	6194	4.1557311058543
6136	6156	4.15159221507773
6156	6232	4.14791322580181
6143	6161	4.14582169521299
6204	6223	4.14478008479338
6168	6170	4.14351470817361
4736	6227	4.13904486665365
6147	6232	4.13858323243333
6208	6222	4.13745932071314
6147	6205	4.13606504133166
6223	6228	4.1353880106345
6205	6235	4.13404071797485
6133	6227	4.13380322857541
6160	6222	4.13205336371857
6152	6228	4.12888487088685
6194	6227	4.12615056278793
6194	6223	4.12499417943605
6161	6164	4.12312566721382
6152	6222	4.12159396039131
6164	6210	4.12122300121684
6201	6209	4.11824746688597
6155	6223	4.11161527249496
6232	6233	4.11098580499735
6188	6633	4.10969005421943
10632	9556	4.1095547959669
6155	6222	4.10852970028053
6194	6228	4.10833321558209
4736	6129	4.10688322550779
6147	6171	4.10663184311016
2197	6138	4.10644761906879
6194	6210	4.10625086471868
6155	6168	4.10532736369088
6210	7178	4.10275407580435
6155	6205	4.09984430848513
6169	6227	4.09892206986088
6191	7178	4.09696565331344
4494	4495	4.0964711584799
6204	6209	4.09632033620699
6206	6233	4.09626256069168
10632	140823	4.09601196245153
6201	6228	4.09363130393055
6156	6205	4.09272345054552
3094	6633	4.09044394715714
6205	6228	4.09025554546388
6167	6223	4.08878257692035
4711	84233	4.08675146765437
6160	6232	4.08574160443941
6167	6217	4.08234539255525
6168	6169	4.08219037941695
150678	6633	4.08208723719465
6169	6222	4.07614666997006
6201	9045	4.07574167322351
2197	6201	4.07440005051502
6147	9045	4.07288387921506
6143	6152	4.0716137131531
6161	9045	4.07094582600348
6152	6227	4.069112764481
10632	539	4.06720616729283
6155	6156	4.06576495185693
6155	6167	4.06533911733973
6160	6235	4.06517797191568
6146	6160	4.064880920399
6161	6233	4.0638908950364
6146	6152	4.05868979948943
10075	6171	4.05635373838339
6167	6191	4.05545350885121
6155	6232	4.05212426091305
10190	4711	4.05156180004513
114926	84233	4.05131393188885
6232	7178	4.05018378697018
6152	6209	4.04986576458024
6169	6232	4.04983433405924
6205	6232	4.04879583680184
2197	6152	4.04693540151762
3646	6146	4.04534507242869
10975	84987	4.04256722192689
1347	84833	4.04212079814794
4736	6160	4.04103237980219
6133	6191	4.03720950789184
539	8409	4.03716564297612
6194	9045	4.03678554850134
10190	10542	4.03597043087784
2197	6227	4.03465594522101
6169	6235	4.03450713375031
10542	4711	4.03410983593679
6194	6222	4.03323901855774
6160	6171	4.03260830774871
6129	6206	4.03200843375609
6230	6233	4.03126593299755
6204	6210	4.03103252727394
6209	9045	4.03089100613365
6171	6205	4.0296136116541
6164	6191	4.02889593150432
401466	54819	4.02712289869925
170622	6633	4.02305111969917
6155	6171	4.02188550233953
6171	6204	4.02043822684847
6138	6188	4.02017039450442
6171	6176	4.0193806025517
6191	6228	4.01928528808681
6205	6227	4.01885429337347
6156	6171	4.01508135580469
6171	6191	4.01408078579193
6205	6230	4.0128150807946
6201	6222	4.01230646404391
4711	54951	4.01069951918229
27258	84233	4.00994404568239
6217	9045	4.00479299686659
4736	6188	4.00047499986841
6138	6209	3.99739766488355
6222	6235	3.99669305556961
6171	6194	3.99634726096909
6188	6193	3.99483941257417
51002	55863	3.99381232980673
6167	6210	3.99376267065564
10376	84790	3.99101406049639
6205	6233	3.99092695021617
6210	6233	3.98740155678157
6169	9045	3.9869256242093
6156	6167	3.98566522130367
6194	6206	3.98545799708652
6161	6191	3.9843905328877
6204	6232	3.98340768246502
6176	6223	3.98309497232273
6222	6223	3.98291480020538
4495	4496	3.98195932745056
4502	645745	3.98190332633296
10632	84987	3.98144306015135
6204	6208	3.98123636237466
6156	6222	3.97745372556103
6633	9556	3.97716223352914
6165	6193	3.97691285411556
6176	6232	3.97615063358216
6167	6201	3.97549798705933
4736	6235	3.97515255317
140823	9551	3.97464960220088
2197	25873	3.9745458442391
4736	6146	3.97407492944927
6205	6222	3.97075278295351
6169	6204	3.97055796366381
6156	9045	3.97047456368567
6167	7178	3.97037212360407
6194	6232	3.96824869994279
6155	6204	3.9676596688347
6160	6167	3.96201648449295
6152	6204	3.96161169687325
6191	6232	3.96109035122051
6146	6169	3.95933242512354
170622	8409	3.95722627567144
6194	6230	3.9564037553435
6152	6235	3.95491269263189
6143	6201	3.95082793948696
6147	6168	3.94833638763888
6143	6204	3.94536682368457
6146	6161	3.94480924710887
10632	150678	3.94399833548275
6143	6147	3.94344583950337
6136	6227	3.93948029438948
3094	539	3.93822210298246
6169	6234	3.9375210444388
539	84233	3.9363378773288
539	9556	3.93335286690905
11224	25873	3.92986887418494
2197	6160	3.92876881598561
6201	6230	3.92505544724336
114926	539	3.92359061202608
10434	4711	3.92249585160192
6155	6164	3.92083842365822
6160	6227	3.91768888209098
1350	6138	3.9169706421099
6143	6235	3.91339560086122
6143	9045	3.91013470888618
150678	6637	3.90103519194363
6168	6208	3.90065577092437
5203	84833	3.90046888850358
6143	6228	3.89816982738143
4695	9551	3.89744336644152
51187	539	3.89544775898372
1347	4707	3.89393128647586
4711	539	3.88516791204346
6136	6228	3.88377697278206
3094	8409	3.88309507922181
6147	6155	3.88146067401623
10632	10975	3.87989017309886
6159	6209	3.87524565747216
6175	6209	3.87236943165199
6165	6188	3.87092332139383
6138	6165	3.87012851743158
6136	6167	3.86852155585619
6147	6235	3.86714061774184
150678	51188	3.86641966243876
6171	6233	3.86624970726826
6155	6160	3.86489086637377
514	84833	3.86487855358781
2197	6169	3.86435094451222
2197	6146	3.86366458298024
6146	6201	3.86340549547863
4707	84833	3.86287949234888
6217	6222	3.8625980204964
150678	539	3.86135191988963
140823	59286	3.86084534294263
11224	2197	3.85966823729746
10542	84233	3.85531623445995
6146	6234	3.85435113653846
6147	6204	3.84831903150368
6170	6208	3.84442944010853
10190	55863	3.83846601895863
6169	6171	3.83834562434749
51187	9804	3.83592882419859
11224	6209	3.83418639563523
4736	6201	3.83278953831633
6176	6228	3.83215860992245
4494	4496	3.83141062407856
150678	401505	3.82859299324972
6155	6170	3.82537343551176
4494	4502	3.82003791626401
6205	6210	3.81819596431607
51188	6633	3.81769874294408
6147	6210	3.81608589307288
4697	4711	3.81587157595586
51650	9556	3.81547459401011
567	6208	3.81429916189583
6206	6217	3.81294907097637
170622	3646	3.80979000468804
114926	9326	3.80855747063696
6633	84987	3.80518229363846
6143	6209	3.80291966311382
6201	6210	3.79659072187408
6143	6171	3.79443650448077
6146	6227	3.79026105453784
389203	4711	3.79007263390662
6156	6168	3.78999414223151
10075	6167	3.78939490650519
59286	84233	3.78778621748019
4724	84233	3.78727361085938
4736	6175	3.78652350247703
6169	6210	3.78300440826396
140823	9556	3.78015301335254
1347	80145	3.77841504362039
6156	6191	3.77746589685041
10438	55863	3.77685420432545
6223	6227	3.77277722681886
6176	6217	3.77117987933211
51188	9556	3.77065883519841
6217	6232	3.77061875257764
4736	6217	3.76930045784857
6136	6194	3.76835393139567
401466	5203	3.76630650166517
6133	6143	3.76604073600131
1291	1292	3.76047834252585
6164	6208	3.7604482689589
4736	6143	3.75805969637656
59286	9551	3.7579075027587
6161	6208	3.75735099574907
6637	9556	3.7565900487661
6161	6209	3.75587634562612
6146	6204	3.75170383757922
6176	6222	3.75017586130092
6169	6209	3.74941574103242
11224	6217	3.7484345404042
1350	3094	3.744682721107
6204	6222	3.74327344056357
6138	6146	3.7423331710154
28977	2958	3.73994899714591
10434	10542	3.73461229858484
3094	6193	3.73435578660207
10438	84233	3.7329390403953
4736	6156	3.73102240532643
6205	9045	3.72990810427346
6170	6222	3.72901356563222
140823	84987	3.72798852008398
6138	6160	3.72612317947772
126328	78988	3.72527430931415
1350	6633	3.72349752348444
10075	6210	3.7234921154109
6143	6232	3.72198118821297
1347	401466	3.72112659746237
6193	6633	3.72099698547699
6143	6217	3.72015327094751
2197	9045	3.71973333218843
401505	4711	3.71839456492919
6143	6223	3.71705164824278
6146	6223	3.71686556042427
539	55863	3.71550509034926
10190	10899	3.71447333861838
6133	6136	3.71137077808506
6205	6206	3.71000482441427
6136	6204	3.70881325874718
1349	6637	3.70595691393115
6223	6235	3.70258310711331
4493	645745	3.7001084171494
6152	6233	3.69779602596084
6156	6208	3.69767895134041
6133	7178	3.6956999947558
401466	493753	3.69315347829909
6152	6171	3.69215022057807
6156	6227	3.69148772577787
6171	6223	3.68796794211127
10632	170622	3.68525941924123
6164	6169	3.68417073573941
10632	51188	3.68314771780956
6141	6142	3.67947915565794
10542	59286	3.67927502050423
6161	6176	3.67882951244689
6168	6233	3.67870399130383
51188	54819	3.67780492853757
6138	9045	3.67779322494627
6161	6227	3.67569408102663
1350	539	3.67238381622367
6170	6191	3.66852896120081
6160	6233	3.6670763363168
59286	6633	3.66651818390885
10075	6232	3.66559813728794
10434	54951	3.66376712797754
6155	6191	3.66168536225411
6194	6208	3.66048130903839
6146	6147	3.65968684053874
10190	54951	3.65400414928698
6171	6217	3.64888483347285
6138	6633	3.6483126942668
6143	6222	3.64606446226389
6156	6210	3.64425411033017
6156	6234	3.64284687270349
150678	84987	3.64149622093705
27089	9978	3.64103546504316
6160	6210	3.6407701972621
6156	6206	3.64072519635198
140823	150678	3.64052231382259
10632	1349	3.63666846555399
150678	401466	3.6331937387602
6223	6233	3.63304320160248
6205	6209	3.63221438128031
131118	6633	3.62979532149179
25873	6633	3.62784111912854
2958	84233	3.62615229029965
150678	5203	3.62502640802618
4697	539	3.62261738421001
6147	6191	3.6177535515634
6171	6201	3.61746972090894
6165	6633	3.61658049927528
6136	6205	3.61599294535759
4736	6205	3.6156903937144
6223	9045	3.61372173080284
9551	9978	3.61309812868292
6227	6230	3.61119904674923
6169	6230	3.61067300299981
6228	7178	3.60961186026099
54951	55863	3.60915771937979
6146	6228	3.5992829738758
26521	4695	3.59898606939739
6146	9045	3.5989569942731
6119	84233	3.59842378859132
28977	55863	3.59736072659308
114926	6633	3.59692142559967
10632	4697	3.59589460901721
6152	6232	3.59390525461262
4501	645745	3.59051569521216
6222	6233	3.58878155980863
84233	9326	3.58749202625943
6170	6171	3.58675350567306
6194	6209	3.58498865595132
401466	84833	3.58221893179209
10632	3094	3.58175532576382
2197	6223	3.58168381321393
150678	4711	3.5795882378245
4717	746	3.57945019682436
4496	4501	3.57902755638333
10438	4711	3.57667595100936
391356	6633	3.57666371751143
2197	6188	3.5759570638993
4736	6209	3.57401911495591
6233	6234	3.5733301898353
10190	10434	3.57260847972065
3094	6635	3.57156708270219
6223	6234	3.57008847515925
51668	56942	3.56822900063812
10438	54951	3.56705360633617
2197	6156	3.56435456770611
84233	84661	3.5624708651881
1347	1349	3.55974330992403
9551	9556	3.55768341946059
51188	51650	3.55688756742826
6201	6206	3.55673824525006
6136	6138	3.55349774114041
10190	7411	3.55277240668589
3646	4736	3.55274071192691
6192	8653	3.55054681596748
493753	51188	3.54968121692558
10190	25994	3.54912979736815
150678	9556	3.54905001537327
6175	6204	3.54838830321536
51065	5203	3.54158906387426
6143	6175	3.54147307158274
401466	80145	3.54070488838471
4717	84233	3.53926171487403
6191	6210	3.5388010840999
6201	6232	3.53801164430799
4495	4501	3.53696964089739
6208	7178	3.53346052758309
3646	6188	3.53236994306053
6176	6204	3.52948541925839
10632	6188	3.52786865042445
10632	1350	3.52494362732525
116541	140823	3.52394199900366
388962	401505	3.52388048489456
2197	3646	3.52289566901091
10434	10438	3.5214377822558
1278	1281	3.52091121917927
6168	6217	3.51906610169381
59286	9978	3.51609927076856
6155	6230	3.51563764979238
26521	9556	3.51472177883956
114926	55863	3.5126798403398
28977	84661	3.5123329629011
1349	9556	3.51056836171421
6209	6227	3.51034072356478
29097	9446	3.50991855654593
170622	6188	3.50821268736378
59286	9556	3.50779259237785
401466	6637	3.50246817270256
2197	6204	3.49396125440218
4695	9556	3.49004131908386
10632	8409	3.48873912038407
6138	6175	3.4883209824024
4493	4496	3.48781290473121
10632	59286	3.48468213571638
9326	9804	3.48411407532204
23412	5828	3.48216226631981
10632	25873	3.47937657367829
6147	6209	3.47914193748019
6152	6168	3.47392708261528
114926	131118	3.47240633540446
6136	6143	3.470630222985
6167	6205	3.47060979430977
10190	84233	3.46974175813473
4496	4502	3.46911511414347
10075	6191	3.46881992018686
8409	9326	3.4680195212165
6230	6235	3.46727221225558
131118	51002	3.46656964311393
6635	84233	3.46596495996832
1349	84833	3.46592348965483
26521	56942	3.46481767735976
6227	6228	3.46372449259496
6208	6217	3.46242322679567
6167	6233	3.46136205929406
6210	6217	3.45597839297514
81853	9326	3.45339580490323
10632	9551	3.45067589020373
3094	9326	3.44937905789084
10542	55863	3.44699930910137
140823	9978	3.44185645523126
51668	80145	3.4407158792039
54819	91298	3.44053800327304
6168	6235	3.4339677580997
10190	389203	3.43304234506281
6155	7178	3.43287375550304
10975	27089	3.43213835991188
6160	6206	3.43125904454529
401505	9556	3.43038098402778
401505	539	3.42960506640943
114926	8409	3.42852674469438
5203	80145	3.42809479369216
6152	9168	3.4280119474191
1347	51065	3.42703499720158
6637	84833	3.42607861301951
51188	6119	3.42510385226191
6147	6164	3.42340139395904
6152	6230	3.42171984610726
4715	84817	3.42165661878744
6170	6210	3.42023398006722
6206	6230	3.41986234362432
6921	84233	3.41795986719713
150274	55863	3.41373529646907
401505	9419	3.41313913870624
131118	55863	3.41143465329402
1349	26521	3.41105894243459
6921	9556	3.40836938991653
150678	84833	3.40408285066204
114926	51002	3.40335080174537
51187	8409	3.40127561337992
10923	1347	3.3989709885414
51188	539	3.39691175022897
150678	493753	3.39586594081722
6223	6232	3.39265510906476
6156	6176	3.39168382250616
6146	6235	3.39002568839154
6160	6175	3.38458429866967
23658	51187	3.37989578236935
114926	4711	3.37654009234095
4724	9616	3.3671678886138
131118	539	3.36685009973182
6167	6194	3.36629232551159
6217	6230	3.36571064296337
140823	4695	3.36266940081374
1349	84987	3.36138719162229
3094	81853	3.3582277635728
401466	51188	3.35680660857569
150678	170622	3.3567164626951
6193	8409	3.35645162504652
539	6138	3.35603018713473
114926	4717	3.35486921562558
6168	6223	3.35476271518705
4736	6233	3.35158981637296
10438	51002	3.35114229984864
6210	6223	3.35106944716517
4736	6230	3.35032065547801
131118	51188	3.35011006718112
4707	514	3.34948493954606
200916	84833	3.34755344028907
150678	51003	3.34541431446233
401505	51065	3.34527482250422
6205	6208	3.34036332243702
170622	4697	3.34016747065844
6152	6191	3.33660345894559
6146	6233	3.33317098556904
4694	59286	3.33237840089696
6188	6209	3.33219609228802
114926	6001	3.3317938763129
6191	6223	3.32913146886928
51668	54819	3.32897856999528
6201	6208	3.32363677334475
5683	5686	3.32219061401103
10975	6633	3.32162072243212
280636	3094	3.31541381828999
54819	84833	3.31410521432452
2197	5204	3.30892680281989
6170	6232	3.3088419160114
401505	80145	3.30776813478223
6129	6233	3.30680668479553
4736	6152	3.30373577963665
567	6210	3.303332675449
6228	6234	3.30210890956587
2197	6230	3.30055901338703
6133	6206	3.29906333210364
6133	6170	3.29675282818524
539	9326	3.29492458508849
6133	6146	3.29439834813056
6146	6194	3.29408589696724
25873	6209	3.29214710660908
51188	6637	3.29079318928805
6188	6206	3.29026790828729
10542	389203	3.29023895652951
51650	539	3.28990431454442
401466	4707	3.28981335403449
59286	84661	3.28550457190935
10434	25994	3.28468296203736
1277	1281	3.28396621263872
4717	9556	3.282536767411
4496	645745	3.27996703830926
23421	51188	3.27894933272813
27089	746	3.2757986815775
4697	84833	3.27365471453844
4697	55863	3.27321589201969
10393	84233	3.26433542359087
54819	6637	3.26343797343474
150678	4717	3.26053192479283
5204	6633	3.25939656538954
51187	51188	3.2588031303126
3646	84833	3.25739126912169
6191	6208	3.25657609583467
6152	6210	3.2553614779804
401466	514	3.25085246627052
6633	9521	3.24857870467739
6141	6159	3.24744193861229
170622	51187	3.24677733255378
10632	51650	3.24234959181317
5204	6138	3.24179325141075
131118	150678	3.24064854678023
10542	280636	3.24053979244069
131118	140823	3.23827033541766
3094	59286	3.23776084810744
6169	6191	3.23638137868059
114926	4724	3.23479775556001
26521	58515	3.23463153419441
170622	3094	3.23301553779447
10438	28977	3.22511872919372
84233	9804	3.22384675379221
401505	6637	3.22310800002697
10632	6637	3.22235871088534
4717	51002	3.22193579673464
6160	6230	3.2206920949188
6143	6169	3.2204311557827
6633	6637	3.21673551009723
10632	5204	3.21625924292839
6206	6208	3.21624936244219
6176	6205	3.2161443731194
1350	280636	3.21547555096462
1278	1290	3.21370882990043
4736	6136	3.21144691088393
80145	91408	3.20955394831261
51188	91298	3.20723799981475
51187	55863	3.20635088170358
10632	4711	3.20474663820198
10542	4724	3.20472969359513
28977	51002	3.20149088071593
26355	57129	3.20096066111276
6143	6146	3.19996337439713
131118	8409	3.19897841090944
6156	6230	3.1968511047465
131118	98	3.19577006250775
6169	6176	3.19529258232846
4697	6633	3.19281388091941
6635	9521	3.18392922247626
10190	51527	3.18191306941607
6161	7178	3.18119659685714
3094	6188	3.18020417276985
6167	6235	3.17943933900923
10542	25994	3.17908131525558
6147	6233	3.17610760108414
6167	6170	3.17106150878026
2197	6194	3.16808652742166
3094	9521	3.16599898654314
100128731	27089	3.16525240635308
6138	6193	3.16462305985334
80145	84833	3.16356863977409
10175	60592	3.1617834758264
389203	55863	3.16115133378451
140823	6637	3.1589691021887
10542	539	3.1583228191496
28998	5683	3.15710375202738
6146	6206	3.15609407106535
200916	6637	3.15464051880076
10632	6138	3.1540351859505
6227	6234	3.15278260514893
401505	51188	3.1517766637636
567	6168	3.14697089564496
6191	6233	3.14614297081897
4697	51187	3.14469226186356
6167	6176	3.14040674566684
23658	6635	3.13935916476887
58515	9419	3.13662236571537
1349	401466	3.13192862075091
28977	6119	3.12813097140543
6136	6234	3.12803746452952
3094	51187	3.12572302259241
10542	9419	3.12347961684981
11235	84233	3.12116922134064
51187	6635	3.11912609144352
150678	91408	3.11908397250982
514	6227	3.11819276729059
114926	1350	3.1181645385917
2958	84661	3.11277887773437
4736	6133	3.1121439762722
11224	6227	3.11012755378674
51241	84987	3.11011328104071
51110	55863	3.10925960113065
84987	9978	3.10601136387132
10542	81853	3.10494681166933
539	6635	3.10394890628239
150678	51389	3.10389765479427
6169	6208	3.09704850096038
56942	91408	3.09688225497181
10632	131118	3.09480596237263
199704	51188	3.08966401695334
10542	6921	3.08891114256483
11224	6223	3.08778932117806
493753	54819	3.08631263751533
6208	6227	3.08367505819092
6209	6234	3.08026480614637
51110	54951	3.07979582684324
539	6188	3.07896399295318
539	59286	3.07721374625019
10542	440574	3.07708538364308
6176	6201	3.07701870537047
10075	6228	3.07315636710029
6164	6176	3.07275727114899
4694	9556	3.07267565166892
27335	55651	3.06599707964345
3646	539	3.06552078626898
54951	84191	3.06197921254725
10632	391356	3.06022528041079
6164	6233	3.05940268645317
567	6171	3.05928787626016
6147	6227	3.05697825904263
51668	55863	3.05621993858141
6230	9045	3.055422567396
3646	6136	3.05385337943726
6138	7311	3.05348134981504
6136	6155	3.05302694619783
567	6191	3.05205898631374
91408	9419	3.05180435238594
6133	6176	3.05106175396052
11224	6201	3.05021838754135
6160	6176	3.04800663898767
56942	6921	3.04521992092467
10975	140823	3.04317192359493
170622	6165	3.04155319969706
27258	2958	3.03940382767667
55863	9326	3.03909328797757
2197	4736	3.03890434873669
4711	9556	3.03412559777771
6208	6223	3.03410240048032
10075	567	3.0329286185731
1329	9551	3.0316187876657
51188	9535	3.03092868161449
51650	84233	3.02869444041051
126328	150678	3.02645007104132
6167	9168	3.02622889957351
4494	645745	3.0259913942156
401505	84233	3.01682257064153
51650	6633	3.01565923558511
401466	91298	3.01458168511601
6168	6201	3.01393819921368
81853	84233	3.01381571507309
4711	91408	3.0133216424857
4697	84191	3.01326708938239
539	81853	3.00769994537219
131118	199704	3.00765989201202
10899	4711	3.00709231143024
55863	98	3.00400894317646
51668	84833	3.00337213260604
54819	80145	3.00055224274965
6921	92259	3.00036248037389
51650	6119	2.99863700707129
5436	84233	2.99790325415548
23658	9521	2.99736973472474
55863	6921	2.99656755340899
6155	6206	2.99457375472271
27258	84661	2.99241330829609
51188	6001	2.99198298701419
2771	7791	2.99193392868137
4711	51110	2.98890362057988
6167	6208	2.98887621602473
27089	9551	2.98742445020949
10190	51187	2.98562051439097
4694	64928	2.98410625525004
1347	4697	2.98400621376996
2197	6633	2.98203525515668
6133	6230	2.9810656456549
6155	6234	2.98005013930096
3646	6209	2.97991006830055
6164	6223	2.97849990929886
58505	830	2.97838276602891
51389	91408	2.97834493275332
131118	84233	2.97218309828131
6191	6201	2.96782365460181
6161	9168	2.9671187200856
150274	9556	2.96623781056205
4711	6921	2.96402348071944
51187	54534	2.96313444638883
10899	389203	2.96180451215988
401505	6633	2.9594757859381
6170	6233	2.95896160224257
6143	6230	2.95793403037834
84233	9419	2.9577735805157
114926	150678	2.95699328122101
81853	9804	2.95527323305571
10542	515	2.95501663509923
6164	6201	2.95241677829276
26521	91408	2.9521650156649
6138	6217	2.95167003577691
567	6155	2.95068600486612
4707	51065	2.9501304798852
6169	9168	2.94927611623327
27089	84817	2.94352423975563
10975	150678	2.94073087831384
10190	9419	2.93697163924118
10393	55863	2.93167867292883
150274	84233	2.93070180193334
1349	4707	2.93037027579323
1349	140823	2.92966963366911
1347	514	2.9183851413921
285148	51188	2.91704561671538
7411	84233	2.91697300798762
170622	539	2.91487492693229
280636	539	2.91462325830395
6138	6152	2.91231891966712
150678	51650	2.9079666327352
3646	6633	2.90638053421038
126328	521	2.90454260395585
23658	80306	2.90435471486802
10632	401505	2.9035026433866
27258	28977	2.90106683384032
1349	150678	2.90082033205149
28977	6921	2.90064943458729
401505	5203	2.89973757222745
55863	81853	2.89767733174974
10393	92259	2.89167686480137
3094	84233	2.88937738709133
27247	515	2.88806632464551
4711	51187	2.88763863842969
10632	4717	2.88714259030032
51020	8409	2.88697742465899
5440	55863	2.88585587921316
401505	59286	2.88567440064109
131118	59286	2.88517668566776
84191	8649	2.8834241445858
6192	9086	2.88216257530488
6175	6193	2.88066765146178
401505	57129	2.88009692141573
11345	58505	2.87854878828806
150678	285148	2.87849383656616
114926	9556	2.87837436231267
10434	51187	2.87789552165364
401505	84833	2.87705287708373
10632	84833	2.8769198713117
150274	4711	2.87379634922539
11224	6204	2.87103326562591
6188	8409	2.86990528281903
514	6217	2.86901774345832
51650	59286	2.86836118135284
4724	56943	2.86713286039532
6138	6206	2.86622454488994
4717	51650	2.86588001842422
6176	6210	2.86417180712052
4736	9045	2.86264360597796
150274	51187	2.8610205054356
51188	9521	2.85853904799291
10190	401505	2.85836240930625
4724	55967	2.85707128070426
6165	8409	2.85554963589242
6143	6191	2.85445612815156
4695	6637	2.85436588291285
114926	81853	2.85252210454514
4694	9551	2.85136933201736
4715	9556	2.85048989342473
114926	59286	2.85025009390257
51668	5203	2.85023478369789
6160	6168	2.85018022680496
6152	6164	2.84992653246032
6176	6209	2.84985446174436
6147	9168	2.84964452136192
150274	539	2.84773977592377
401505	55863	2.84715536840576
140823	539	2.84695858601863
6160	6191	2.84662783541511
25994	9419	2.84026938514253
6167	9045	2.83599998850037
59286	81853	2.83569901231992
56942	9556	2.83323346597529
1347	54819	2.82816034576881
131118	4717	2.82507908827062
3094	4697	2.82470577530573
5440	7411	2.82372717575828
11345	830	2.82105994514292
6176	6208	2.82024006303567
493753	80145	2.82003671080303
25873	6165	2.81710114171051
401505	91408	2.81453985834363
493753	91298	2.81328095705177
56943	84661	2.81266947812034
401466	51389	2.81255340979997
539	6119	2.81204911557033
401505	84817	2.81112280976581
8409	9804	2.81014118857235
10899	539	2.80814316225383
10632	2197	2.80787526160986
10975	1349	2.80732022400012
401466	9443	2.8041330840732
150678	4697	2.80284590907586
26355	401505	2.80085046672633
5828	65991	2.795614651585
6161	6234	2.79531526160767
10899	401505	2.79372945244956
6168	6176	2.79208393427449
27258	4724	2.79021851696189
1350	51650	2.78905875443409
6222	9168	2.78762868892077
116541	9551	2.78657751815724
28977	401505	2.78496271728151
4697	84233	2.78381968126957
126328	80145	2.78262778310246
131118	9556	2.7815625235061
6228	9045	2.77937725920115
6143	6233	2.77903142743678
6119	6633	2.77778504384469
1350	6635	2.77582094067581
3646	6165	2.77540045950895
6129	6204	2.7735557251183
170622	6138	2.77253230502223
84233	9556	2.77199188924911
11235	28977	2.77131499887089
29796	4694	2.77112265772614
567	6233	2.77091902301698
27089	59286	2.77071059909494
6176	6235	2.76777548689767
10092	54951	2.76320028755126
4711	59286	2.76276070371506
6143	6176	2.76275080002575
51650	55863	2.76066894439005
51650	6001	2.76057728953284
1350	6119	2.75718432355299
6146	6230	2.75607313743619
56942	80145	2.75471417797274
6168	6194	2.75098774787283
2197	6205	2.74973214112113
55863	92259	2.74915045123089
4736	6161	2.74554187059707
567	6164	2.7446747884968
51187	6633	2.74271249347739
4717	539	2.74226986103839
4697	9556	2.74179985632097
6191	6235	2.74012799455517
10975	51241	2.73683076127261
6133	9045	2.73420934030187
55863	7411	2.73165853608479
493753	9443	2.73082557213795
116541	1329	2.7306680978762
10289	10438	2.72944550870798
51002	98	2.72926262064113
10542	3094	2.72593406355395
10412	6138	2.72523658947702
285148	9556	2.72140353701978
55863	84191	2.72015824396672
23421	54819	2.71938792420056
4697	8409	2.71918251928158
51188	8409	2.71809085915641
8409	9521	2.71720748247989
6168	9168	2.71634701967529
1278	1462	2.71574528863245
51187	9326	2.71559170475368
1349	51668	2.71335127314021
55863	9556	2.71295434375561
6164	6217	2.71205866106662
6170	6228	2.70806636105301
4707	5203	2.70739663490007
388962	4717	2.70711593657838
6143	6210	2.70400979241392
8409	84233	2.70315850475697
26521	6637	2.70224993548994
114926	9804	2.70197704668506
54819	63877	2.70024332832127
10975	514	2.70009354618669
2197	6206	2.69946971345605
567	6232	2.69801762060457
51188	58527	2.69793533917147
10572	389541	2.69781456257413
6138	6194	2.69780898661449
6205	6229	2.69742140942512
6204	6230	2.69650076690523
539	6637	2.6956987917545
6188	6227	2.69478469552027
10438	11235	2.6874292238177
51187	81853	2.68638472736993
6143	6227	2.68586001314284
4711	84987	2.68556026270474
6136	6235	2.68393878335823
55863	9419	2.68289194223779
6159	6175	2.68183627262044
84233	92259	2.68048205632467
6206	6228	2.68015486360543
126328	91408	2.6787991273243
11235	2958	2.67752185824964
4697	54951	2.67495928019166
3094	6138	2.67399953579556
3646	9045	2.67329135835415
25873	6141	2.67102904173396
10899	84233	2.66959008969149
10632	4707	2.66884149558095
6129	6235	2.66656345781006
59286	8409	2.66615027423682
4707	80145	2.66578987302288
4493	4495	2.66271494908192
10632	4695	2.66025740218807
6138	6143	2.66001338711854
6160	6208	2.65979425707183
9419	9556	2.65893010869712
28977	388962	2.65681335410236
6227	6232	2.6556987361084
401505	4697	2.65479332667759
1350	391356	2.65402891677617
6146	6155	2.65382604103814
6129	6143	2.65326454561942
6921	9551	2.65231893612712
10434	23658	2.65230411726148
11235	55863	2.65152833519914
10434	60592	2.64994529862474
4711	84191	2.64944680906508
2197	6161	2.64939780422013
4711	6633	2.64883835109941
6164	6235	2.64732428275336
6146	6205	2.64627703481793
6156	6164	2.64612287452567
1347	5203	2.64559764897651
1350	4711	2.64558340037534
51188	79072	2.64431512076186
10542	54951	2.63906570150058
6191	6217	2.63856160145561
6633	9551	2.63805491205921
6206	6209	2.63801638551851
55863	59286	2.63705010245368
280636	51188	2.63564396970684
51668	79072	2.63532856376033
4711	81853	2.63250458513094
4736	6228	2.63055532707453
10542	9616	2.62884705731303
10668	493753	2.62765567228618
4736	6147	2.62736051987202
6147	6176	2.62731122074417
114926	51188	2.62625424873148
10632	3646	2.62586019129646
4711	9419	2.62510943812479
114926	3094	2.62109787879445
4717	51188	2.61968678254992
6204	9045	2.6192493599887
10075	6161	2.61771442742195
26521	4715	2.6161049221571
25994	60592	2.61603001356041
23412	28998	2.61487685917436
388962	9419	2.61464026974303
51188	55863	2.61397873221751
389203	84233	2.61384343369594
6191	6194	2.61331135417531
6143	6206	2.6117040281259
200916	4715	2.60887645127787
150274	9419	2.60796391576175
401505	51668	2.60779494569212
5682	5686	2.60587511741147
51003	51188	2.60559536600397
4711	9804	2.60543503214577
10075	6133	2.6049264662341
10632	1345	2.60490743700317
6209	6228	2.60476723133023
280636	389203	2.60384318641678
515	7411	2.6035162289045
6129	6156	2.60244775282334
6921	9419	2.60229719713568
5204	539	2.60121045628655
10668	91298	2.60018091992523
100131801	4695	2.60006693826607
80306	9521	2.59839234645116
10899	9556	2.59773666757963
10632	91408	2.5974902870053
388962	84233	2.59723077415697
4717	5203	2.59708099900671
4694	9978	2.59689563410625
3646	6230	2.5968585710007
6635	8409	2.59648187974255
401505	51187	2.59417257901225
514	5203	2.59368988675545
5436	9326	2.59281942654529
116541	4695	2.59255383787841
2197	514	2.59171319700861
6635	689	2.59134463365437
51065	51668	2.589061060098
4724	6921	2.58844826060942
493753	91408	2.5882867633101
55863	9804	2.58760951378488
2197	6234	2.58279689321686
25994	29880	2.58026160808447
10632	114926	2.57986795919812
28977	6635	2.57869547718087
25994	9616	2.57850219634972
27258	59286	2.57726251487456
51065	80145	2.57587677583347
51187	54951	2.57473245252422
1350	3646	2.57451214395467
27089	84987	2.57290074983767
26521	9551	2.57178966457271
1349	514	2.56986680635274
388753	56942	2.56932591653725
6138	6156	2.56762168763183
84987	9551	2.56722644585465
388962	57129	2.56678795237342
10542	51649	2.56586588904373
29083	80145	2.56385409580355
6210	6227	2.56172873368101
4717	6633	2.56146199696421
114926	286053	2.56000745432014
150678	51065	2.55685779751769
280636	6633	2.5550912261552
10632	493753	2.55494974901907
51187	84233	2.55272992070084
114926	84661	2.55264984265343
5828	81853	2.55261775237333
4695	84300	2.55042552826657
60592	9403	2.54927864861287
10632	23658	2.54771997283938
10668	4711	2.54638514448931
4697	51065	2.545645189557
150678	3646	2.5456244912478
6129	6230	2.5328812593362
2958	4724	2.53258104168847
51188	80306	2.52917373441855
404672	51241	2.52910198862741
3646	401466	2.52510820871958
10063	401505	2.52463812203766
1278	633	2.52413114968205
51650	9551	2.5237637430838
51389	54819	2.52343418975765
25994	5440	2.51986982095174
10190	84191	2.51959136878421
1349	4697	2.51759594291706
150678	84233	2.51715492230013
10434	84233	2.51615047347396
10668	51003	2.51259869677644
10632	51187	2.5121175635315
28977	539	2.51193189250043
515	84233	2.50976166096451
6138	6201	2.50922760432118
79752	9804	2.50571294394381
116541	131118	2.50410502257053
1349	9551	2.50180797409773
4736	6169	2.50138151943522
2197	6165	2.50068946720326
401505	56942	2.4997770829784
78988	80145	2.49874128603327
51002	84661	2.49799513851494
539	6193	2.49785142974666
25994	4711	2.4935524427172
10668	150678	2.49009582035442
539	9419	2.48958163813535
567	6222	2.48846494662708
10542	9804	2.48775365070548
114926	4697	2.48479654256592
6633	81853	2.48370964157792
4711	51003	2.48305743860523
200916	401505	2.48220530910057
389203	54951	2.48214447193471
4711	51668	2.4790697207133
4697	6635	2.47664303747894
3094	5436	2.47596886315314
6155	6176	2.4749965449731
10975	4715	2.47464244737437
1350	51188	2.47418511176086
10480	80145	2.47081655281461
114926	51650	2.46928398141326
51501	84233	2.46875514378433
55863	5828	2.46827241333239
199704	401466	2.46815978495266
6143	6155	2.46804340152947
54819	9556	2.4676003941288
8409	9556	2.46732272449732
6129	6194	2.46633740841278
6133	9168	2.46374891862168
6188	6204	2.46206438277723
1349	5203	2.45881963392162
51389	63877	2.45771631771128
140823	84817	2.45702422393169
6138	6227	2.45571256092282
140823	401505	2.45517067523344
3094	6119	2.45352226079321
51188	54534	2.44866671938153
25994	58515	2.44393797298269
1350	4717	2.44359744017008
91408	9556	2.44174347135677
56942	84833	2.44152852858823
27089	4694	2.44136626184476
286053	55863	2.44000667557595
10632	9978	2.43940849092566
150684	4724	2.43877436514883
51002	6119	2.43837586851563
2958	51002	2.43784291837942
10190	51110	2.43773923745927
29080	2971	2.43770726263347
10542	401505	2.43694467461513
401505	4715	2.43670166923479
3646	6217	2.43299678399759
84661	9521	2.43205514969803
6204	6234	2.43201708747355
59286	6921	2.43183983650571
150678	91298	2.43124111363775
51527	5706	2.43038316655374
10190	5440	2.42763040252385
388753	51668	2.42712055550217
51650	9535	2.42662736990879
6136	6233	2.42332872884635
3094	9556	2.42116149651915
100128731	51241	2.41956182201186
56942	6637	2.4194738715358
339487	57129	2.41924011907625
1350	51187	2.41859811972463
1349	4715	2.41829713866437
114926	6119	2.41821451717446
4724	5682	2.41640273422489
51693	59286	2.41633958740269
4666	6138	2.41598901277907
6635	9804	2.4156820460304
1350	6188	2.41553077418555
28977	59286	2.41526893736434
84817	9551	2.41481856010607
150678	4715	2.41394873954838
51188	80145	2.41358599455576
10632	5203	2.41343875359007
51650	9419	2.41152190715257
6136	6222	2.41098937673193
6209	6235	2.41061085437503
51255	51529	2.40944183450526
10632	4694	2.4093184990508
51650	6921	2.40583551721542
10542	9326	2.40436325854807
114926	9521	2.40375769494535
6167	6234	2.40314389235869
5828	9326	2.40256010293943
114926	170622	2.40201371792331
6119	9535	2.40061659368972
10190	114926	2.39679213690493
28985	28998	2.39275441994595
25994	28998	2.39202524439531
1350	84233	2.39101742029132
25994	6921	2.38822250755461
131118	9326	2.38821167291914
10542	51187	2.38794765494915
4724	59286	2.38710533682148
27089	6923	2.38695081304115
28977	4711	2.38589147494574
4715	84987	2.38511947306476
10190	4724	2.38337906835686
1349	6633	2.38297455959486
6001	9556	2.3814594821323
56943	59286	2.38128007611032
51003	6633	2.38115708789297
539	9521	2.38109907369068
51188	98	2.37972084017476
54819	56942	2.37918205475794
388962	746	2.37748104819035
3646	6152	2.37573052094407
51023	84233	2.37549109663258
59286	9326	2.37494516960065
51002	539	2.37257141809994
6159	6193	2.36966888744033
199704	493753	2.3696188816359
1349	51065	2.36875066569578
23421	3682	2.36830508126719
10632	26521	2.36475385321247
6147	6208	2.36467357246419
131118	54819	2.36386318814347
10190	9616	2.3594508929964
3094	51142	2.35929605081563
131118	84987	2.35877643990499
539	80306	2.35830794100751
4694	6633	2.35776377300474
10190	59286	2.3557694893856
51187	80306	2.35568426646883
25994	515	2.35304455161273
170622	84987	2.35208585706908
391356	746	2.3520706705375
81853	9556	2.35185153948043
27258	51023	2.34979943867858
116541	9556	2.34849481290907
6119	6921	2.34754717799339
2197	6147	2.34495605544436
10542	9978	2.34360924204051
51065	56942	2.34213170590728
55967	84233	2.34190527750745
1350	170622	2.34168248015368
51389	80145	2.34125887882784
493753	51389	2.34103880983532
27249	2958	2.33768930039876
54534	9443	2.33537974696421
59286	9419	2.33520242028033
10063	56942	2.33519106407529
26521	4709	2.33435374836308
140823	391356	2.33426752105832
5204	6188	2.33296652171675
51002	59286	2.33199249299567
6175	6188	2.3269782622468
84833	9556	2.32563746180168
199692	51187	2.32520485383022
5203	54534	2.3248097342259
6227	9045	2.32376978520204
27089	81892	2.32376653364173
10632	54819	2.32285527446615
6133	6209	2.32153983211937
1350	150678	2.32100594405776
4717	55863	2.32053979851378
4717	84833	2.31964866934017
51053	79023	2.31916784799883
4694	8409	2.31915062651026
1329	4695	2.31710813947223
100131801	140823	2.31700258874854
150678	199704	2.31674656055774
26521	84191	2.31572129549119
150274	51188	2.31175990289931
150274	150678	2.31124804125281
10899	55863	2.31060415941595
126328	401505	2.31059369287408
10542	5436	2.30991713637388
6146	6167	2.30985055200032
150678	200916	2.3087125441405
539	91298	2.30827064438106
150678	55863	2.30810099077108
28998	515	2.30506257765279
10975	26521	2.30418935317414
1349	4695	2.30266390406622
440574	4711	2.3021353579055
25994	6009	2.30192413572464
27249	5682	2.30003995868226
6633	84233	2.29893008646597
6133	6234	2.29854016100756
51142	59286	2.29846652352732
10975	170622	2.29771166191504
56943	9978	2.29676285951388
10063	4695	2.29515173759512
28977	9521	2.29485293739757
6141	6203	2.29210043651657
150274	51002	2.29184623335414
6161	6206	2.28918281863912
6119	9556	2.28829718875082
170622	51188	2.28771732694024
114926	28977	2.28739305017402
6223	9168	2.28697076590687
100131801	126328	2.28477205871131
150678	8409	2.28008655509176
27089	51241	2.27934405739598
55863	6001	2.27839582347147
6167	6204	2.27775044084233
170622	2197	2.27685791884323
539	9804	2.27668511292029
1347	51668	2.27600159618265
2197	6233	2.27326033754888
4736	6165	2.27282597874363
3094	6165	2.27255455202315
8653	9086	2.27199772448542
150678	26521	2.27061165777303
401505	6921	2.26944505919718
4711	4724	2.26795106347601
4724	539	2.26662777594775
11224	6141	2.26369252606888
25873	6217	2.25878179373703
126328	84833	2.25834483443798
4709	84191	2.25829256055436
4697	514	2.25811904801506
4695	59286	2.25618458400526
6234	6235	2.2522860280694
200916	51188	2.24912777701562
150678	80145	2.24782354203003
6147	7178	2.24742437846557
4724	9419	2.24654290312393
4711	515	2.24540331625104
1163	4085	2.24460925106527
55967	6921	2.2425216143442
27258	51002	2.24134708200104
170622	4736	2.24084346204218
11224	6159	2.24046882444166
6138	6230	2.23965638059604
567	6235	2.23962590563863
56943	6921	2.23923666830194
10438	51187	2.23918282504328
10175	9403	2.23677782733349
6168	6205	2.23552742911839
6206	6210	2.23511044708345
5682	84233	2.23382926362946
131118	4694	2.23216668486774
116541	6633	2.22523935053868
1350	80306	2.22491772448971
51003	55863	2.22255936773083
4694	6921	2.22101118259098
4707	6201	2.21971770442536
23421	91298	2.21890730723827
26521	84833	2.21868644374134
522	6635	2.21819999992126
10632	514	2.21805634604244
3094	4711	2.21705537655979
196294	401466	2.21612429925424
126328	6637	2.21580647577123
10289	10434	2.2145220079772
1329	9978	2.21365343304689
6169	6206	2.2118181929235
114926	51187	2.21127923554918
51649	64979	2.20977930855524
51121	57129	2.20642047952287
114926	6635	2.20223260042252
199704	54819	2.20193322556812
567	6133	2.20154402991617
26521	51065	2.2007345287984
10190	5706	2.20007955006884
4717	84661	2.19932235631762
6119	6635	2.19803134282819
200916	401466	2.19782410356143
10632	58527	2.19620952573454
84661	9326	2.19595384352432
6138	6204	2.19559159793036
4736	6193	2.19339869225141
84987	9556	2.19307581672232
28998	5686	2.19269867786195
54534	80145	2.19221140341488
10190	515	2.18921576004757
10434	84191	2.18787688735603
51188	51668	2.18745113264296
254863	51241	2.18705015596997
26355	539	2.18630085420286
150678	51187	2.18605345715651
1349	84817	2.18497666816432
100128731	113246	2.18466677758679
4695	64928	2.18444506220056
10542	56943	2.18328826975463
170622	6206	2.18306367445032
27258	5682	2.17898366042463
114926	98	2.17817118120421
10632	9521	2.17757078818793
6160	6164	2.17725224240057
6175	7311	2.17421188775425
56942	84191	2.17301022654493
6635	80306	2.17286941676494
170622	6635	2.17258558275669
131118	51650	2.17192329305294
1350	440574	2.1699753027199
23658	401505	2.16953613479073
51002	9804	2.1682740900807
6175	6206	2.16793841391486
5204	9556	2.1668006388346
10434	55863	2.1646040706421
6165	9349	2.16352096648946
3646	4697	2.16159818610114
6191	6205	2.16128000838783
10393	6921	2.15989478567065
6201	9168	2.15893211756236
140823	27089	2.15831118148731
286053	51650	2.15817092754901
10632	51003	2.15792783032541
11235	9326	2.15784449102588
401505	54534	2.15743431952195
200916	6633	2.15630884294087
10668	9556	2.1554646264606
11224	6188	2.15197153396318
6152	6176	2.15167729509011
539	6921	2.15133343173777
280636	5204	2.14939536227051
1349	401505	2.14824906366909
10075	6208	2.14764655357679
59286	9521	2.1475397768432
6143	6229	2.14535659120821
84233	98	2.14326402119952
81853	8409	2.14124294119001
10632	199704	2.14056393900834
51668	6921	2.14012943300681
23643	84191	2.13935747951825
6161	6230	2.13806908284379
4715	84833	2.13782453823718
9446	9616	2.13611729381578
28977	9419	2.13586087105129
539	6001	2.13523192912602
2197	4707	2.13506987764978
4717	59286	2.13451268421434
4711	51527	2.13372164064701
10632	401466	2.13227964635494
6209	6633	2.13042948084508
10190	81853	2.12987244555523
10438	4697	2.12864565952759
3646	51188	2.12788817131237
150678	514	2.12672325284651
1277	633	2.12538696452295
10438	84191	2.12392847417397
4711	493753	2.12189638833337
55863	79072	2.12154292100961
389203	4724	2.12138754493041
27249	84233	2.12122479675281
3106	3134	2.11965827414194
10542	60592	2.11827715790223
539	84833	2.11710646265256
6176	6191	2.11664432544946
4736	6223	2.11512795028096
51668	8649	2.11113959563952
51527	54951	2.11067237802931
51188	84233	2.11021601024372
51188	6188	2.11000163224034
6136	6232	2.10999579823038
116541	59286	2.10862007838539
6201	6234	2.10734770887864
6633	9326	2.10359744224954
493753	51003	2.10347892789621
51668	9556	2.10301423192486
401505	91298	2.10037857840825
199704	51003	2.097805142716
10434	389203	2.09757655732622
51003	539	2.09671219784953
57149	80145	2.09592431750743
6143	6167	2.09514282244835
1345	4717	2.09482261124064
339487	58515	2.09381899201131
10542	10899	2.09357895243065
6235	9045	2.09339884625289
4709	9446	2.09260943931204
286053	539	2.09058622038608
4711	51002	2.09052770309125
26521	339487	2.08993353094726
28977	92259	2.0898136484341
6637	80145	2.08934201686532
51188	5203	2.08797327175608
28998	4724	2.0850296363646
59286	6119	2.08291361734823
514	6201	2.08291273588307
116541	4694	2.08261172977587
26521	401505	2.08243725743248
3682	51188	2.08075881358045
4695	84817	2.07875498589805
6141	6193	2.07860607992004
6223	6230	2.07854508342714
55863	9553	2.07606945821786
10092	515	2.07482735858558
5203	84987	2.073066538356
10092	84191	2.07278178823475
10434	6921	2.07184607863243
6175	6205	2.07139655102644
28977	7411	2.07048579420301
51188	9443	2.07044276645699
10542	27247	2.07024807086933
6119	9521	2.066585011764
51002	9326	2.06652113006143
514	6230	2.06365039012275
150678	391356	2.06358724071645
1347	6637	2.06158603077681
6152	6206	2.0612690453921
140823	8409	2.06061648906856
196294	5203	2.05928180187806
3646	514	2.05869453001918
6637	9551	2.05828812679909
6136	6230	2.05815178925961
4711	81689	2.05617124001309
131118	4711	2.05597488294998
140823	51188	2.05585641814716
4695	4715	2.05545538363768
6188	9349	2.05471411032141
51187	79752	2.05450311538601
6143	6208	2.05253088642288
2197	6235	2.05241366729841
5440	84191	2.04943958030794
6001	9535	2.04901728217268
10975	9978	2.04876507203535
1350	9556	2.04784509579371
10434	11235	2.04657180874038
4736	6155	2.04643448657661
26521	84817	2.04566600569605
10410	10581	2.04501977652314
51110	84191	2.04472093892621
4697	4707	2.04463354957275
27258	55967	2.04461070657619
6176	6194	2.04367662414335
28977	5440	2.04301344682535
26355	9556	2.0401858140381
4717	6635	2.03790631862634
4715	5203	2.03668161210117
1349	56942	2.03552748340925
51668	84191	2.03469100953702
4695	6633	2.03449091558415
6206	6232	2.03317299910456
10668	539	2.03263212230909
51650	6637	2.03196406925742
5440	92259	2.03103194117156
401466	51065	2.03022630862702
6171	6227	2.03008570371157
51188	59286	2.02956683193547
4708	4724	2.02686116475147
1347	26521	2.02661572343041
10668	51188	2.02620640619239
10190	9326	2.02343087982199
6635	7411	2.02294596680277
27249	7324	2.0229459515396
4715	56942	2.02149009637864
10438	81853	2.02113256850273
2197	6155	2.02068361203147
25873	6188	2.02053026316687
56942	58515	2.01943900236281
10190	6921	2.01586438174065
10412	114926	2.0151536902065
493753	56942	2.01358998266246
154467	59286	2.01149361867927
6921	81853	2.01120926413844
51649	84233	2.01070056529424
150274	81853	2.01059435646931
10438	9804	2.01012624777472
4717	6119	2.00974072054125
4724	8802	2.00973331885469
55863	8649	2.00771176201837
1349	493753	2.00593479200275
28977	9326	2.00505543723638
1349	4711	2.0037209591348
10542	84661	2.00254361581402
114926	27258	2.00192103102823
6222	9045	2.00154515610977
26521	9446	1.99767962612922
515	55863	1.99729719413614
1349	54819	1.99551481805881
11235	84661	1.99474889386097
27258	51650	1.99420372427277
10668	55863	1.99399541788243
26355	8802	1.99102804895137
10632	4715	1.99058780660807
29080	54819	1.98997682380293
401505	7411	1.98989456839194
10393	4724	1.98961662749656
27258	3094	1.98863999564567
51187	91298	1.98844516139889
10923	4697	1.98806371985605
4694	9521	1.98801412940952
6168	6204	1.98728439689996
10632	80306	1.98720042158083
1329	6923	1.9852447644048
10190	5828	1.98509021805189
6228	9168	1.98370301340262
51188	5204	1.98283867917449
131118	51003	1.9827408279076
4717	6001	1.98236816567073
1347	56942	1.9821263791806
10923	5203	1.98201299558518
27258	6119	1.98089149313403
51188	56942	1.9792504123973
3646	6201	1.97771632267771
391356	539	1.97722907361301
4724	51023	1.97697942131091
51187	9419	1.97601914678787
51023	6921	1.97588058002596
440574	6921	1.97563044619274
493753	5203	1.97415983162036
280636	4711	1.9735682525767
126328	51389	1.96741467810073
26521	4711	1.96681809012713
746	9419	1.96627683275212
170622	25873	1.9662087746047
4694	84817	1.96554505378505
150678	54819	1.96491924869295
10438	10542	1.96459642123603
10632	280636	1.96407751253277
81892	84817	1.96407497812267
401505	51527	1.96333471766824
10542	28977	1.96251132823388
10632	6193	1.96116704799098
84233	9553	1.95746105754529
1350	5204	1.95711475660616
6164	6194	1.9567312041582
10383	203068	1.95449515989014
10438	150274	1.95419427862046
521	84987	1.95171990130373
285148	6001	1.94973318598594
10063	80145	1.94806083230664
26521	3281	1.9476708448889
23658	539	1.9459953707701
170622	514	1.9456271035198
515	5436	1.94541765875093
10542	114926	1.94469877078507
6129	6227	1.94425753703836
3094	515	1.94417826154782
11235	4711	1.94408889485921
25994	84191	1.94313522683078
3646	6156	1.94309485617135
84233	9521	1.94239589069543
51121	84233	1.94217757141368
6155	9045	1.94205138736964
25994	55863	1.94114895145641
28977	4717	1.94047763301885
401505	4717	1.93997951053425
51668	6637	1.9397868909448
4694	4717	1.93924173839175
131118	5203	1.937330762817
84817	9556	1.93721240569366
10899	9616	1.93719732938999
10092	10190	1.9370006288826
10975	4697	1.93694068846571
10190	4697	1.93619003281189
6136	6206	1.93612995456461
23421	401466	1.93588174217589
29097	51371	1.93474450214912
1350	6165	1.93469005325366
27249	292	1.93411991183182
150684	28998	1.93228437092712
11235	51002	1.93102451036575
55967	5686	1.93060959649883
51187	9556	1.92955255121729
493753	9556	1.92734079847657
515	539	1.92585065890859
2197	6133	1.92509398965191
199692	280636	1.92502813234624
4707	54819	1.92396668829359
199704	285148	1.92319489180676
6164	6205	1.92149253801412
10899	9419	1.92118800373142
51142	84661	1.92015196461848
6176	6233	1.91972745017132
55863	91298	1.91498560579167
51002	6635	1.91476320184695
4711	9551	1.91463808878703
285148	56942	1.91385987044336
54951	84233	1.91325108946272
51650	81853	1.91240162857458
6119	84661	1.9123481101045
81853	84661	1.9118531442998
84987	91408	1.91140593900263
55863	6119	1.90879459544919
6165	6209	1.90830817527412
3094	51650	1.90757406723205
58515	9556	1.90613050955442
59286	746	1.90574973525233
56942	8649	1.90515386555435
5706	80145	1.9038900625711
539	98	1.90325247242715
10923	54534	1.90288756380446
131118	91298	1.89828421287205
389203	515	1.89817591137247
10190	440574	1.89786983230393
6167	6227	1.89687018824911
518	6391	1.89639385377343
401505	6119	1.89638960227184
286053	84233	1.89596361447511
388962	6921	1.89565459658714
2197	6143	1.89548525557554
199692	91298	1.89454676296569
539	7411	1.8942550324154
10063	84817	1.89354610430075
29796	84661	1.8925284979963
55012	84233	1.89238447721163
10476	509	1.89018484014174
6129	6138	1.88861289880379
388962	9556	1.88820230124701
3134	3135	1.88561622282311
26521	84987	1.88537684238661
10092	4711	1.88529851827795
10190	9556	1.88391736331456
28959	55365	1.88299164563315
4695	56942	1.88189327308988
10632	1347	1.88149049624567
2197	401466	1.88102493441656
6129	6146	1.87990494542921
6206	6223	1.87631738424036
4711	9326	1.87614641630254
10063	9556	1.87573713413096
10632	6119	1.87495029366326
4697	6138	1.87445288343595
6637	91298	1.87368805557329
84233	91612	1.8734179869735
6633	9978	1.87327414429945
4694	746	1.8724688799593
10434	8487	1.87182515618409
4709	4711	1.87032006785594
10542	1350	1.86978316544217
6921	8802	1.86882502380886
150678	6188	1.86861531821722
6217	9168	1.86817212515103
51023	56943	1.86728925951858
10671	27249	1.86626210770314
401505	746	1.86612950697905
131118	23483	1.86555242250443
114926	389203	1.86540614228577
6169	7178	1.86485224406734
56942	57129	1.86326623937211
6129	6208	1.86189791235503
28977	51650	1.86147050315984
10476	51529	1.86132808706088
150678	59286	1.86062374096373
6235	7178	1.85987608170368
10175	25994	1.85902130986724
10899	150678	1.85892511401852
401505	58515	1.85842397426948
539	54819	1.85730228100444
712	714	1.85695199289675
10175	10190	1.85576026575189
25994	7411	1.85346986466392
391356	4694	1.85279125866368
9419	9553	1.85159338461251
6175	6217	1.85078268474541
3094	9804	1.85063773243387
170622	4717	1.8495365127867
4711	7411	1.84880790009177
10975	9556	1.84845090621951
4724	83940	1.8472462949049
25873	9349	1.84579176879455
170622	5203	1.84517882840115
10434	9419	1.84433953006467
100128731	6923	1.84431787726
23421	6637	1.84377471519102
51065	81892	1.84350365961465
6209	6230	1.84230472028426
64928	6921	1.84169574358781
199704	6633	1.84065474391069
4695	6921	1.83946540742095
3646	6227	1.83920016604218
126328	4707	1.83904947752012
10063	4715	1.83899192307627
10632	81853	1.83789822285569
10175	10542	1.83771025897111
10063	6637	1.83756075569618
4724	5436	1.83743995494954
9556	9978	1.83687102952571
539	8487	1.8367975368167
84833	91408	1.83577179645484
285148	493753	1.83456581719613
10923	5440	1.83430412094831
1350	401505	1.83381250758342
10668	285148	1.83339927408133
3646	6160	1.83301871909584
6159	6188	1.83279704221379
6233	7178	1.83272783180667
4729	5686	1.83184951669574
401505	9521	1.83173235411368
280636	5436	1.83070548354423
27258	6921	1.82988721831327
6635	84661	1.82939742562384
4694	539	1.8290352817794
6635	9326	1.82878254709319
280636	81853	1.82825006304402
51002	8409	1.82799696697495
51003	91298	1.82756978565076
131118	9551	1.82671614788416
10393	51002	1.82459421956187
1349	80145	1.82265792140055
5828	84233	1.82254091016178
27258	5436	1.82126250172578
55967	92259	1.81592390724644
25994	4724	1.81561270657175
6119	9326	1.81469281631322
29097	965	1.81313492241113
746	84233	1.81255949487552
9419	9616	1.81085633096824
401505	493753	1.81062154081278
4711	4717	1.80921319639919
10190	539	1.80863461731502
6129	6160	1.80833603620703
10393	28977	1.80768908537257
6129	6205	1.80762581164883
51182	7411	1.80663354507781
1350	9535	1.80656419222141
55863	58515	1.80628185597122
10289	4711	1.80457288808759
59286	64928	1.80240040649982
1349	200916	1.80196958311942
6188	6217	1.80087931512404
170622	4711	1.80011942942619
3094	51188	1.79827233759779
100128731	4694	1.79725615895568
51187	6138	1.79680505816521
114926	150274	1.79592525596579
131118	493753	1.79439958858585
51668	84233	1.7927630350068
1350	9804	1.79264041023887
10632	27089	1.79226183017999
10438	131118	1.79082985234397
2896	527	1.78977458417328
4694	4695	1.78967280305841
6168	6234	1.78941669827502
23643	9446	1.78825850235558
10175	10434	1.78817479911188
10434	51110	1.7880472207175
1347	401505	1.78703229874168
6138	9349	1.7868858745072
131118	51187	1.78662777335906
10434	440574	1.78659180355352
57129	78988	1.78446545360748
10923	4707	1.78293258247573
29796	9551	1.78285657839281
10923	80145	1.78184433344258
4711	51650	1.78002471261991
10434	4697	1.77996973964956
4697	6188	1.77995930031322
51527	7411	1.77941308015527
55863	8409	1.77800716101818
51121	539	1.77770943423429
539	84987	1.77754235360816
51065	6637	1.77748497875345
6171	9168	1.77746529065209
4697	9553	1.77743196568337
51699	84191	1.77515572891074
4724	51501	1.77504049372491
401505	4695	1.77445305735591
26355	7411	1.77265912700036
401466	6227	1.77106107360776
6176	6234	1.76796114487451
152100	84191	1.76749121935074
401505	81892	1.76554956700231
4711	5706	1.76490973761905
54819	9443	1.76485212739638
23412	4724	1.76410825881988
126328	5203	1.76372957230819
84817	9978	1.76265215720361
5204	6152	1.76136377518861
10190	10438	1.75974979233785
3646	4666	1.75799789150526
3646	51187	1.7579147114979
131118	81853	1.75754754505742
3281	9616	1.75698325594746
6921	84661	1.75664590070062
10063	57129	1.75586062247597
10438	9553	1.75459037213569
131118	150274	1.75455807034316
10412	280636	1.75338869882119
64979	84233	1.75121753199104
51003	9556	1.75104354508974
280636	440574	1.75030188651039
285381	51371	1.74912749690481
51187	51527	1.74797412098365
56942	9419	1.74713753717477
29796	59286	1.7470824130572
4695	51188	1.74429986165169
6152	6208	1.74256741977333
55012	55863	1.74201542757061
29083	54819	1.74196883937275
10063	54819	1.74122308636759
6119	8409	1.7407996067074
11235	81853	1.73961545321553
140823	4715	1.73928017767122
1329	4694	1.7381038738246
1347	57149	1.73700272596386
6637	91408	1.73635196627371
114926	6921	1.73476804071815
10190	11235	1.73412248756156
339487	9556	1.73339158991424
56943	9419	1.7325790220106
3106	3135	1.73248933520586
6138	6205	1.73207281552342
10092	55012	1.7315087271285
6147	6234	1.731402288564
6138	6159	1.7312290221263
1349	4709	1.7301448020443
10175	51522	1.7297075134969
4724	7411	1.72877792535891
5203	54819	1.72838911142212
515	5828	1.72798248856484
51023	59286	1.72644917022131
199704	98	1.72590274307587
389203	539	1.72574665052448
10092	84233	1.72563404805512
5203	91408	1.7251989695044
10438	539	1.72493158547566
6146	6232	1.72383065473996
10632	6165	1.72382745758354
51649	59286	1.72333765441972
27258	29081	1.72287775148838
140823	4694	1.72191896625889
388962	539	1.72117875114908
6136	6171	1.72110074353007
10412	6633	1.72041822401006
5440	84233	1.71966228559846
2971	54819	1.71855710446325
4697	98	1.71781669349332
51065	514	1.71693338440328
401466	6152	1.7162804809398
113402	5440	1.71530028072991
4695	9978	1.71510586006034
6500	6635	1.71356388869565
1163	6632	1.71342101028354
10542	28998	1.71277911799762
116541	64928	1.71263876919105
150678	9551	1.71168439760778
6208	6234	1.71067859341505
539	9553	1.71021309184776
126328	4695	1.71015984815117
54951	9403	1.71005202358665
6921	7411	1.70943605538256
401505	51121	1.70938301005721
4724	55863	1.70934515106678
404672	59286	1.70875373939598
1350	5436	1.70843702374461
54819	91408	1.70769101075133
51188	84833	1.70749591341296
6147	6206	1.70688100106384
55863	56942	1.70670462090134
10923	51668	1.70653666841951
388753	51188	1.70622194175393
119392	51065	1.70577017081218
388753	80145	1.70495528971968
25994	27247	1.70486236100344
285148	539	1.70472254996932
1349	91408	1.70393777354654
6228	6230	1.70324924760171
10412	539	1.70272233176835
27258	28985	1.70203179316482
114926	1345	1.70015643288525
84661	9978	1.69969223146165
285148	6637	1.69962918091978
4695	51650	1.69513169323848
23421	6001	1.69404337091703
3646	6206	1.69398946552384
10632	84233	1.69362077458208
3336	6921	1.69332330969396
114926	401505	1.69306368619074
59286	9616	1.69037874694288
10632	285148	1.68904945723577
401505	54819	1.68787279297021
280636	9556	1.68768396135724
10632	23483	1.68699999681139
64928	84817	1.68688023639058
28998	5682	1.68683944346598
2958	59286	1.68652636796324
10190	150274	1.68618724369909
391356	9556	1.68498543658722
126328	63877	1.68422554637065
285148	54819	1.68351957252921
10476	150684	1.68313960358052
25873	6138	1.68252924033775
114926	144363	1.68179108202197
51065	91408	1.68105386164199
79752	8409	1.68054547278569
4717	8409	1.67605160281678
10092	55863	1.67578099050048
10190	29880	1.67464193573766
25873	6227	1.67447560614894
140823	26521	1.67360764235023
286053	6001	1.67269089757026
280636	51650	1.67263410869371
150678	521	1.6723817318636
1347	51389	1.67211686121168
5682	5683	1.67160766287783
10434	522	1.67150772624949
4694	84661	1.67150398272991
6633	84833	1.66971039535676
114926	3646	1.66890610886586
2771	6892	1.66800988829862
27258	9326	1.66740648704075
6141	6188	1.66587247478058
1163	51142	1.66537238465504
286053	9556	1.66478245437989
4724	515	1.66403362471436
10063	51668	1.66240650330057
391356	59286	1.66171814270504
25874	84661	1.6610537700548
170622	6193	1.66008577952529
23658	4697	1.65951572113593
200916	4707	1.65838859938175
6175	6194	1.65679211551556
6633	6635	1.65620262946119
23483	84987	1.65601065868073
10190	92259	1.65588227366435
4715	6633	1.65483662740658
84661	9804	1.6526877424772
514	6146	1.6525017620043
1350	59286	1.65171775803114
401466	6633	1.65149333600089
280636	59286	1.65145662260001
401505	51003	1.65051490822262
114926	91612	1.64970182154715
6208	7114	1.6488716140715
27258	55863	1.64841636120274
10434	3094	1.64773601063274
150678	23421	1.64672660402075
51110	8649	1.64668584110575
23658	3094	1.64614854253514
10975	4694	1.64396711678076
493753	57149	1.64387033914453
51002	6921	1.64354857365207
539	9551	1.64248376248895
51002	51650	1.64233483125252
59286	91612	1.64214423014163
51650	56942	1.64183743457271
440574	4724	1.64180303738696
126328	200916	1.64010131229864
51187	7411	1.63995804667983
26355	4724	1.63978311916692
51650	80306	1.63899088002585
11235	27249	1.63853669683482
51192	59286	1.63793391733538
51188	6138	1.63710919286125
10899	7411	1.6366566235833
4724	9326	1.63628123283664
1345	4694	1.63605128997598
51668	6119	1.63532295709947
440574	9419	1.63447501768093
9521	9556	1.63363153691773
10434	515	1.63327400749862
4717	98	1.63317051512738
5436	5682	1.63205013769493
5203	746	1.63185374842204
5204	6160	1.63183527986143
4706	4711	1.6313663466879
6194	6229	1.62920007127911
10899	59286	1.62868549061848
114926	285148	1.62755830388912
10542	28985	1.627477785959
131118	6119	1.62585375148659
4697	51188	1.62466447273978
6146	6188	1.62440687755971
28977	9556	1.62345899846791
6232	6234	1.62316877179044
25873	84987	1.62296061240032
285148	51003	1.62270757173477
126328	51065	1.62267189874478
10899	51187	1.62234234383367
10434	81853	1.62222895332715
4717	51668	1.62067739089537
4736	6232	1.62058979152997
6188	6201	1.62044713895116
131118	138241	1.6197820181093
6136	6188	1.61913129339572
4820	57730	1.61857255156954
515	5683	1.6180009422723
10190	60592	1.61664690291194
401466	9556	1.61658929372568
200916	51065	1.61469633190237
10092	10438	1.61371677729844
10923	58527	1.61336801722271
339487	56942	1.61229740033433
404672	9978	1.61127142153776
6001	98	1.61078712766316
25873	6136	1.60991730243712
170622	9804	1.60927530663653
51693	9978	1.60924081954759
51110	51668	1.60883028612447
6141	6633	1.60791125418433
51650	91408	1.60572513220124
4495	4502	1.60571636624525
114926	4694	1.6052964547352
10632	55863	1.60478579791118
51065	54819	1.60372421668765
23480	51241	1.6037079915507
23421	79072	1.60367953925673
5682	84661	1.60357334483733
6921	84191	1.60284491694017
10632	116541	1.60232792847961
27109	54819	1.60227180381668
4715	6637	1.60167567179164
59286	84987	1.60152469355176
51501	5682	1.60107351060891
51187	5828	1.59996363564104
10542	7411	1.59987673872445
401466	6201	1.59967820493818
6146	6175	1.59961931743144
6159	6633	1.5992916479399
29880	65991	1.59703266219793
91612	9326	1.59657620300249
1278	1289	1.59461865381353
10975	59286	1.59442537273454
6633	91612	1.59404334502033
150274	4697	1.59365699670628
10542	4708	1.5927157309334
28977	4724	1.59239208164671
10190	28977	1.5909143282968
131118	401505	1.5899683767166
4724	84661	1.58950409124728
100131801	4707	1.58916073342751
4711	56942	1.5890033974842
440574	59286	1.58725615084053
51187	8487	1.58580022521835
4717	51065	1.58569456586235
51389	84833	1.58557629263827
10190	3094	1.58519448832085
10434	7411	1.58400377002495
522	9521	1.58298768231249
6152	6234	1.58214505984005
1329	29796	1.58158970070216
401505	51389	1.58140485649388
6155	7114	1.58125810813183
29796	9978	1.58007452697073
150678	5204	1.57900969744651
150274	5828	1.57889038948935
64928	9556	1.57878700758015
6209	6233	1.57841918094411
23658	4711	1.57564989562987
539	91612	1.57553804472173
514	6169	1.57533876847709
55863	6633	1.57487460155424
5203	9443	1.57236038212185
6170	6235	1.57041901157178
401505	84987	1.56890800222854
25873	3646	1.56855343111545
25994	29097	1.56849184813301
150678	23483	1.56830462864127
29081	84233	1.5681258540527
388962	4724	1.56719895298909
4711	8649	1.56696060999931
51065	9556	1.56656689230812
6209	7311	1.56594338509539
63877	78988	1.56589096556056
113246	6141	1.5656711839732
4711	9553	1.56334170831182
4711	51188	1.56245809404818
27258	539	1.56204099113567
150678	9419	1.56040784133473
1350	4697	1.55981138059098
199704	23421	1.55968170088467
29097	3281	1.55862983220923
6136	6168	1.55828984533496
114926	5828	1.55818068234478
131118	401466	1.55811049301857
4736	6633	1.55747639284266
401505	6635	1.55710380997513
1350	6193	1.55687982972843
10434	4706	1.55685716256452
6147	6230	1.55591404805943
55863	91612	1.55546114440725
1163	28998	1.55538965583971
54819	55863	1.55437997515068
116541	84987	1.55344002621378
29097	84191	1.55259105449834
23483	51188	1.55257512193376
509	5686	1.55243725710071
113246	8409	1.55047350401216
51003	51650	1.54908823477189
1164	51668	1.54854459649987
4711	54534	1.54840406704397
3646	8409	1.54529099117789
6921	80306	1.54470318752147
51188	57149	1.54420512092494
5203	9556	1.54407554070449
5204	9045	1.54254175766922
6176	7178	1.54211000519211
4666	4736	1.54126694176623
401466	91408	1.54119619166457
51185	91298	1.54105737585392
54951	5706	1.54043130606481
6159	6165	1.5393230706993
100128731	404672	1.53898927423215
131118	28977	1.53826687800521
152100	54534	1.53769435026588
6193	9349	1.53734022536289
11235	114926	1.53721374766779
10542	64979	1.53587448757328
6193	7311	1.53574910959057
10434	539	1.53546028344013
6160	6234	1.5352079248247
6222	6227	1.53428627504024
150678	746	1.53360931848473
391356	8409	1.53332875988221
3094	440574	1.53122760681656
10438	51110	1.53117194002524
26355	6921	1.53113746623737
10923	57149	1.53089626419612
10899	4724	1.5298723173393
3094	522	1.52969722000421
51187	91612	1.52853974810588
401466	63877	1.52797560610611
51187	9521	1.52778344266478
59286	64979	1.52777391832567
2971	6001	1.52776344435831
196294	51188	1.52480869005666
80145	9443	1.52475736669182
4697	84987	1.52440544558952
3094	4694	1.52330245226684
28977	81853	1.5229213054488
51187	51650	1.52273939338812
150274	51650	1.52209386465323
401466	5204	1.52179202707892
28977	84817	1.52103702015016
51650	54819	1.52042361098454
3646	6001	1.51980431984611
10542	92259	1.51945921503979
10190	54534	1.51916323670273
23412	515	1.51789104796404
51372	6152	1.51768485592097
10899	4697	1.51749738083165
10063	1349	1.51674683996002
8409	84987	1.51669910867168
10434	5440	1.51669079203558
10632	80145	1.51653076327241
6155	6209	1.5162171602529
54819	98	1.51617367065419
1350	8409	1.51583981476906
539	5828	1.51468763304124
140823	84300	1.51271989718666
3094	7411	1.51196656925997
140823	51650	1.51164825407707
6136	6175	1.51024771844984
4717	6921	1.50867938806716
514	6233	1.50756074261782
51389	5204	1.50709747067818
58527	98	1.50709504676051
6001	84233	1.50495603877996
4695	58515	1.50439517963371
6161	6170	1.50398848485938
143879	401466	1.50361145514182
51372	6169	1.5032648154286
59286	6635	1.50279483516801
55863	8487	1.50246678385566
10190	58515	1.50242482850928
26521	4694	1.50147016710667
10190	51668	1.50026782965028
4711	51065	1.50009758410214
126328	401466	1.49997959474674
10412	3094	1.49881177243045
3646	4717	1.49701206695772
10393	10438	1.4958297405167
9326	9521	1.4949084993088
131118	54534	1.49441234948774
11224	6136	1.49439393044023
6132	6193	1.49362507364336
51241	5203	1.493005989957
100131801	10632	1.49292250651633
150274	401505	1.49258880844666
10668	150274	1.49026755599684
5203	6633	1.48893959935176
51187	98	1.48852256767055
10434	28977	1.48798681596491
10190	8802	1.48653435723639
138241	55863	1.48646028764597
26521	9419	1.48607116201209
51002	9556	1.48541972686587
51668	91408	1.48511076697132
114926	6138	1.48508701846248
28977	8409	1.48494496889696
10923	84191	1.48476103236151
10542	91612	1.48338113174959
6136	9168	1.48306808793935
150678	9521	1.48238349299652
7411	80306	1.48201299349931
51142	708	1.48154747494566
10092	81853	1.48099494907207
1350	9521	1.48095925317657
57002	65991	1.48074567394222
10434	51527	1.47986882255638
114926	280636	1.47815696182677
10063	9551	1.47788610591521
51187	57149	1.47774486734215
1164	6637	1.47717113194768
6119	80306	1.47692946261302
2197	9349	1.47632246990648
8802	9419	1.47596065466797
51188	91408	1.47198340241608
126328	4715	1.4712527663467
51003	84233	1.47091609337123
493753	539	1.4701894948292
10092	11235	1.47002284079283
1345	1350	1.46887562809891
51668	539	1.46863096469916
23421	2971	1.46782808106927
51668	54534	1.46702122294558
51650	746	1.46635224624155
1277	1290	1.46609962039755
54534	55863	1.46531812565846
5436	6119	1.46474214551332
2971	6637	1.46443393421213
51650	8533	1.46438784622352
10632	9535	1.46414005626458
10923	51187	1.46412339426684
6119	6637	1.46393957578177
10632	6635	1.46341249596304
51650	98	1.46298618981622
10075	6147	1.46244842648132
9616	965	1.46239498401517
10671	5682	1.46219165541003
4707	6637	1.46214142575319
286053	59286	1.46210404233279
2197	6159	1.4619375998291
6169	6170	1.46158813749375
28977	51649	1.4603750803033
2958	56943	1.45989253963314
51187	5203	1.45925509064816
4697	5203	1.45778828900998
28985	5682	1.45757186927402
10092	10434	1.45748060686727
539	91408	1.45743745495356
339487	401505	1.45736946138709
4707	6217	1.45635049872886
3094	689	1.45587448382497
10075	6155	1.45383015528451
29796	404672	1.45213091477665
51023	55863	1.4519036035992
3646	54819	1.45189094645794
6138	8409	1.451434854504
10899	388962	1.45048818305512
10632	51065	1.45038694496421
58527	80145	1.45003743866804
1347	9556	1.44977409010916
199692	5828	1.44966907634899
10438	5203	1.44916772927894
4717	9521	1.44784352775462
6141	6165	1.44757406422824
4715	51065	1.44750344865545
10632	6001	1.44508918068257
51065	57129	1.44436418651644
55967	5682	1.44407347649569
51082	51650	1.4430716850433
10434	401505	1.4430022214589
1163	27258	1.44200265681097
58515	9616	1.44194105793699
10975	5203	1.44155189504392
51668	54951	1.44146373354217
1350	23658	1.44068804076675
8533	9521	1.44041360688088
10381	10383	1.44024502435979
10632	56942	1.43968931566141
4085	6119	1.43951943878467
515	81853	1.43943430246625
114926	388962	1.43743621154982
150678	56942	1.43665264427248
10542	51002	1.43530126077605
150678	6119	1.43527424423052
51003	6637	1.43493754058367
170622	9521	1.43475428499609
100131801	521	1.43393734721535
28977	57129	1.43384836314003
280636	55863	1.4324800979286
150274	54951	1.43237775492742
746	84661	1.43116772028177
3094	51082	1.42817023944174
1329	59286	1.4271477895747
401505	51650	1.42670029732087
10434	54534	1.42634384342134
26521	6921	1.42572956386145
29081	84661	1.42519973160453
6167	6209	1.42462509529143
55024	931	1.42448771767005
6129	6232	1.42373117978304
200916	5203	1.42295194741932
10542	5828	1.42282237157007
23658	5203	1.42278922806777
10899	150274	1.4212841430002
6129	6175	1.42048422050917
25873	6146	1.42033750326235
4736	6208	1.42007356885647
54819	6001	1.41972063516468
51002	81853	1.4193246181634
23483	493753	1.41916597281979
51527	55863	1.41878295671752
2197	84833	1.41821459342197
514	84987	1.41770956834446
6188	6230	1.41745087953555
3094	4724	1.41674804433494
440574	9978	1.41501100274743
51003	91408	1.41500950942835
10393	4711	1.4148906132759
6188	7311	1.41481137214885
10412	3646	1.41416262705014
64979	6921	1.41363492126028
10092	84520	1.41292604014797
6188	9556	1.4128901757849
5203	539	1.41278037418958
4736	6210	1.41261929707138
51188	81853	1.41211669308127
11235	9804	1.40987475225593
131118	170622	1.40937005299439
493753	6637	1.40930763515268
8533	9556	1.4089746432189
114926	51003	1.40885063267362
391356	84987	1.4074781836819
51501	6635	1.40719296885489
150678	6138	1.40697485122527
55863	6635	1.40663177014609
6232	9045	1.40625774471549
391356	4717	1.40578066920497
280636	84233	1.40577750042138
10632	10923	1.40503964440156
25994	54951	1.4049960448804
6146	6191	1.40480513209396
391356	401505	1.40374760959191
6921	9978	1.40358809777782
55863	9551	1.40305539643373
10434	51649	1.40281953070297
27089	401505	1.40256346314556
4709	56942	1.39956421023847
5034	826	1.39870445274334
401505	78988	1.39760542775949
1347	91408	1.39725590041672
401505	79072	1.39694542155033
10975	84817	1.39675845982273
23480	4706	1.39634029643943
55967	8802	1.39622612292838
10923	23658	1.39554278341318
6136	6176	1.39527830874997
7411	8802	1.39505612141812
140823	6188	1.39431640804575
91298	9443	1.3934549646971
3094	80306	1.39326047034487
4715	81892	1.39296494587662
23658	9804	1.39243981595304
51188	51389	1.39120699187392
29880	58515	1.39098723314552
51501	5436	1.38966671675653
200916	9556	1.38826865489664
10190	51121	1.38757128225366
5440	54534	1.38755820217046
51650	9521	1.38686850349851
131118	1349	1.38660601165761
3094	91612	1.38610347086473
527	975	1.3858904170581
5828	8487	1.38538554093246
3646	6194	1.38533519728238
6633	91298	1.38476399030223
10190	81689	1.38356962215854
5204	54819	1.38312242372051
51003	59286	1.38280604626199
54819	79072	1.3827891855935
10542	11235	1.382297517541
84191	965	1.3811210014096
3646	5203	1.38023813385442
493753	51315	1.37913006098671
4706	84233	1.37856431619611
4724	5828	1.37834876118989
4694	51023	1.3782847252709
10542	6827	1.3781963302813
6175	6201	1.37814011819449
10632	98	1.37756507853343
4695	91408	1.37678242432318
59286	84817	1.37634818115187
140823	5204	1.37526587568893
10975	9551	1.37508517529962
11224	6633	1.3748025894946
113246	6203	1.37472492965928
3281	9446	1.37410847549917
115106	29081	1.37387071419085
1350	389203	1.37341213602096
388962	9521	1.37340715786031
25994	84233	1.37296256790078
10476	5683	1.37255442045331
285148	401505	1.37155248507281
150678	388962	1.37113826716667
28977	51187	1.3705799791845
4694	51693	1.37038820339702
401505	9551	1.36815538700873
26355	9419	1.36771432995544
150274	98	1.36674224454649
131118	23421	1.36642633765883
493753	51187	1.36567870780224
6119	81853	1.36536758651715
11345	51714	1.36517659098622
51065	8655	1.36507540870322
23643	29097	1.36437558205201
388753	54819	1.36320892816378
11179	51187	1.36297340348571
4695	54819	1.36174719053909
493753	5706	1.36170039411055
28977	54534	1.36158215702417
4694	84233	1.3613343308473
10542	9551	1.36128985927002
6156	7178	1.3609160274497
51121	9556	1.36037619273798
28977	64979	1.35938542912373
10975	84833	1.35910949570223
401505	5706	1.35900998090328
27089	4715	1.3589185746106
150274	8409	1.35816569157838
10092	10542	1.35755172704332
6191	6204	1.35642425730708
6156	6175	1.3562162899223
56942	84817	1.35557419966995
54460	9556	1.35303495647426
10393	10542	1.35297370802472
51002	51023	1.35120991606996
4697	6500	1.35112017751712
29097	6921	1.35019083336506
401466	401505	1.35017608015092
6500	9804	1.34819851560575
389203	5436	1.34711743713795
27089	6633	1.34696445555521
4695	84987	1.34647561647425
29796	55505	1.34641608019711
10476	51255	1.34518238371335
539	6165	1.3449521237193
2958	51142	1.34488515216204
3646	91298	1.34359381905234
3646	6635	1.34359243917087
6921	8649	1.343486352673
80306	84233	1.3430239772696
285148	91408	1.34298212486378
10632	126328	1.34235977627472
114926	7411	1.34132405484899
4697	9804	1.33892331419655
4717	57129	1.33828144057833
51002	6633	1.33799233142291
23421	51650	1.33733862452302
10542	9556	1.33640010269549
4715	51188	1.3360064657538
6155	9168	1.33600457373947
4711	6119	1.33541578635006
10063	10632	1.33463866927987
567	6228	1.33417371470004
138241	98	1.33313873709849
29880	60592	1.33203301973562
10063	26521	1.33114377358857
4711	8409	1.33049664057145
29081	55967	1.3304173914684
10434	9804	1.33021949960445
126328	819	1.33016709372573
6160	9168	1.32881319166827
26521	51668	1.32863033218122
4697	59286	1.32782709262388
440574	539	1.32742937689722
3094	389203	1.32601420747109
100128731	8409	1.3256801006696
51668	57149	1.32505882021347
51079	51529	1.3240476842113
27258	51142	1.3234643015053
170622	23658	1.32338329717399
51187	5440	1.32307991448309
57129	9556	1.32307380139191
25873	521	1.3227425566672
493753	51668	1.32222347059993
150684	23412	1.3201100791799
51527	5440	1.31942020024402
80145	9556	1.31908031990046
51527	57149	1.3183310243413
10668	131118	1.31813286735117
25873	6159	1.31789155250098
4707	6152	1.31749635113017
10542	150274	1.31714493599867
59286	80306	1.31685111244371
51002	51187	1.31667853770447
23483	6633	1.31606809378314
51121	9521	1.3152523707581
80306	8533	1.31462994567462
10434	9553	1.31396721425967
3959	710	1.31394132507132
56942	6001	1.31393594005519
389203	9804	1.31380004620669
27258	6635	1.31333228589289
10542	80306	1.31331827076082
10668	401466	1.31239377177621
131118	280636	1.31228491450571
1349	539	1.31181464497786
10975	4707	1.31148810926749
285148	79072	1.31141529385272
388962	51650	1.31113601325725
6637	79072	1.31097935155174
114926	23421	1.3107088936233
51389	9556	1.31036158757963
10190	51188	1.30995471914285
55863	55967	1.30832871188559
6191	9045	1.30793520580858
28998	9616	1.30739178033476
55863	93081	1.30588674426309
10632	404672	1.30563362176738
10542	51501	1.30505578483466
5683	6717	1.30466970313864
92259	9419	1.30443763289069
2971	51188	1.30435569856906
26355	51121	1.30423267539892
6633	9535	1.30319807712411
26521	9616	1.30313744009512
10632	6209	1.30133350508358
5204	6637	1.30063962269971
388962	55863	1.30055447852826
131118	84833	1.2995312063837
10438	6921	1.29924694001248
84833	84987	1.29903241272936
539	54951	1.29891877580023
515	54951	1.29858248601554
514	6235	1.29835274950836
10975	25873	1.29799606779785
4711	6635	1.29791641020138
10467	51693	1.29790287917379
10063	4717	1.29740063917939
10899	51121	1.29625021258416
51188	91612	1.29583592878342
4717	54819	1.29562985966766
1349	51188	1.29547361756701
119392	80145	1.29456341329168
4715	9551	1.29452487317561
10542	27258	1.2942696468431
81853	9978	1.29379151048836
56943	84233	1.29256373709008
51264	51529	1.2919482287011
23658	84233	1.29168739608165
79072	9556	1.29146829625366
23658	51188	1.290398527643
199692	539	1.29039254784601
84233	93081	1.29025941461581
29080	401466	1.29024402003019
515	8487	1.28961132923432
8409	84661	1.28924470638087
28978	84661	1.28833543112221
23412	9616	1.28826868001156
10542	10632	1.28754831741758
1345	6633	1.28749529091906
10542	51121	1.28734565968705
1350	9326	1.28684549167623
10438	8487	1.28607769491939
10632	84817	1.28607420260039
64960	9556	1.28439646556866
51121	9419	1.28282178682402
51693	9551	1.28208472750528
1350	7311	1.28193053614573
51649	84661	1.2817582043894
200916	539	1.28175187031712
55863	5706	1.28145202854199
3094	4706	1.28134528092306
1347	84191	1.28098971232126
11167	1278	1.28086438391424
4729	6921	1.28071807906235
493753	84987	1.28059690508611
10434	6635	1.28056400485148
6119	91612	1.27978811408505
27258	56943	1.27921646849395
280636	9326	1.27896935006393
26521	51389	1.27876337064064
51187	6193	1.27874534539665
4711	91298	1.27775947557492
10632	51389	1.27732406477983
6164	6204	1.27636316232497
131118	84661	1.27635478220396
118487	59286	1.27557291066412
56943	9551	1.27393032965106
84233	9551	1.27325482825506
114926	51023	1.27272531398025
51527	7336	1.27270067491349
6129	6228	1.27269180090317
51110	5440	1.27266485275762
23421	539	1.27258770664561
26355	388962	1.2725347923022
4709	6921	1.27198828064852
114926	80306	1.27153999560035
404672	746	1.26880774409581
1345	9556	1.26880090979361
10542	5682	1.26859824618003
140823	25873	1.26814614131718
1347	2123	1.2679223638787
280636	6921	1.26783110890063
6637	84300	1.26717807592891
401466	6230	1.26656751567905
10542	58515	1.26622806282963
4711	9978	1.26579352005457
401466	51668	1.26569655927113
10668	54819	1.26546311744236
4724	92259	1.26532736000287
114926	9419	1.26433457910378
51650	8409	1.26422894131895
5204	6209	1.26380704353036
140823	51693	1.26378111519649
3094	84661	1.26356644546248
100131801	6633	1.26310005092351
51012	6635	1.26245325797173
493753	79072	1.26223828775344
1349	84191	1.26180684679114
10438	51668	1.26168978116069
6175	9045	1.2610030842488
514	6155	1.25896469210615
4711	5203	1.25854389790657
23412	65991	1.25756384967381
1350	6001	1.25733670110611
131118	91612	1.25710496787283
10632	51668	1.25677966695042
28977	522	1.25628971941079
55967	6880	1.25623506796511
23421	51003	1.25612639826632
10434	80306	1.25588032018888
81853	9551	1.25445410036147
2958	6635	1.25418642548892
6921	9521	1.25280008648293
388753	84933	1.25260685246053
54534	58527	1.25255612742547
4724	64979	1.25244841624635
401466	51003	1.25200086941621
7411	8487	1.25188826633059
280636	51187	1.25177328981152
388753	401505	1.25050518606125
59286	6827	1.2504641619691
10542	199692	1.25045864206548
57129	9419	1.2501940332439
5203	56942	1.25009413165544
10063	126328	1.2497979011083
10393	114926	1.24818351353757
10899	6827	1.24758680701952
23421	285148	1.24755675399889
3094	6500	1.2451948294577
51003	6001	1.24440145751115
6001	6633	1.24421626586699
150684	51142	1.24360072864159
10438	114926	1.24354478167275
6233	9045	1.24311111360583
6188	6194	1.24181263306837
80306	84661	1.24131669471047
131118	4697	1.2412802813666
11224	6176	1.24110007249313
515	55012	1.24093801198099
4736	539	1.24033137409051
3094	55863	1.23956607524255
404672	84661	1.23933575311091
100128731	746	1.23906507061298
6138	6169	1.23898061984269
57002	5828	1.23875074130083
150678	79072	1.23677532124739
114926	5436	1.23658767766792
28998	6880	1.23646127622393
170622	51241	1.23641085476805
4724	81853	1.23607705814322
64928	9551	1.23565397637785
23658	8409	1.23468804533139
51142	8409	1.23456568189712
51142	81853	1.23363605216407
152100	55863	1.23342675319045
84817	84987	1.23308621519193
4694	9326	1.2330127701858
51187	5204	1.23241121521833
200916	57820	1.23190553214301
150274	51003	1.23161240997633
515	9326	1.23149713660567
4711	80306	1.23140660186968
10412	5204	1.23049702399583
84191	9556	1.23026078575572
514	6206	1.22911405173979
4697	4717	1.22892613911348
5440	6921	1.22856516933552
4694	4724	1.22781121246594
10438	2958	1.22572236854632
10899	58515	1.22561723156564
10975	8409	1.22529210473863
4729	55967	1.22526518647755
4717	9551	1.22479409062253
10668	91408	1.22468026197008
51650	9326	1.22420950828594
440574	91408	1.22308090871136
10671	2958	1.22303050776013
285148	84833	1.22280571285509
5682	6717	1.22267381821347
6171	6206	1.22174699072083
200916	23421	1.22166572159132
6143	6168	1.22152712871608
514	6152	1.22151205515167
292	5682	1.22122066182168
51142	51258	1.21982788864435
6635	746	1.21975550401365
5203	6637	1.21968960930481
116541	9978	1.21926001219223
150678	6001	1.21847368032614
1164	6119	1.21813851914804
114926	51668	1.21610381299595
4697	81853	1.21585533144876
3682	51003	1.2153234643112
6119	7411	1.21460169167081
5686	8802	1.21449310196231
10190	280636	1.21412195976587
5440	54951	1.21396507083876
4724	51002	1.21318990274981
6171	9045	1.21285109470429
4717	51023	1.21219112479068
26228	931	1.21203079304171
27258	81853	1.21154223024612
10289	6500	1.21122099380912
79752	84233	1.21067173307211
10175	4711	1.21049400156472
1164	84817	1.21016728126027
401505	80306	1.21007032364402
10190	51002	1.20989144308254
391356	9551	1.20953000942681
26521	8649	1.20941199765003
51371	9446	1.20773257336034
26355	51650	1.20754028769164
126328	84987	1.20672199647004
84661	9551	1.20648364094144
11235	8409	1.2059180660984
10632	6921	1.20576073329619
1347	58515	1.20492729840001
150678	57129	1.20477688488793
10539	5683	1.20324416193279
6637	9419	1.20283046029695
6633	9349	1.20231911908188
51188	84987	1.2017870642541
100129792	5143	1.20176091308024
51188	7411	1.2017489249741
51187	6165	1.20110428335674
493753	55863	1.19996099387208
196294	54534	1.19957640785888
4707	57149	1.19949795593706
7411	9556	1.19911440146968
150678	23658	1.1989940315031
1164	1349	1.19846041027131
10063	140823	1.19845404868087
51002	51188	1.19840826037368
493753	6633	1.19787896945038
4709	55863	1.19761978326672
10190	6635	1.19714080218428
6233	7114	1.19613451758406
153339	27249	1.19567841158441
51065	51389	1.19489196700805
29081	51649	1.19356032893835
6206	6234	1.19339758316175
1163	28977	1.19238901753167
27109	98	1.19222566207061
55863	84661	1.19155892257681
4706	9978	1.19063158147169
10923	1349	1.18990589162476
4711	91612	1.18986779932072
514	6204	1.18986622821044
5204	63877	1.18941989377592
122961	5683	1.18820790325406
389203	9326	1.18770318521726
25994	51110	1.18710692081328
280636	9535	1.1870927116291
6921	91408	1.18623205629083
389203	440574	1.18614589972385
3094	5204	1.18570692433976
170622	84833	1.18480325465321
27249	84661	1.18443463912983
51668	6001	1.18362147604085
51187	9553	1.18226372842109
58515	6637	1.18206055118879
285148	51650	1.18184088379821
131118	286053	1.18172907613204
150678	51121	1.18156219533555
286053	5828	1.18147584227566
3094	6921	1.18139295672726
1329	27089	1.18098563005913
4711	92259	1.18082144025606
100128731	84661	1.1806861839563
6637	84987	1.18056479718319
170622	401466	1.18039200882424
10434	6500	1.17986647249214
6152	84833	1.17912809252963
27089	391356	1.17903700005592
10190	8649	1.17790092291589
404672	84987	1.17770756755008
78988	91408	1.1775704172619
1163	708	1.17661948578645
6176	6227	1.17660732935847
55863	84833	1.17633433899105
10393	84661	1.17573242193474
7411	9419	1.17558736147588
28977	56942	1.17552393250085
28977	8487	1.17529068164443
11224	6234	1.17505505998736
27089	5441	1.17459138222755
10632	440574	1.17331035759971
27249	51501	1.17291208130311
81853	91612	1.17209572816307
10190	28998	1.17158994220539
4715	57129	1.17147763793075
10480	29789	1.17135593660951
339487	6921	1.17116108009085
10899	28977	1.17110390055965
23421	51668	1.16942730206099
25873	8409	1.16889174026523
4717	56942	1.16856252488169
401505	57149	1.16813922035133
199692	9326	1.16712724066566
285148	51389	1.16588748362023
5204	6201	1.16573087403619
200916	3646	1.16541530191281
51003	84987	1.16477674685284
5204	6136	1.16453143237277
10542	5440	1.16384212204926
114926	51121	1.16334303612553
150274	58515	1.16311662164511
10092	4697	1.16256784343701
10668	6637	1.16233330220218
23421	493753	1.1619554239145
54534	54951	1.16137394832659
389203	4697	1.16106554615975
150274	23421	1.1609271315031
28977	51188	1.16016771833559
8409	98	1.16016391606857
51188	9326	1.15979270687708
26521	4697	1.15978303742381
3094	4736	1.15971657245134
339487	9419	1.1589626923857
84300	9551	1.15893949183698
391356	51188	1.15873706801252
6632	6921	1.15851098106015
51371	84191	1.15789181636351
10190	9804	1.15740332276847
51065	539	1.15695995805884
10289	404672	1.15654109039135
25994	54968	1.15620276985595
4694	81853	1.15598239321625
8649	965	1.15581792774586
10975	391356	1.15520368619979
746	8409	1.15516144068794
401466	539	1.15454810527497
4694	51650	1.1543828753888
1329	140823	1.15429480591196
10632	746	1.15398846519766
23421	55863	1.15397255935691
4697	6637	1.15380600220916
10476	51019	1.15359478009245
58515	91408	1.15354814160492
10671	27258	1.15292192184543
116541	27089	1.15282523115903
55863	80306	1.15130396236704
51255	51264	1.15129424475198
10412	8667	1.15116314173806
23483	81853	1.1508950378998
150678	51668	1.15063335456324
10438	54534	1.14876793995271
5436	81853	1.14795698043964
746	81892	1.14785553316875
4711	80145	1.14777300571655
51110	6921	1.14767550928516
140823	4711	1.14713113325748
51110	84233	1.14697793100529
6633	84661	1.14675149132722
23658	6119	1.14620769010984
54951	57149	1.14620315973005
28977	80306	1.1459429440515
150678	81853	1.14577575850238
388753	55863	1.14490532184144
1329	64928	1.1448773438307
4697	51668	1.14375693023173
5686	79023	1.14350371992234
114926	26355	1.14335613257112
121053	131118	1.14330882653789
114926	79752	1.14327301348637
11224	6169	1.14326262461271
4495	645745	1.14192549966858
10434	4724	1.14186285216901
539	84661	1.14147554050203
5440	8649	1.14126203027487
51522	60592	1.14083972212111
23658	9419	1.14075266967615
5706	91298	1.13984748577099
286053	54819	1.13960396418031
2958	55863	1.13881124274412
1350	55863	1.13861170911528
285148	4711	1.13754647989685
389203	51187	1.13742998047597
126328	140823	1.13714006396976
10542	6633	1.13700391768906
29880	9419	1.13679186370739
10668	5828	1.1358692979836
1349	9443	1.13516225839275
3646	51065	1.13482101869417
10975	81892	1.13405284943055
4717	80306	1.13392033670806
150684	51264	1.13283355913284
28977	51023	1.13144925697438
10190	55012	1.13087779876998
1278	6678	1.13008260573772
51121	58515	1.13002537006839
58515	64960	1.12975265958601
51188	8487	1.12950769325021
51389	91298	1.12937423394746
4711	84833	1.12927348589292
10438	51699	1.12841143541553
6164	9168	1.12815163001979
51188	5706	1.12783184161025
509	5688	1.12759773060218
51650	84661	1.12734998155954
23421	9556	1.12720889761039
6176	7114	1.12682864817133
84191	84233	1.12673858992191
6827	84233	1.12609516667595
4711	746	1.12607445598444
4711	9616	1.12606948452681
4724	6827	1.12601623392639
121053	539	1.12468898169186
374969	6633	1.12450443163616
27089	84661	1.12441223376806
10899	51188	1.12414373387928
28985	84233	1.12349790724204
126328	6633	1.12333011662857
51668	92259	1.12296198193758
150274	4717	1.1227491594642
51142	6827	1.12247245611776
6921	84817	1.12224603716632
6175	6223	1.12153482096749
493753	51650	1.12151241675003
4724	51258	1.12130868987821
51023	9556	1.12106788661944
81853	8533	1.11974821462168
23480	27089	1.1191632897559
2971	65008	1.11824324145957
27089	29796	1.1179239222452
9326	98	1.11789920791465
59286	9553	1.11752847884517
4694	4715	1.11732643565763
51187	515	1.11604883552912
10434	5706	1.11600189301514
83940	84233	1.11525486395278
10923	84833	1.11493776395089
10668	5204	1.11471961521126
6152	6175	1.11464693029189
2023	3326	1.1144775463253
10899	6633	1.11401111830998
10190	285148	1.11375425419426
10063	150678	1.11234639365684
10975	4695	1.11204498786745
1164	401505	1.11028312239622
4697	4736	1.10986009877456
10393	27258	1.10964104445762
51065	55863	1.10939344543911
401505	4707	1.10920964053625
5686	5688	1.10916306867219
9535	9556	1.10765225812163
401466	521	1.10694623533657
27249	28977	1.10686027089146
29081	56943	1.10680566409016
28977	9553	1.10647513945664
1345	59286	1.10633454519309
10438	8409	1.10582016440801
285148	55863	1.10569606951302
10899	339487	1.10539491374642
10063	6902	1.10510254230394
401505	8655	1.10499510431089
4707	493753	1.10483369954849
57129	84833	1.10340872609681
6635	6921	1.10327233507364
388962	84817	1.10276162540005
54819	6633	1.10241949221151
404672	4717	1.10136718051905
121053	401505	1.09950979507989
6009	60592	1.09949880347251
10899	114926	1.09949153864938
6170	7114	1.09897851013279
6902	80145	1.09896937343486
150274	5203	1.0976012638005
51188	6921	1.09677684763144
113246	389541	1.09587404706035
100128731	5441	1.0958606675584
10899	1350	1.09582145929472
10190	5436	1.09526692489158
1329	84817	1.09525680564222
119392	51668	1.09500322931197
10438	150678	1.09493069175841
51650	6635	1.09441580033423
80306	9556	1.09417801126951
79072	91298	1.09411087714607
84233	8487	1.09378868461738
6001	9326	1.09373398871772
51003	51187	1.09314832934171
55967	7411	1.09190263322272
7411	9326	1.09182637745977
150678	4707	1.091766810129
4711	5828	1.09154740673398
10190	10393	1.09110046697241
388753	6119	1.09084241891416
1347	493753	1.09021208525544
51389	6637	1.0901367561661
4695	78988	1.08999330818316
64960	9419	1.08995008251501
81892	8649	1.08994298536559
23483	8409	1.08889819929513
10434	28998	1.08853632252055
11224	6206	1.08848942316181
10438	401505	1.08785424521755
4694	56943	1.08773367005671
10542	51650	1.08655748814648
285148	80145	1.08645164445628
23658	6633	1.08633513773401
1163	6921	1.08628341008373
5682	6921	1.08628071716217
389203	51527	1.08610540921268
10063	6921	1.08463237198646
64960	8802	1.08420948065432
51002	5203	1.08410439810049
493753	84833	1.08409071975982
10668	140823	1.08365693488849
27258	515	1.08314796130716
28977	56943	1.08208493216031
140823	51003	1.08180293743748
4697	7411	1.08130120820284
6827	84661	1.08100609050182
57129	9521	1.08094682266424
23483	51187	1.08050917141903
28977	6633	1.07821487256952
100128731	391356	1.07810998273509
196294	493753	1.07808898417029
51065	8649	1.07711859423162
4694	84987	1.07694309322143
10668	8487	1.07645300331481
10975	746	1.07642369369744
10542	4694	1.07621596711161
1349	51003	1.07588489834202
144363	4724	1.0752880417496
23658	746	1.07464925211513
150684	28985	1.07464380994282
4724	9804	1.07424456231727
57129	84233	1.07360351356025
4707	6227	1.07265748313875
6188	6637	1.07246774300649
29097	4709	1.07222407479375
51142	9326	1.07205227101177
59286	92259	1.07198979902482
23421	286053	1.07141987334911
6138	6635	1.0711787883262
23643	51371	1.07102576866939
4715	51668	1.07093317576944
4711	8487	1.07073668878187
26521	285148	1.07047751170887
6136	6191	1.07014638824464
27089	404672	1.06905611159079
3094	391356	1.06895572317278
11235	84520	1.06888296775807
6165	7311	1.0687761369982
292	518	1.06843759357766
4711	51121	1.06822514379525
1347	6152	1.06701525622684
6635	708	1.06696298761268
2197	6175	1.0660611282109
26355	84233	1.0657896103123
51241	9978	1.06566392169154
25994	8802	1.06508023341066
1350	286053	1.06349745803393
6209	6222	1.0625812438335
51668	9419	1.06236793602707
79072	84233	1.06218836797819
10438	5440	1.06203257984095
3281	4711	1.06100145304312
11235	4724	1.0607216685773
56942	79072	1.06045826934507
140823	81853	1.06035309401839
51142	6635	1.06018437679481
29083	401466	1.05987295342265
6138	6223	1.05977774040974
10975	4711	1.05892820853591
140823	493753	1.05825299518519
401505	81689	1.05784973110922
10092	51699	1.05690681425182
10456	8802	1.05686096803202
150684	27258	1.05674337096329
25994	65991	1.05642757764561
10542	8487	1.05625787865125
23412	25994	1.05568582620808
51012	92259	1.05535594393416
404672	51002	1.05465670206638
150274	91298	1.05404550150272
51650	64960	1.05404235820264
25874	9326	1.05397005298208
4694	9616	1.05376889923516
51501	84661	1.05327806779323
6170	6176	1.05313614187316
389203	5828	1.05262414179693
23658	54534	1.05191474949082
388962	59286	1.0515857432152
11235	4694	1.05139638008785
51668	5706	1.05137931056768
10289	10542	1.05089234735274
493753	54534	1.05001893996315
1349	51389	1.04977238686858
4694	6827	1.04939588608986
51182	5686	1.0493555083741
10899	746	1.04916293593166
63877	80145	1.04872423239976
388962	4694	1.04809434817723
6001	6637	1.04713607130279
29097	6009	1.04677938277482
28977	93081	1.0466926721351
4695	539	1.04643683046498
140823	6119	1.04586638848273
10542	4706	1.04558257664203
51002	9419	1.04556042007298
10632	51241	1.04554257687162
10393	5440	1.04534735369982
100128731	9978	1.04463169494642
150678	25873	1.0440943494634
27068	4724	1.04342522358181
539	93081	1.04323271235435
10175	29880	1.04323232637515
199704	539	1.04306819496038
6632	6635	1.04251302268837
2958	51501	1.04170813074113
4708	59286	1.04166072634081
51003	9551	1.04109944041089
51002	746	1.04100962689038
10668	389203	1.04097004061778
10975	1345	1.0409412627711
122961	5436	1.04061441129145
285148	51668	1.04044905851542
401505	51002	1.03966664135364
4711	55012	1.03951858737596
150678	2197	1.03904465601662
6635	79752	1.03874571204743
51389	78988	1.03869215664595
55848	5682	1.0384378085096
84300	9556	1.03827828042193
29083	493753	1.03713386295687
199704	3682	1.03693048736105
2958	5682	1.03654040280906
388962	522	1.0363453303258
1347	150678	1.03593311617673
10063	78988	1.0355659548815
25994	92259	1.03491466776063
440574	84233	1.03490262095881
396	6892	1.03449674978636
493753	5204	1.03442093333991
6171	6229	1.03398996996798
389203	7411	1.03330215638195
57129	6921	1.03249941166777
10899	4717	1.03242797283101
4711	6637	1.03204811314746
10393	59286	1.03175589994757
4711	51699	1.03153528450538
170622	6227	1.03045842347369
150274	6633	1.03016465606741
388962	4711	1.02999360027921
1347	539	1.0290602872813
4724	51121	1.02852935154005
10175	54951	1.02773218930444
10289	9804	1.027605081853
51668	58527	1.02735745177911
51187	6119	1.02724199013059
51527	80145	1.0268611774082
10668	280636	1.02621965777414
10899	440574	1.02593485287555
51192	84817	1.02539290502621
199704	5204	1.0250633196334
114926	140823	1.02486558449582
6001	6921	1.02485023780519
28977	9551	1.02437345438291
25994	965	1.02434617948
57149	9443	1.02433250411188
1345	391356	1.02365462360865
51002	51668	1.02354630994536
29081	92259	1.02333527760063
10434	150274	1.02296821469329
10063	81892	1.02288338128215
10542	5706	1.02232302200403
6229	9045	1.02198045519575
81853	9521	1.02143991076776
10975	116541	1.02110398351171
10671	4724	1.02093668992779
10542	84191	1.01894104713629
4724	9556	1.0185879181857
10393	64979	1.01802793162816
5686	6921	1.01732561377627
4694	51142	1.01685392866036
515	8802	1.01676545037707
51650	91612	1.01616932621122
522	81892	1.01511424292676
10542	51527	1.01502523860092
2958	51023	1.01441318155151
4717	84987	1.0142597876786
2958	6827	1.01391760840258
28977	965	1.01318977916393
10542	4697	1.01318833677586
6165	6206	1.01318349101081
55863	91408	1.01313379720374
196294	91298	1.0124692088793
1337	64928	1.01210327280812
55863	60592	1.01185683789669
28977	746	1.01169764070605
10632	91612	1.01168155358969
10899	3094	1.01157831109557
170622	84233	1.01116317148636
4715	4717	1.01108956994642
286053	9326	1.01071542805693
152100	4711	1.0107053434174
3682	79072	1.01069468181975
10923	54951	1.01063424603243
51188	51611	1.00951095239803
100128731	10975	1.00930731517974
285148	91298	1.00918984975023
10063	51065	1.00855426383045
51241	746	1.00816581006771
10175	55863	1.00811848140919
401466	84987	1.00805976957514
10412	10632	1.00786250220959
150678	4695	1.00719841559711
10289	84233	1.00710012870652
391	826	1.00699350606619
150678	84817	1.00650704973213
6193	6209	1.00621272389535
140823	280636	1.00603034928806
10190	4694	1.0057373905956
10542	83940	1.0055661946131
80145	91298	1.00538611131753
28977	51668	1.0041981064709
51371	54968	1.00399302899411
28977	55967	1.00358426715786
51187	59286	1.00320051420428
2197	6228	1.00236894153388
6223	7178	1.00227372876808
81892	84833	1.00221168309693
6165	6175	1.00184479349381
200916	54819	1.00152932336413
114926	84987	1.00142082666663
440574	6635	1.00052408543478
114926	391356	1.00052124768872
10668	199704	1.00035939320101
10175	440574	1.00003735652437
