10169	5411	3.31491934058317
10581	2512	3.30655721413163
28959	55365	3.30652514043841
2512	4946	3.30393180556193
6521	8991	3.30324501028624
6139	6201	3.30130483734819
2512	3043	3.30053754609981
1937	6188	3.30044149588007
23521	6122	3.29996218246884
6799	6817	3.29937008392471
6159	9045	3.29720900455344
10581	3043	3.29637318305079
3043	6280	3.29562913748354
6122	6193	3.2955576075083
10581	4946	3.29435629699093
6129	6139	3.29426279078366
1937	6217	3.29373138649189
6137	6188	3.29302818020642
25793	8531	3.29078498329517
6188	6217	3.28920835859053
6124	6138	3.28845601157689
2993	2994	3.28817493369236
2512	6280	3.2875084030894
1937	6137	3.28671206956661
6129	6218	3.28637917561735
3043	4946	3.28546935859923
7145	8991	3.28477713011886
10492	3313	3.28359142384441
11224	6633	3.2830646608228
4946	7311	3.28286530818229
2512	7311	3.28065669297298
6192	8653	3.27924266596735
10581	7311	3.27722192511675
6189	6201	3.27534590624353
10581	6280	3.27396836311769
2039	6535	3.27297309217095
25873	9045	3.27140278165946
6193	6217	3.26954089976984
567	6279	3.26931589309102
6129	6189	3.26815700895451
6521	7145	3.2676977410147
2038	6521	3.26745862202611
6139	6189	3.26532134548747
170960	79939	3.2641017825702
6223	6234	3.26395421732299
23521	6193	3.26382063013535
6137	6143	3.26344516909653
6173	6229	3.26335268713199
6124	6194	3.26289101175081
6141	6159	3.26188651573709
6230	6233	3.25962096853374
5143	5228	3.2590427669869
6154	6173	3.25817495063138
2038	3045	3.2579735887756
6133	6189	3.25721811506222
4736	8761	3.25715227652541
2935	8991	3.25560682435331
1669	566	3.25523701556447
6279	6280	3.2550906498052
10123	919	3.25359075696836
6137	6209	3.25279860377282
6129	6160	3.25265595998616
5293	9938	3.25200629770443
6134	6223	3.24852161897146
170960	5205	3.24745195570583
2935	402055	3.24711375603989
7111	8531	3.24525697176408
6152	6204	3.2448635831072
11275	4205	3.2447615247723
6137	6217	3.24426448418855
6133	6201	3.24412456800518
6139	6218	3.24395706729828
6159	6223	3.24255037315952
6134	6217	3.23864140896342
3151	57570	3.23751275168125
1629	5228	3.23604583910179
6241	7298	3.23450207743809
6141	9045	3.23404552696773
6134	6234	3.23389322334545
7111	8991	3.23380860550825
6192	8284	3.23201293912323
2935	7145	3.23165155134231
6139	9349	3.23007730822736
6175	6193	3.2277723807344
6139	6160	3.22682258688749
25793	598	3.2252477533619
2038	8991	3.2247511652762
6134	6137	3.22278769520071
7145	80127	3.22244980308007
1937	6143	3.22224852998913
598	84164	3.22198979014007
598	6535	3.22157157148335
6152	6224	3.22040300146182
6160	9349	3.22013415545767
29997	6234	3.21962426488453
25793	6622	3.21927708765644
3921	6175	3.2186304947248
25793	55796	3.21751974936006
51719	6093	3.21680003826782
25978	663	3.21640611287646
170960	5143	3.21468450665842
3932	914	3.21455157332359
6160	6218	3.21247450481979
4946	6280	3.21209526900978
51218	6521	3.21128606260718
6155	6204	3.21064901355343
10581	6279	3.20932707092787
6622	8531	3.20866189378609
6152	6233	3.20761478435312
63891	6622	3.20737495628301
23770	80700	3.20690204340549
23521	6217	3.2068225141711
8531	8991	3.20676182289521
2987	80700	3.20656908312289
51094	55796	3.20462915692832
598	7145	3.20379222272366
1669	1991	3.20296731787422
2935	6521	3.20148390542214
6201	6218	3.20050065734338
6143	6217	3.20034566596912
23521	6124	3.19933697242999
1349	6637	3.1991754408803
6217	6223	3.19837125981123
23521	6175	3.19748674482853
2091	9045	3.19523390874887
6535	7314	3.19346419609208
6204	6232	3.1924853562334
1511	1991	3.19092582144698
1937	6223	3.19074812182181
23521	6138	3.18940834648451
5228	79939	3.18841438569099
4601	8531	3.18788779017525
6129	6201	3.18778961493579
6201	9349	3.1870422599569
6152	6232	3.18662720646537
23521	6159	3.18640610564083
10661	3145	3.18613226764706
6169	6209	3.18589586556413
3043	7311	3.18535564860905
10217	2781	3.18503505645445
2995	80700	3.18492668435659
1937	6193	3.18441395215166
170960	5228	3.18408680482027
4601	51094	3.18176263288425
6125	6135	3.18169338231205
200576	23190	3.18131337405028
6133	6139	3.18065747876093
6152	6155	3.17986098638482
6204	6224	3.17836578512565
2512	3105	3.17807683581043
6125	6146	3.17727038281276
29997	6137	3.17696246799519
3921	6122	3.17618096907121
665	669	3.17579404866393
10578	3824	3.17377114521485
2935	8531	3.17342960596527
29997	6134	3.17336023694189
653784	80097	3.17252235055286
4599	51191	3.17179216996957
2091	4736	3.17123154574506
2039	598	3.16885032325642
3045	51327	3.1678752045266
2994	2996	3.16755116511515
6521	7111	3.16686981240706
6188	6193	3.16573318547864
402055	598	3.16526863047529
10644	4601	3.16422773813904
11224	6227	3.16333431250846
3045	6521	3.1617933962732
6152	6230	3.16056513358502
2039	80700	3.15882002521993
3437	9636	3.15873034611341
5228	55142	3.15793081599357
6130	6132	3.15550767450043
6521	80127	3.15402278849047
2039	8131	3.1523741228714
51094	8531	3.15232308379686
10644	6710	3.15035173640619
1937	23521	3.14942989452409
1511	4353	3.14825542720376
2935	51218	3.14641720257303
23521	9045	3.14586799560788
3267	64092	3.14454880576351
5143	5205	3.14351722229418
25793	51094	3.14345704550112
5143	79939	3.14105103895252
5495	6093	3.14026281674393
6137	6234	3.1399305678618
402055	7145	3.13920949596144
26499	6521	3.1381135605313
10236	10492	3.13684180260681
29997	738	3.13584584966396
3921	6217	3.13491079153916
6122	6217	3.13385901111864
6234	738	3.13256043763398
1629	5143	3.13237231570309
23521	6223	3.13033341588971
669	81689	3.12858814861163
3945	4869	3.12502842862346
6124	6202	3.12430599558914
6193	9045	3.12357958569838
598	8531	3.12307612964214
10097	51311	3.12295828966753
25793	2935	3.12277373895152
8343	8344	3.12269008530545
2993	3045	3.1224854590342
6143	6188	3.12238330125463
29937	6169	3.12148831412159
6209	6234	3.11876093149927
1511	566	3.11870769852327
4680	932	3.11853648187473
2993	759	3.11746055637107
2512	6279	3.11659482475479
2091	25873	3.11584686476428
6132	6217	3.11580890912683
6155	6232	3.11535876679482
51218	7145	3.11325453225043
4659	55858	3.11157618996773
3921	6193	3.11131301386489
212	7111	3.11059295302935
23253	9774	3.11056633286916
669	759	3.10826699779372
2766	80127	3.10653220188812
6193	6223	3.10627134537489
10236	3313	3.10580132354999
50999	9867	3.10567413680933
3105	4946	3.10550221737726
5305	81558	3.10503949688845
6175	6217	3.1046750159701
27020	55454	3.10435563819859
4354	5305	3.10426808094934
6122	9045	3.10122917347619
2766	51218	3.09697775051037
285231	5143	3.09620440448593
6102	6814	3.09617978971717
1629	5205	3.09595500347911
2017	83700	3.09493825897576
3257	55544	3.09441202940956
10644	6521	3.09420137976914
6710	6929	3.09205858140551
6125	6222	3.09188304437327
6160	6201	3.0907653134104
10644	7111	3.08735800209964
10097	5782	3.08724262447072
11275	6093	3.08408587409823
3029	6710	3.08393805652887
5494	56994	3.08339227503266
2038	2935	3.0820092720201
11213	51719	3.08054048921694
231	3276	3.08041089855129
5305	598	3.07946248457724
23225	55833	3.07727228826139
5440	6189	3.07726476865762
27102	5305	3.07571551332979
598	8991	3.07543117615399
4601	5305	3.07541184442931
6130	738	3.07529327897347
4900	9124	3.07422211555219
203	573	3.07330122283759
6223	9045	3.07320065086201
10195	79064	3.07289595650116
25873	6159	3.07258416185253
25793	4601	3.07258268946981
212	6521	3.070868508198
6156	6235	3.06935836092841
4946	6279	3.06918758891189
8344	8345	3.06837072075654
402055	51218	3.0668263842622
27335	4728	3.06666888546688
212	8991	3.06623700846114
29997	6143	3.06608230586289
6124	6125	3.0659278368579
6204	6235	3.06544984023547
2235	6622	3.06398198409494
6232	6233	3.06356212914725
79064	9538	3.06261377878938
2038	402055	3.06058983196304
6134	6143	3.06037908136279
1937	6209	3.05934757834275
710	9246	3.05919053690937
3459	57515	3.05845672678342
1937	6175	3.05820478340339
3921	6188	3.05800277370676
5143	55142	3.0574977824675
6535	84164	3.05736050189614
2091	6122	3.05686964865185
2993	6005	3.05492130999414
6159	6193	3.05490884481481
11152	23770	3.05400881302826
1933	9349	3.05011545638766
11163	81689	3.04998856378529
3257	6535	3.04998414317155
2935	598	3.04901128910135
51218	8991	3.048654674529
10067	1892	3.04426214231203
2038	51218	3.04390287749655
6122	6175	3.04376440380389
23036	9821	3.04109028080781
2039	573	3.04101209607153
6521	8531	3.03968897162717
23129	51063	3.03729172270434
10217	4900	3.03713919505845
6154	6160	3.03692797205189
2091	6193	3.03588018430582
6218	6233	3.03402502520624
2935	7504	3.03343846715511
2039	7314	3.03326505595302
6143	6209	3.03161118314231
2038	26499	3.03039183580159
4353	5657	3.03032502143201
6232	6235	3.02936077786021
3043	6279	3.0285099954803
25873	6223	3.02774102046778
444	64092	3.02766770671925
3702	64919	3.02754947897037
6130	6217	3.02723706752258
6224	6230	3.02689026755406
23521	6134	3.02532783257388
11152	80700	3.02494698512772
6122	6138	3.02389640879235
54878	55209	3.02295912649769
6175	6223	3.02276559486787
51218	80127	3.02179904807834
55454	64092	3.0214720740275
10561	55601	3.0202109147874
11275	6655	3.01902255788284
51094	5494	3.01732063738327
399665	55340	3.01711083116805
51237	608	3.01610433818192
23076	471	3.01499130397756
55623	8467	3.01383924018949
220972	57610	3.01278617223607
10528	4691	3.0089699273834
4494	4501	3.0088033131283
6194	6202	3.00871648108544
2038	7145	3.00854956617819
2766	6478	3.00770597355663
3848	8991	3.00665274319308
10097	5861	3.00562394234794
170960	23181	3.00260782927875
23225	79707	3.00222078551109
6622	7145	3.00177019304531
10576	26354	3.00172960913533
1937	6234	3.00064657053542
5478	6222	3.00056597350982
6164	9349	3.00052750823975
6122	6124	3.00031602521963
54851	55145	3.00017735707773
7298	9768	2.99978685623141
51327	6007	2.9985516912943
6622	8991	2.99838344233149
6521	6710	2.99686671503001
374291	8721	2.99642689740951
1937	3921	2.99504654721237
11213	55454	2.99413113322484
23011	6093	2.99329334872961
1892	25813	2.99300509943265
2995	6535	2.99237677613112
23521	3921	2.99218531880334
7111	7145	2.99206306023301
114885	55914	2.99188278477529
23181	90338	2.99160179465846
1349	9556	2.99075679902291
10444	5606	2.99025042234868
6189	6218	2.98875924740889
6133	6218	2.98846580636953
25793	573	2.98813817097121
170960	90338	2.9866152542664
6723	939	2.986312018361
6134	6159	2.98495574808494
2038	598	2.98404638224638
51303	5450	2.98332369507697
402055	573	2.98247944109514
11275	51719	2.98219760072049
1629	90338	2.98210103505798
212	8531	2.98182061553056
7314	8991	2.98117799630634
1937	6122	2.98065703746956
51218	81689	2.98004582650351
4659	5495	2.97924912334452
10098	25793	2.97894462179223
51082	51218	2.97724648098658
26499	598	2.97649679393095
5861	80232	2.97580473299308
51596	6159	2.97512143420923
1937	6134	2.97453516508108
23770	2995	2.9735804765886
51690	6633	2.97265217229129
10492	10915	2.97178393756299
11130	6241	2.97120944337654
598	6622	2.97080120907702
2039	25793	2.97054234765735
2935	6622	2.96888692877399
28232	4542	2.96760209843356
6130	6223	2.96746148986865
25843	5706	2.96723581168581
573	80700	2.96683481873629
7145	7314	2.96647843115243
6137	6193	2.96530981126495
80127	8991	2.96218128596617
57515	6093	2.9620561554172
26499	4601	2.96182217452417
55796	8531	2.96095244083083
2935	7314	2.95904648690577
6154	6229	2.95894830073873
1992	2992	2.95518110845313
2235	51759	2.95492266744727
10975	6923	2.95232199519952
6622	7111	2.95187502450872
6124	6128	2.95009976850515
6637	81892	2.94983374229013
4520	5576	2.94929789923798
6138	9045	2.94922444863486
10010	5782	2.94750071513046
170960	55142	2.94282078088776
25873	6122	2.94187490247232
1991	4353	2.94151128667393
4809	516	2.94067821881863
2766	598	2.94000377475412
2935	7111	2.93877833704443
5698	9246	2.93832896209488
10632	7388	2.93829434710244
1511	1669	2.93797254554912
23225	7267	2.93703979900057
3043	3105	2.93453002138367
1669	4680	2.93422213130691
6192	9086	2.93256969931648
10915	6432	2.93163430788831
3848	6622	2.93032918605122
6137	6223	2.92965483054366
10644	8531	2.92861020990001
25873	6193	2.92645564425853
6218	9349	2.92502087931626
1808	64759	2.92475434018644
1019	6472	2.92396331143793
23586	64135	2.9221127023576
55603	55802	2.92165797018632
23287	57515	2.92139438652186
1340	4695	2.92072401232321
6125	6194	2.92046949851084
57515	9867	2.9191790828597
10130	7184	2.91898575685921
1991	566	2.91559896022326
2935	80127	2.91514255690879
6006	7036	2.91243836478008
6134	6193	2.91176940890281
25873	51596	2.91097227511907
29997	6223	2.90929289739605
6210	6218	2.90901444833775
598	80127	2.90790706487633
2017	6915	2.90649112529624
10644	81558	2.90626260081775
23521	6194	2.9049122044101
25816	6726	2.90476671351192
6130	6159	2.90317693274551
6160	6164	2.90308279703726
6222	6224	2.90287262013583
6129	6133	2.90286219798152
10549	56005	2.90155982355314
6224	6233	2.90041242100168
6915	7041	2.89881388429411
2281	402055	2.8981108409189
6143	6223	2.89752668958055
27102	80127	2.89582921639668
5305	6478	2.89579322488915
29997	353	2.89523688251495
2993	669	2.8936104305413
1436	4668	2.89284012350135
1629	170960	2.89265747799273
3045	8991	2.89176340288613
6159	6234	2.89094755005566
57610	81558	2.88864002787715
5886	8703	2.88806227432513
4680	566	2.88637695900869
2091	6472	2.88630862714727
598	7314	2.88600387262119
6535	80700	2.88437335596525
23158	4208	2.88318430555655
4659	6093	2.88193113250977
51596	6234	2.88116353547504
6147	6205	2.88031610359919
10098	8531	2.88027467934012
1269	6665	2.87927332594535
239	83700	2.8774824106302
5204	6160	2.87665511398728
3437	684	2.87632368291337
4205	6093	2.87594642006888
10542	3939	2.87569328300935
2993	2996	2.87472317427843
10128	27131	2.87373000250499
3459	64092	2.87307513961577
1019	939	2.87252433817593
6143	6234	2.87252033557888
23770	6535	2.87182124586864
3609	79707	2.87148194740403
1808	23191	2.86948416992052
26499	8531	2.86917073126011
3848	7111	2.86755542243197
6218	6232	2.86746051452706
25793	402055	2.86724827033989
4706	51021	2.86712921905269
471	6472	2.86501762732697
10644	2935	2.86419991157885
26123	55153	2.86361234851025
4353	4680	2.86329754032666
6130	6141	2.86322220962735
3921	6137	2.86312812012018
4728	51596	2.86296601065596
10528	6472	2.86263271794143
23521	6188	2.86086226725745
11340	86	2.85935637603954
6230	6232	2.85764331419002
25898	663	2.85583905198569
55142	90338	2.85509201280938
1937	6191	2.85465187260639
5495	9867	2.85363524156941
402055	84164	2.8529818627529
23076	79707	2.85166991345363
10644	8991	2.85075091015669
10561	24138	2.8499164525772
402055	7314	2.84855126006229
6170	6210	2.84730402254185
51596	9045	2.84552806791813
23158	23353	2.84361480750169
23325	9818	2.84233359458973
29997	6217	2.84215936823203
3932	7535	2.83942496316921
8653	9086	2.83930840720166
6152	6218	2.83927983835962
402055	6535	2.83810983497732
23116	55015	2.83755197238747
6280	7311	2.83542604256755
25957	9584	2.83470422663542
3932	923	2.83320415448078
2935	573	2.83296780496287
4736	6122	2.83153543711502
23390	50618	2.83060519418702
3257	598	2.83031531742261
1629	79939	2.82991833885347
6622	6767	2.82986180273725
10527	10915	2.82772487931182
3267	5509	2.82622760653337
6224	6232	2.82468071187018
4809	65005	2.82408248485609
1337	1340	2.8239323549672
6122	6134	2.82359088088836
10410	8519	2.82236001342388
2935	84164	2.8204062539608
55209	9931	2.82014206877353
26499	8991	2.81630046128552
10098	55796	2.81594603375641
5209	55784	2.81567992922035
684	9246	2.81450971347529
10217	9124	2.81389310508375
29887	5782	2.81366536323598
6156	6210	2.81284964677059
1937	29997	2.81112348936893
3848	6767	2.81006642546335
6204	6227	2.80844718010567
6188	6191	2.8077466739152
170960	285231	2.80701426502858
1269	1579	2.80578551253365
2993	51327	2.80444252474595
6188	6209	2.80389988670983
10217	2017	2.80283484412
6241	9768	2.80275214597799
57610	598	2.80256631721512
6169	80764	2.79859026516583
10906	3659	2.79777349261865
51218	598	2.79775220752565
3437	51191	2.79738102747102
4288	51203	2.79579134878282
2537	3437	2.7957030704536
3045	51218	2.79341318359171
51719	55454	2.79106526199439
25978	5861	2.79102295154741
51191	9636	2.79094812377408
11224	51690	2.79067763777745
2995	3762	2.79054224257325
2235	669	2.78960323496198
8115	973	2.78880268569653
2235	8031	2.78705244790302
2039	26499	2.77980940333744
2281	3257	2.77962534919144
10528	471	2.77848167620131
6521	759	2.77778427291306
5828	9867	2.77735658765889
7535	914	2.77714377526066
2235	7915	2.77684401731201
598	6521	2.77500489120431
6136	6207	2.773940201009
4939	4940	2.77198954533155
2235	7145	2.77120970122175
25957	55082	2.77107600869224
23521	25873	2.77049507136477
6167	6228	2.7704030251276
25996	7001	2.77023069390862
2091	6138	2.76977140410135
4601	598	2.76897910951721
28951	64919	2.76765230188109
4601	80127	2.76718151640822
10989	2547	2.76708463313584
51218	57610	2.76601407579351
2017	7041	2.76545909694649
10576	11222	2.76474751926628
51065	6164	2.76467328649021
3257	7314	2.76440022159232
2039	2281	2.76225913291951
3029	8531	2.76103944992225
6170	6232	2.75974450471805
10217	5575	2.75923768673101
5509	6503	2.75842347235557
51176	9882	2.75784191138868
285231	5205	2.75619899657063
6159	6217	2.75602010639035
6134	9045	2.75584902486286
51094	598	2.75584644355459
2739	6731	2.75499067019125
10179	79624	2.75492894479638
6143	6193	2.75242741703018
4939	51191	2.75148652526962
7145	8531	2.74995923940141
6710	8531	2.74807319397091
23076	4691	2.74743517699638
25793	7314	2.74502971962988
4205	6814	2.74494513957666
2038	55544	2.74391363003268
140890	5286	2.74148587674041
6535	8991	2.74137950919855
6217	9045	2.74116893867834
2235	8991	2.73948829225639
4728	54958	2.73913532565779
10644	51218	2.73888839577841
4599	4939	2.73713041707614
5205	79939	2.73662072516465
55832	6731	2.73625057729063
2091	939	2.73617807871799
6209	6217	2.73569506040119
1647	5509	2.73349553718256
2633	6772	2.73298964546351
23770	2987	2.73271665529358
402055	8991	2.7296429429094
6138	6159	2.72830161183142
10581	3105	2.72737106178775
25793	7145	2.72498699592472
3045	759	2.72341316694189
6188	6223	2.72336603177078
6152	6210	2.72336315731529
10098	573	2.72327412568144
5509	5861	2.72281358415165
2235	7111	2.72231551774709
2091	6159	2.72092133288182
2091	3615	2.72088554156177
2235	6521	2.72080773992062
29802	973	2.7207840709062
914	923	2.72051040441996
10915	8661	2.71848768251116
6175	6188	2.71817327227706
1019	516	2.71816382740459
3848	8531	2.71779524219234
30845	6403	2.71759183622452
6197	6655	2.71750993573013
509	5683	2.71733217379977
4493	4494	2.71672670312212
4601	7111	2.71299840666439
1665	5431	2.7116990742851
51596	6141	2.71086873040687
6158	6205	2.70805422479417
402055	80127	2.70782048429483
3257	997	2.70644230029601
23287	5509	2.70512107208302
399665	51176	2.70493013116583
6130	6234	2.70479192922295
23325	9765	2.70144749668379
6130	9045	2.70010208246326
23608	402055	2.69957665344353
27090	6535	2.69919699744161
23521	6227	2.69795656631122
471	5037	2.69685229840084
25793	8991	2.69671998626622
5037	58477	2.69566627901307
6138	6202	2.69434202585968
6128	6202	2.69328244831015
598	81558	2.69068290678233
4659	57515	2.68955433175595
6210	6232	2.68875325858533
26499	6535	2.68829372187724
23770	6665	2.68670770513887
6710	8991	2.68407062525877
6175	6222	2.68294050662126
2091	6141	2.6826451953399
10123	914	2.6788387804561
1511	4680	2.67831703014985
3921	6143	2.67790318514313
4736	6138	2.67788418848262
6782	892	2.67710149938908
891	9133	2.67367572756679
5526	80700	2.67156069417673
6122	6143	2.67074685957856
55784	9467	2.66961485282172
51690	6227	2.66947096092632
3267	6197	2.66757069460576
26521	27089	2.66675282183995
6141	6223	2.66526889663856
5001	9868	2.66526596869092
6137	6169	2.66503336161285
1019	6183	2.66122774206755
6130	6134	2.66115616688312
27089	6155	2.65994503413864
3945	6125	2.65837375933992
84164	8991	2.65806370036004
23287	6655	2.65771934714691
114049	9761	2.65728483346923
10915	3313	2.65602883348666
11152	8818	2.65597294826664
23608	598	2.65558886173477
10399	6141	2.65547423465685
6132	6188	2.65415018404206
171558	6915	2.65278011647582
6134	6209	2.65204842587913
2766	6521	2.64838689133923
2281	573	2.64824529959867
2038	220972	2.647130560833
10929	6767	2.64577207168727
2781	9124	2.64471803332163
3832	891	2.64166386178365
29997	6122	2.64012663579548
645	8818	2.63799070083633
51729	5757	2.63762358925925
6122	6159	2.63514323393317
6132	6223	2.63479431016201
2987	2995	2.63433856444784
5495	6744	2.63354143599752
29960	92579	2.63198382125993
2058	4691	2.63000608277403
10644	25793	2.62920983688626
55651	79064	2.62912635501726
4089	7764	2.62829773191583
1019	5037	2.62702927281946
302	54504	2.62542574453623
5209	9467	2.62382704496766
219333	2235	2.62354058632607
11167	83700	2.62187935155699
5782	80232	2.62118009601118
55544	6006	2.61796122439965
1635	64087	2.61782433206718
10594	56252	2.61470542234329
1937	6130	2.6134492409022
81929	9868	2.61143090124079
23011	663	2.61137595432099
4601	6478	2.61076290133454
2994	6005	2.61074505702874
10107	7145	2.61056987978992
220972	598	2.61055387734035
5087	5909	2.61043138826522
27335	6130	2.61040762811411
1604	23287	2.61001789735588
6224	6227	2.60728211855286
10572	516	2.60724872798295
3045	55544	2.60685732684223
55015	9782	2.60660560478148
8665	8667	2.60423978925503
212	6819	2.60370715744422
191	6130	2.602651032085
51759	57610	2.6017272042734
6129	9349	2.60024746981388
285231	79939	2.59849108571541
22848	55209	2.59641681588382
2935	3045	2.59526514174456
6122	6188	2.59463059015246
10644	26499	2.59398308054483
4659	6744	2.59371853299047
27335	738	2.59273944111131
25873	6175	2.59100147674829
10010	5861	2.58949566261708
11236	23011	2.58611002472062
6204	6210	2.5848563377905
25793	6521	2.58394659000929
11163	665	2.58379168475121
10964	2537	2.58366926523272
4205	6655	2.58079110481555
51192	9535	2.58011268007888
239	3690	2.57985459833037
2994	3045	2.5779413116899
2038	6006	2.57777844324198
3437	4599	2.57763367960739
22890	26054	2.57680735225986
26499	3029	2.5757819439389
10985	23225	2.57565876024435
50618	55763	2.57496893569849
669	8031	2.5745439885377
1269	1277	2.57417800993378
10667	79064	2.57122800284136
10330	4706	2.57093727039152
55316	55622	2.56763321038275
23287	663	2.56750749788144
23521	29997	2.5641735850272
528	965	2.56159922321197
26118	8867	2.55992643809403
5208	7850	2.55957797975713
6194	6222	2.55954710306092
7314	8531	2.5590346124308
2235	8780	2.55888038468223
10654	55651	2.55826167320946
11130	7298	2.55517068803993
10135	10154	2.55481089159051
6143	738	2.55454440512999
669	8780	2.55406653942929
4728	6130	2.5532349960051
2017	9124	2.55307152909596
4601	81558	2.55298600178363
6134	738	2.54784546041504
1937	6132	2.54649915506901
665	81689	2.54585205857733
23076	23225	2.54515727178633
3105	7311	2.54376924385781
3843	58477	2.54132108245249
23608	2935	2.53971932919851
6197	64092	2.53963206432526
6201	6637	2.53953579529766
4353	566	2.53947659400391
6122	6137	2.53864598038906
51327	6005	2.53859894429754
2017	239	2.53722209531576
4659	9867	2.53702340987765
23076	7267	2.53562582304299
2281	6535	2.53551716921865
2235	2935	2.53475814173028
6731	9166	2.53448021165757
2039	84164	2.5339631483237
6129	6233	2.5309166623528
5698	5720	2.52884621083194
2791	5577	2.52835720174856
27335	8666	2.52690710850227
11163	51218	2.52582527480249
653784	78988	2.52506947946259
2039	23770	2.52465872377576
2039	3257	2.52408626516757
23608	3257	2.52339225848128
27102	2766	2.52306991140235
663	965	2.52255564838115
5205	5228	2.52145336891053
5228	90338	2.52071098831622
55914	5921	2.52064328485008
5902	6723	2.51879205492594
3257	8818	2.51872407182194
51218	6710	2.51809176899347
10097	57515	2.51789848332165
2038	2993	2.51782117239244
23390	8417	2.51641739260006
11224	1933	2.51578550450746
23390	4659	2.51488429635237
5196	9124	2.51443699201389
51094	5305	2.51383187108384
4728	6132	2.51290714823802
55914	5926	2.51212238211903
4946	567	2.50813693841311
11222	6731	2.50794670866137
6156	6232	2.50617847716724
10128	1207	2.50593046344862
2038	80127	2.50530603666058
738	9538	2.50457099137587
1019	471	2.50428943435486
3843	471	2.50310031573789
5305	80127	2.50236180476433
11152	2039	2.50129692088288
2038	51327	2.50122315650666
2039	8531	2.50058026826104
201562	8801	2.49948882136232
2038	6535	2.49885600769927
6122	6194	2.49847734747155
2039	402055	2.49776106261581
27102	5087	2.49678820935823
6141	8666	2.49587574802132
25873	6141	2.49442112712116
3276	6472	2.49369141165178
1269	23770	2.49288131807511
80700	8131	2.49266603328346
23011	5495	2.49031464689397
51497	79707	2.48869531965699
332	51203	2.48801133199891
6234	9045	2.48466031595078
2358	57142	2.48418442547737
5208	660	2.48417195898983
4869	6125	2.48115676486027
51257	7311	2.47594478352319
3068	6535	2.47549976464434
5509	663	2.47531326491543
2950	5859	2.47150660042452
23648	6535	2.47129823143705
27020	901	2.4709412119098
4205	6102	2.47067423950599
55015	55035	2.46943500176022
3376	5037	2.46673807295192
55544	997	2.46631315926647
4601	6521	2.46513191841489
4501	4502	2.4622708183657
51596	8721	2.46175685062203
6160	6189	2.4599972263815
4601	6622	2.45967109738226
759	81689	2.45599618316755
516	55651	2.45491178385522
10575	9868	2.45482562963996
10434	50999	2.45480410535441
80347	9092	2.45409290479345
23770	4635	2.45385033454242
10097	6093	2.45320618972461
3267	444	2.45318887469042
2091	23521	2.45269516169892
51218	759	2.45269257969866
11152	3257	2.45266896700543
2944	2946	2.45244559777308
2935	6710	2.45102839044782
402055	6521	2.44593514926985
51690	5478	2.4457511928818
8284	8653	2.44506829960587
51094	56994	2.4445618291227
6241	9837	2.44397111680988
1019	2091	2.44274740719622
27102	4601	2.44261253579719
27102	6478	2.44212789768501
5495	57515	2.4388830012181
10527	9804	2.43836393953728
10010	29887	2.43812634690999
2039	2995	2.43778287377912
26003	6185	2.43675132014258
1933	6128	2.43665275469099
2537	9636	2.43633973232618
1350	6637	2.43633818760962
3615	6141	2.43556557493634
3029	4601	2.43555959485072
3932	79037	2.42924034181186
2091	6130	2.42907856906865
25873	6472	2.4275125771625
54878	55096	2.42722222742188
6135	6146	2.42675314209167
4939	64761	2.4266608683425
53615	6234	2.42639039015354
25898	5412	2.42615462239826
57610	7145	2.4258347453825
1019	4809	2.42581522248236
6122	6223	2.42571106915291
2935	3848	2.42421661432665
23521	6137	2.42281521289677
3983	51176	2.4208134068619
55082	9584	2.42079681110378
3690	6403	2.42046070939286
51203	9133	2.41952535609673
23350	23379	2.41899936208264
3932	8718	2.41796827119099
1432	23200	2.41711982352706
26118	663	2.41673398294536
1892	471	2.41657266660803
27102	6535	2.41630640650274
51596	6223	2.41565683296217
4708	6204	2.41532906356352
6478	80127	2.41421622613013
10399	6130	2.41399892601647
5859	6141	2.41396315041418
3313	8886	2.41339827586064
2935	6535	2.41186832261764
4946	51257	2.41103422857766
6191	6223	2.41046566252768
51596	6130	2.40917706092091
6170	6204	2.40871631317641
23181	5205	2.4085069828807
1647	23287	2.40818592519662
4635	6535	2.40739249858109
6134	6141	2.40529409927392
2091	51596	2.40490548097251
23390	55082	2.40479006246018
1819	6626	2.40351242588458
1436	1808	2.40333800225439
25813	3419	2.40220886321255
11275	5861	2.40161932031745
6217	6234	2.40051948865949
9055	9133	2.39931193157853
5143	90338	2.39897518888829
27102	598	2.39684249018726
1937	6159	2.39499566930982
10915	1736	2.39467663601019
23390	51315	2.39396296408538
25793	5305	2.39377427143033
55796	8131	2.39305454145597
220972	7145	2.39201192634866
1349	1350	2.39108271280548
10492	8886	2.39049825079416
25836	4077	2.38942580923078
6132	738	2.38881648124541
25793	8131	2.38682013733293
23190	23325	2.38674745296332
26521	9556	2.38644552667771
10054	9166	2.38634047205982
4659	5926	2.38370018496792
100133941	6947	2.38278690262413
6218	6230	2.38256529658328
23070	64761	2.38214625196113
2992	660	2.38158665557505
573	6535	2.38147650512564
10644	3029	2.38060914864406
10444	997	2.38048004283067
6138	8667	2.38030964096783
23365	8140	2.37902385334213
10330	51021	2.37731757578254
4586	4916	2.37720183068419
3459	6093	2.37709867391277
11184	23225	2.37606956399242
27102	3068	2.37581209186672
10236	10915	2.37568058935982
23325	4659	2.3752255870527
23521	6143	2.3704956117428
2935	669	2.37043433945703
54512	660	2.36989619943131
4205	51719	2.36813589838764
1992	3422	2.36702277579031
5478	6224	2.36667186420819
54878	55603	2.36641830609184
29997	6193	2.3646053509397
51747	55035	2.36243246366754
5196	6915	2.36130213718834
328	4736	2.36061947279908
22916	4691	2.36046313542517
51719	55161	2.36039072027403
2038	759	2.36025894868077
220972	2935	2.35803259029655
11138	5209	2.35798183375828
26118	9467	2.35734705742315
6132	6193	2.35724275000354
10906	6890	2.35663878633783
55096	55209	2.35599289798659
10906	9246	2.3551124780998
27018	2781	2.35500122539861
23076	3609	2.35117581639762
23129	7045	2.34941116781291
5305	7145	2.34915194631857
10399	6159	2.34702396273508
5305	57610	2.34354260651863
27020	80232	2.34267007532108
399665	4118	2.34083685901581
6138	6193	2.3406298193712
55288	9039	2.34052031537363
25996	2729	2.3362463107517
4736	51367	2.33620982886029
51128	5687	2.33515269418485
23287	5861	2.33377017738203
25873	6134	2.33152372618696
6170	9556	2.33118166792023
2039	8991	2.327541395932
3615	6472	2.32651833249568
1629	55142	2.32617488133895
328	81929	2.32603215095982
219333	66008	2.32485183831684
10450	10469	2.32389025076704
116985	5293	2.32376625170786
6209	6223	2.32307344750948
8344	8346	2.32304303282208
6155	6224	2.32244099216329
2935	4601	2.32233624353523
6125	6138	2.32146808875054
6234	90956	2.31889524451759
1808	79026	2.31719819548445
6132	6143	2.31469983449102
6154	6164	2.31328997879442
11152	997	2.31319220919677
26499	2766	2.31315792027035
9039	9926	2.31170861026922
6521	6622	2.30746116887951
25804	6132	2.3068210548503
11215	64921	2.30643332925205
2281	23608	2.30620329581242
10430	813	2.30597364078073
306	5110	2.3052632772965
23390	25957	2.30512231062218
4641	51512	2.30490444296643
23770	8131	2.30485559393634
2995	4635	2.30435568069473
3045	80127	2.30179144428968
7145	84164	2.30092203915523
10444	8131	2.30075410424509
55832	9652	2.29779840874001
6122	6202	2.297515763595
3932	916	2.29668968450038
6189	9318	2.29665119590669
6622	7314	2.29639816037254
10575	6138	2.29468958789838
5087	51218	2.29017815554455
51218	669	2.28721512450255
10654	4728	2.28585564934199
374291	4728	2.28519582574874
2038	7314	2.28193816301124
6138	6175	2.28180444586357
6535	8131	2.28164952251541
10010	5788	2.2803441162499
3693	6403	2.27891941542924
25804	353	2.27773537237618
6169	6207	2.27705723369511
6122	6227	2.27658376944887
6146	9324	2.27656146554938
23181	5228	2.27369384847405
29997	6141	2.27333299015898
4501	645745	2.27130271150098
1892	738	2.27121917543622
26273	9039	2.27056696620767
26046	8615	2.26901993977762
6152	6156	2.26888819801512
5861	663	2.26886986232748
2994	759	2.26827952011049
3187	8661	2.2673909591534
6929	8991	2.26665040313543
10492	5757	2.26541306128114
6503	6809	2.26415783244414
29997	6188	2.26337322986007
6665	80700	2.25776952153356
10654	27335	2.25721929396598
11335	23272	2.25632242376392
10575	1434	2.25495575670832
219333	669	2.25160327558936
5305	6622	2.25096808295429
663	6655	2.24937007732921
2180	6809	2.24879915727008
10644	2235	2.2484230824708
57515	6744	2.24819609147049
219333	7915	2.24779801344664
57515	663	2.24694759724641
7504	80127	2.24665948918875
2038	2766	2.24640189731099
55142	79939	2.24568822781225
1604	5509	2.24240318755991
2235	57610	2.24115116089586
10055	10212	2.24048175847496
3267	663	2.23988255650525
2766	7145	2.23980755652812
6710	7111	2.23926006862195
25873	3615	2.23858120201996
51094	8131	2.23855708195337
6535	8531	2.23833050774853
4601	6710	2.23674069057672
51747	55015	2.23534357268731
10107	80127	2.23440956394683
25793	6535	2.23340268865365
6134	6188	2.23238517310528
3945	6146	2.23175934104446
23011	5861	2.22994154242384
1312	23129	2.2298172942516
11213	64092	2.22952373216385
1892	8761	2.22679799266207
79701	9538	2.22624206858251
1269	4916	2.22598783647327
5450	608	2.22510473437865
328	471	2.22375200699176
5509	64092	2.22321406606559
10490	3958	2.21859294311993
26499	6710	2.2170585265481
23190	3717	2.21629471667446
6156	6204	2.21620437516424
2766	5087	2.21494828204454
26499	80700	2.21437448580321
2091	51367	2.21234379980314
10179	4659	2.2111882141317
25873	6138	2.21090130317736
4809	6132	2.20827891758124
332	4288	2.20745540316295
6191	6193	2.20739352105735
25793	81558	2.20694618114888
3437	710	2.20613421461858
3105	91300	2.20559292531741
5494	55796	2.20546224915054
6124	6222	2.20542975294378
2038	54855	2.20475495378278
6152	6167	2.20419323270198
973	974	2.20418628067313
51082	573	2.20407947142542
5509	6809	2.20303910636001
516	6472	2.20188167570346
930	973	2.20185095568896
10195	9538	2.20076479711914
51747	8899	2.20020763923336
10558	5412	2.19825210673622
191	2091	2.19778202779026
27018	2791	2.19774832690873
200576	4659	2.19610322834904
239	9124	2.195049282447
114049	3276	2.19497661607132
3932	64919	2.19328120896247
23116	55035	2.19264518637866
2091	65005	2.1917840117972
29969	7112	2.19155503806604
58477	79053	2.19147264064664
10964	9636	2.19094585420355
23521	6222	2.188546998193
2039	3029	2.18791673044555
7203	81929	2.18634352935964
1349	26521	2.18608980723954
1230	5359	2.18602555112497
7504	759	2.18565386061875
56005	5902	2.18543532335802
3313	908	2.18536783802184
29997	90956	2.18483044177102
3029	80700	2.18276481981783
114049	4809	2.18220404621063
6139	6154	2.18149907696091
5447	6515	2.18125153781451
1892	23076	2.1809253194839
23011	51719	2.18050897902799
1434	86	2.17788166102198
22848	5228	2.17651980279595
6234	9538	2.17411865363683
1337	4695	2.17354008244423
5087	6478	2.17286954528397
2358	54916	2.17246248312148
6191	6217	2.17217408547713
10330	5478	2.17171784795668
1604	55784	2.17147144113344
79718	9867	2.17030345858505
1147	3459	2.1689420337691
55209	55603	2.16864704310011
10098	2039	2.16863907373334
22861	84658	2.1684413791728
26093	80700	2.16709194766823
10644	6622	2.16633829427325
360	6472	2.1638536026777
471	8761	2.16352675430561
26499	3045	2.16352571468055
27292	9868	2.16228795625705
200576	9765	2.16117906785877
220972	6521	2.16014956405388
3762	80700	2.16010703688147
55544	6535	2.15934538875767
23181	55603	2.15861661690643
11152	573	2.15712282419657
51386	6141	2.1557689785343
10128	55013	2.15572485959613
2039	997	2.15563925607526
4601	8991	2.15552342160104
56005	6723	2.15378324773452
5859	738	2.15337922803582
3615	9045	2.15142094242047
598	7111	2.15036092180317
2935	6767	2.14922697302471
10558	9039	2.14903948881896
6280	8519	2.14902991420017
57142	6102	2.14818739020541
1345	1350	2.1479688807775
5087	80127	2.14786341741287
80127	81689	2.14773933091867
2996	759	2.14474754130341
10527	55832	2.1440972236346
738	79064	2.1440934515524
402055	55544	2.14187515183444
1736	9984	2.14145289140873
2091	6217	2.14064554465428
4659	9926	2.14049082947756
11163	669	2.13970677671517
3267	5873	2.13898260295198
11342	4205	2.13895842810683
3257	80127	2.1367571328305
1849	51816	2.13639383141098
25804	6183	2.13634079541828
7314	80700	2.13499630144998
51693	9377	2.13337323774768
2729	52	2.13291893457231
573	7314	2.13247712969647
10128	10527	2.13211658651986
2729	7001	2.13003205155529
6141	6234	2.12913069178998
7145	9491	2.12803129853723
54855	55544	2.12722760671261
6167	6233	2.1235556622822
3257	402055	2.12276474075854
4494	4502	2.12132049538745
27013	5606	2.12055032471198
57515	965	2.11953495093373
6150	8721	2.11752725699291
1604	5209	2.11742856612085
4659	55914	2.11553828556462
25793	26499	2.11520173274926
11275	6814	2.11328664381993
2994	669	2.11306888806957
55006	55795	2.11159552468996
10644	57610	2.11050993108072
1937	9045	2.10863349036767
3112	933	2.10851603572007
7145	8031	2.10834774711646
10661	55544	2.10831080908781
1635	471	2.10815355071933
201562	9804	2.1072575645496
1629	23181	2.10674882897031
6147	6169	2.10506800498463
1635	28973	2.10503080625477
8284	8287	2.10305406488999
60488	8725	2.10223966167847
10667	9538	2.10160542950195
55015	8899	2.10033790260861
6202	6222	2.1001816091538
10179	51444	2.09944240448889
25978	26118	2.09928715362446
239	5046	2.09889095704041
353	4736	2.09837310437237
25793	51218	2.09771868226971
374291	54958	2.09677147263894
2992	5873	2.09526847553617
2039	2766	2.09511889002286
11138	25976	2.09442149272826
5037	939	2.09283396980841
7041	9124	2.09277338613275
29997	9045	2.09241304249767
4659	9765	2.09230196082434
4736	9045	2.09020180340937
10964	4599	2.08946904301949
402055	8531	2.08823537093237
3276	54471	2.08426865400913
669	7145	2.08399985276096
2017	3693	2.08214970977235
6164	6637	2.08151666890306
10558	51719	2.08111477568415
11152	6535	2.08082620766131
6637	9349	2.08031569631666
2039	6886	2.07912955085764
6160	6229	2.07743214395353
10558	6093	2.07576349827715
2091	471	2.07541951656727
6535	7145	2.07525387485427
10558	57515	2.07519359880597
1892	92856	2.07403398590995
60313	80213	2.07391283151737
5683	9556	2.07369275804068
2091	4809	2.07288049175954
23225	471	2.07261646910747
8343	8345	2.0710622349951
6210	6235	2.07099423472298
23390	9584	2.07065805538736
6521	7314	2.07046225426386
6169	6205	2.06892130460985
5782	5861	2.06769098845904
6124	9045	2.0672828656773
220972	51218	2.06709765951989
10055	5901	2.06669686337486
23325	9821	2.06657245124177
6129	6232	2.06493392774133
10923	51128	2.06425120091894
402055	9491	2.06347347908438
64108	684	2.06128650891628
55544	7036	2.06033177836997
114049	516	2.05986929650471
2993	6521	2.05857829359658
6130	65990	2.05853022608326
2091	5245	2.05794052599291
55858	5926	2.05787809988477
4599	9636	2.05770203602011
4067	9766	2.05745652286648
10014	3705	2.0562174726308
23350	9774	2.05539636297633
79675	81034	2.05508733655725
1312	7045	2.05454389572191
6155	6210	2.05396967734139
5782	6093	2.05308739685693
6138	6217	2.05290325135565
1665	8899	2.05275217479935
25873	6234	2.05271407993894
25793	7111	2.05265714164627
55168	6748	2.05253382720398
2039	2935	2.05206273505971
6521	9829	2.05171697437427
1991	4680	2.05166339297167
2766	3045	2.05140645008653
80700	997	2.05116029959991
84164	8531	2.05004793232429
3105	6280	2.04955690516676
10123	3932	2.04927901046447
7041	83700	2.04778939094386
1604	663	2.04677926540636
669	7504	2.04625005636535
10644	7145	2.04620953867937
4637	6923	2.04550880741594
6138	6194	2.0453337144568
51030	6726	2.04386727988625
8284	9086	2.04356914572172
11275	23011	2.04124893954517
27089	6637	2.04028021487649
55796	573	2.03905456014562
212	26499	2.03879479841844
22974	4288	2.03771441785262
1277	2057	2.03740986757646
7111	7314	2.03643885987056
10558	120	2.03607306717283
4659	79666	2.03102171828563
10054	9804	2.02930512994296
6130	6193	2.02849959507815
4691	471	2.02797677051584
6513	9911	2.02782911429564
10558	25898	2.0267229321305
10528	3276	2.02644820493279
23521	6202	2.02573755515239
2091	8761	2.02541415313209
2323	53347	2.02091691103541
57610	6521	2.02072244119553
10558	4659	2.0204475842853
598	63891	2.01988325259531
2038	3257	2.01931310575796
10558	6814	2.01735423502432
10236	908	2.01544209779203
10098	7314	2.01286620315057
2039	51094	2.01025102216332
2235	3848	2.010067085774
11213	11275	2.00935654108967
4697	509	2.0074573981916
1347	4697	2.00610406297509
23390	9439	2.0047022834751
2935	759	2.00340772793435
23521	6191	2.00226500696201
10054	6432	2.00164560049475
23350	6873	1.99986320587424
2039	6710	1.99974178204306
3958	7314	1.99954991611411
2091	6723	1.99876425729719
1629	81856	1.99873112955617
23770	997	1.99870771127246
6201	81892	1.99868496965821
4659	5412	1.9973520480752
684	710	1.99728088751512
10632	26521	1.99668399268013
5901	5985	1.99649310143896
7388	81892	1.99617721435386
10564	11215	1.9958835508645
3934	6947	1.99529884146211
1669	932	1.99527233898854
91300	997	1.99466572658365
3276	5037	1.99394195827495
2512	51257	1.99339922943257
51082	8703	1.99250536895792
6136	6156	1.99131338146386
10527	27131	1.99031877946381
10055	6472	1.98988382450405
23648	8703	1.98928794951298
7314	80127	1.98797112747021
10492	908	1.98770199486658
1349	27257	1.9865887964572
3848	7145	1.98494366351875
55914	79811	1.98349310373458
11213	6093	1.98315804295024
528	55860	1.98292995246512
23608	80127	1.9806369402789
6143	9045	1.97969417015099
5886	9491	1.97922729673496
2313	29982	1.97812228431273
25793	3848	1.97783718623921
27249	7360	1.97633744522091
23390	54502	1.97581161145535
23287	64092	1.97449098502768
2235	81558	1.97445286232112
6139	6229	1.97287199329138
24138	51191	1.97255805345387
10217	7041	1.97102716890511
29760	7163	1.97099265829471
10654	4723	1.96916811885809
1471	9056	1.96867652448852
10561	4939	1.9682507850344
10054	10915	1.96808604203022
26499	80127	1.96741372043685
10399	51596	1.96718682203441
6143	9538	1.96667146058019
23011	57515	1.96516084841952
286	6521	1.96372444288363
51759	8395	1.96162650748931
23408	7850	1.96144539869451
5728	5782	1.96081335698411
28960	516	1.96081002687508
23379	5921	1.95996334405608
4118	55340	1.95877284256783
3932	9397	1.95724646532093
4708	5478	1.9547654662382
5757	708	1.95472837888997
25898	965	1.95387165176616
7311	80700	1.95283654657652
23683	79161	1.95214895844285
2038	8531	1.95105208748865
914	916	1.95100861306504
2633	9246	1.94881773451122
10576	4869	1.94823368156859
5228	64421	1.94800101129525
11000	55577	1.94746683789903
10490	8531	1.94737757398229
170960	22848	1.94688257559634
6279	7311	1.94649703019576
471	4736	1.94641005398626
57515	5861	1.94631108820805
10644	2039	1.94580679159861
10915	908	1.94556050150637
5509	5728	1.94528568458096
23198	8780	1.9451821218696
26499	7111	1.94517243332518
3843	9868	1.94442769516126
2281	55544	1.94351770308683
6234	78988	1.94308519769994
29997	6130	1.94292691024264
6134	6175	1.94223225095785
57142	5861	1.93895512824201
3257	8703	1.93825531353797
57515	5788	1.93681677884711
23408	5208	1.93602259732409
4736	8725	1.93566390780573
10578	5551	1.93457342854517
1019	6723	1.93378053515211
11275	6102	1.93357892881715
4706	65005	1.93153093824693
444	55454	1.93146309707037
2017	6678	1.92859185003247
3422	51571	1.92857196626374
23350	5286	1.92792299042254
6228	6233	1.9278213144693
6125	6202	1.92757649082041
54951	6726	1.92754024860997
10330	51690	1.92736105218331
2091	84549	1.92644852682521
25978	5509	1.92613411364158
10444	4601	1.92562315010147
10892	79612	1.92480681051598
55145	79666	1.92411581801053
25814	60488	1.92333907769897
51094	6622	1.92306027024311
28985	509	1.92216304082503
2313	51809	1.92015502776644
4691	7267	1.91988351301549
157680	55754	1.91819635959085
10644	80127	1.91773934699175
23770	7311	1.91723186288283
55754	55763	1.91671654082175
10576	10606	1.91601332829384
6535	997	1.9148688475129
26499	27102	1.91436587846124
6124	6159	1.91395335471648
2815	5196	1.90952804952366
2091	328	1.90926614131632
2766	5305	1.90838891253192
51030	8417	1.90831372110969
6767	8991	1.90775118964945
353	738	1.90664733753942
3187	3609	1.90624544145287
25793	6710	1.906216224386
22848	5576	1.90577091688812
23200	25898	1.90519810722836
23262	5925	1.90264267121848
3932	53347	1.90206165690011
55860	7360	1.90060087641032
2395	939	1.90044488183921
6132	65990	1.8998206842331
10054	201562	1.89958253934225
23190	5412	1.89878458910024
3422	5509	1.89823914430218
3045	7145	1.89778908455771
26994	8850	1.89707747988659
4736	6125	1.89528862553848
10594	23020	1.89522037227209
5757	9804	1.8948409757842
23011	5728	1.89417442997556
5205	90338	1.89258260833424
6137	738	1.89240524287647
4635	7314	1.89090921862552
29110	4659	1.89078679307729
25873	6217	1.89068666926468
79939	90338	1.88961204401362
10528	23076	1.8872778475698
57610	8031	1.88709659133003
51596	738	1.88631359508359
6167	6224	1.88616357214482
2358	7096	1.8844921189624
6122	6222	1.88435948084402
2999	3001	1.88362824507341
10644	598	1.88354853795182
10097	10558	1.88344721913346
11342	80232	1.88333069066684
1669	4353	1.88169807064276
23225	23344	1.8800985726195
402055	6767	1.87913561972629
8666	8667	1.87821854245283
10061	79707	1.87769117855711
26499	51218	1.87739392319805
23190	5903	1.87610815384601
2039	4601	1.87575507637889
22934	6622	1.87447922011898
27090	4635	1.8738111510566
1892	353	1.87302354045931
4736	6217	1.87113159368155
57610	80127	1.87072823029303
2039	27090	1.86966836234775
219333	3848	1.86862833910207
26499	7314	1.86768978730644
663	9467	1.86664128103631
1629	285231	1.86633316877025
29997	3921	1.86600629383255
27102	81558	1.86560953112573
1432	55784	1.86351959118701
5921	80267	1.8614031095445
3717	54502	1.86131281770191
3422	7360	1.86054932010777
3029	6929	1.86008223829929
3257	5886	1.85955398649855
10561	2537	1.85886922294358
55096	7994	1.85756961964736
231	5037	1.85645092416763
1912	79746	1.85638076651472
26046	81542	1.85560657833357
10107	2038	1.85479370845992
4601	5494	1.8545179365572
665	9604	1.85330567572074
566	932	1.85206304710054
51719	6655	1.85127061691824
1736	64682	1.85118319919961
51816	53373	1.85036345085311
6133	6210	1.8494010976314
57515	6814	1.84918164507133
6155	6170	1.84824306072246
11138	1992	1.84820671605349
402055	6622	1.84629127653562
102	200576	1.84626190324471
2235	66008	1.84607979624996
51311	5782	1.84467194387045
2993	51218	1.84397104209204
10195	55651	1.84316500083585
5684	5685	1.84313754352208
55454	6093	1.84309539318119
5757	7112	1.8400024664177
1277	1579	1.83995270962475
1978	29099	1.83906601748606
10054	27131	1.83887421192815
6132	6175	1.8377677072348
25813	27316	1.83774318658987
5909	80127	1.83516038896897
516	9538	1.83418997781213
10097	64747	1.83417008302438
55013	7112	1.83407472061716
4736	6146	1.8332217386388
6723	894	1.8310084965161
402055	51082	1.83034266166691
6132	6137	1.8285157793441
4635	80700	1.82822743624184
286	5305	1.82818414119252
1019	3276	1.82814704858522
29097	306	1.82693123528288
4205	5861	1.82619448289977
3029	8991	1.82602240526467
23608	6478	1.82584515219706
6279	8519	1.82569817323793
1340	6923	1.82512800550204
239	5196	1.82490445107584
10125	23259	1.8244208318161
11275	55454	1.82417918077497
10398	83700	1.82369110960651
5859	8666	1.82297857253192
4303	4601	1.82286629666926
79811	9295	1.82286211017577
191	65003	1.82251840387063
10217	83700	1.82200865754559
10051	6782	1.82144973612248
203	2039	1.82140726527937
11152	2995	1.82006686831361
6130	6138	1.81938679299376
6192	8287	1.81753139641146
10929	22934	1.81752197552096
26499	2935	1.81747487548943
56005	79174	1.81660741949146
1604	3267	1.81598580971238
2289	91	1.81363945106046
57610	8395	1.81358478115713
26039	55035	1.81341056179752
25893	6535	1.81166757889718
2038	84164	1.80772958376048
7314	84164	1.80718837755118
3068	8703	1.80669584861115
27020	5861	1.80642530201005
23191	57698	1.80535721577985
2935	81689	1.80502070878376
4205	57515	1.80445151585638
51218	81558	1.80427961142483
25898	528	1.8042384473314
51596	55651	1.80355849973961
1207	25814	1.80326206273362
402055	81689	1.80318493814871
10399	8666	1.80223378354891
54951	9	1.80074626552734
4097	5576	1.79851637635904
51082	598	1.79846794743987
598	9491	1.79723193623144
353	90956	1.79707858655619
58477	6723	1.79662274031807
11215	55795	1.79641292597992
4728	9377	1.79639643435927
23181	55142	1.79485102148323
6141	6472	1.79414350503386
286	7145	1.79395395437485
10128	6059	1.79388709619085
2987	3049	1.79383991971734
10179	9867	1.7935491584252
10644	5305	1.78810989699933
3608	6742	1.78529280916203
1326	5861	1.7850007507047
4736	6193	1.78442509067987
10399	9045	1.78431392806156
6217	738	1.78390168288145
7145	9829	1.78279598081009
5440	6139	1.7825733421931
3068	598	1.78085539772826
54502	5782	1.78043953785469
5551	9289	1.77896422430008
10434	5861	1.77722550778031
23608	7145	1.77709786016318
3385	4542	1.77649196521295
51053	7443	1.77471268280295
54855	6006	1.77415510760594
4938	4939	1.77224498566598
6134	79064	1.77207593419238
25813	8761	1.77185662135288
6160	6637	1.77176796353117
29997	9538	1.76995045878966
27020	5782	1.76993187921197
6137	6191	1.76990293471153
6124	6135	1.76898220778186
231	939	1.76869856435574
27042	7267	1.76860747199696
27335	54958	1.76841667447808
10654	6472	1.76716792930596
23500	8460	1.76664193911851
10654	6130	1.76623023663526
26499	55544	1.76566763925687
6132	6134	1.76497242487724
22934	51759	1.76475242957724
10155	6141	1.76437795347346
23287	3459	1.76426707574634
6136	6188	1.76362781594405
4809	51596	1.76229972261371
5440	6201	1.76204736113633
55651	6130	1.76074037259601
3068	5087	1.75893558718453
573	598	1.75889061710581
25996	66008	1.75878465176575
6222	6227	1.75796946683191
4190	51138	1.75785253173559
23390	905	1.75601836634443
2091	9538	1.75510952807246
27102	6521	1.75490099954989
51218	5909	1.75013206235706
6160	6173	1.74942684164019
8343	8346	1.74928161580116
274	79037	1.74905764337183
5111	5985	1.74849612230744
3276	471	1.74839852644107
5728	6093	1.74777728539344
23770	3762	1.74746703768138
51690	6222	1.74696154291616
27335	374291	1.7469146040949
11152	55544	1.74677760177525
3257	573	1.74669531974903
10492	6185	1.74543707962864
25873	516	1.74521923421537
220972	8031	1.74501427260185
10097	11275	1.74470336891934
26273	6744	1.74398038196958
25873	6130	1.74396522994108
10644	5087	1.7437429556439
80127	81558	1.74317637568248
6139	6233	1.74295625428399
220972	3045	1.74208616159349
11236	4659	1.74146126590168
5204	9556	1.74089826484031
147179	3570	1.7405068416712
10128	3843	1.74036946443197
2017	4900	1.74007847392989
1635	28951	1.73855806571908
4205	663	1.73775602142923
5440	9318	1.73664534210492
10444	2039	1.73621800046575
6130	6188	1.73595936473792
1738	79718	1.73538539107064
26994	5494	1.73507440774877
2039	51082	1.73439751342372
51596	54958	1.73396750881107
29760	974	1.7339672002568
8031	81689	1.73144366307251
3848	6521	1.73138655914051
51203	9232	1.73071976472263
6130	6183	1.72993119135147
79026	9780	1.72990512459978
3091	5500	1.72921785113068
55832	9166	1.72900900015041
11224	6222	1.72737627377391
2274	5087	1.72702638736869
23390	80267	1.72673759733163
10133	573	1.72578564387125
6191	6234	1.72565563375641
11152	2281	1.72556349881852
10561	4599	1.7254686636421
64397	8452	1.72249804072189
27292	3843	1.72224579107573
2994	51327	1.72131720816117
6535	80127	1.72098062985492
4809	55651	1.72088283505307
6223	738	1.7204966793227
3300	997	1.71772759791936
10558	5495	1.7159761760922
51079	51647	1.71571079015581
4869	6632	1.71532307222787
55035	8899	1.71505481707329
1808	8795	1.71300284192704
25793	6767	1.71201077359317
10067	22796	1.71176372233275
23011	6744	1.71145152141741
6152	6235	1.71112102914687
203	2281	1.71086082206714
10564	55832	1.7107557040564
51596	6134	1.71050475521078
4783	7099	1.70953046139134
113	23312	1.70946802939346
23350	5921	1.70939519188975
2017	2781	1.70866233460381
10010	80232	1.70768943059924
102	5921	1.70762124067968
2235	4601	1.70568260427846
9780	9984	1.70564932319662
51433	8721	1.70495332176109
6622	84164	1.70423733444411
11215	23259	1.70419382911162
11275	5728	1.70409709351332
5478	6175	1.70408276228874
6155	6233	1.70394208262776
328	3419	1.70389701834191
25900	3603	1.70358020629059
286	8991	1.70068074603546
2038	27102	1.69912079128201
57515	64092	1.69863103866163
66008	669	1.69780118466929
10097	80232	1.69767867358145
1337	1347	1.69576341149552
644096	738	1.69559563930589
402055	5886	1.69504767668462
1019	6636	1.69395597737166
286	81558	1.693371928452
4635	7311	1.6933373352501
5290	54407	1.69308531140082
23770	7314	1.69063073877913
55082	905	1.68995837638087
55049	6141	1.68865041129717
6160	6233	1.68859324824016
23390	5921	1.68823609298687
4345	8115	1.68750241422281
3612	51030	1.68569426256338
10444	5305	1.68531368520448
23036	23325	1.68515494985913
66008	7145	1.6841814275409
26973	51030	1.68385319207268
6193	6234	1.68356828316723
57610	5909	1.68354141978458
2091	57128	1.68330666109443
29969	60488	1.68306671610089
6535	7052	1.68223112044161
6130	6191	1.68207946331134
51759	7915	1.68203914191514
3257	7145	1.68181142244682
9166	9652	1.68015412681393
2091	516	1.67996574570654
55651	9538	1.67983320229151
56005	9601	1.67978861202907
11235	25994	1.67831338156793
6710	7145	1.67787232262735
221154	23262	1.6776985660302
10975	6171	1.67739541731816
1019	231	1.67620014119566
25873	4736	1.67522892970993
5305	9921	1.67419915844598
51324	64834	1.6740083143667
2039	55796	1.67371419705881
10581	567	1.67331754392797
51094	6478	1.67330383597957
10964	51191	1.67292571096363
4736	84549	1.67187791916821
25996	669	1.67141012611881
23350	26046	1.67123496975788
10492	8661	1.67080922195026
25813	328	1.6704608084787
2766	402055	1.66820195747692
663	7257	1.66658689326501
51218	9829	1.66634838025262
51719	5495	1.66558053876208
10217	5196	1.66500567263426
10067	92856	1.66438182638577
10010	10097	1.66425382988282
3419	7203	1.66191891300533
10098	2935	1.66133228176266
1937	65990	1.66092683955396
1992	5209	1.66038495647834
6132	65005	1.66031857247598
2197	6204	1.65926280569246
4700	7388	1.65787805603973
11342	51719	1.65735919066724
3276	708	1.65624422632719
11275	57142	1.65607528933746
10217	10398	1.65592712061361
2091	5790	1.65477626437756
5925	81542	1.65370069744675
528	8649	1.65197347780642
23190	4659	1.65180974913407
57128	84549	1.65144499728012
23608	25793	1.65062210012226
6093	64747	1.6500083956915
55008	64761	1.64964180319912
51367	8761	1.64939318091732
10892	5286	1.64938065869165
1808	4668	1.649295250135
10558	9926	1.64804176667515
6135	6194	1.64792469411057
3921	6134	1.64750914616743
58477	81929	1.64591843014271
2235	8395	1.64565117264559
23076	25813	1.64561207558789
471	51367	1.64494364500911
11236	6093	1.64440340200391
25873	9538	1.64431628615741
78988	80097	1.64304865101559
22934	7915	1.64290695759576
50999	5495	1.64231634823048
2235	63891	1.6419258561479
10242	1269	1.6418108726868
51367	6472	1.64116708316716
51719	57515	1.6411427792416
5685	6728	1.64037071427976
23608	7314	1.63842946449634
2766	8991	1.6370246228992
1997	53346	1.63631147319707
51203	6241	1.63478416726389
4520	64778	1.63469818546732
2358	5861	1.63398527874676
90956	994	1.63285753898313
2768	5087	1.63220305161847
1635	26031	1.63209429645764
10054	6731	1.63182694626923
23379	64418	1.63158691405908
3615	6159	1.6312901885891
10644	3848	1.63033954342597
25996	2993	1.63010504025131
663	6744	1.62957366267483
220972	23608	1.62683726707367
11215	9497	1.62677532061547
11236	965	1.62656589515835
10923	55840	1.62643952183668
4700	6637	1.62638896800816
23325	6093	1.62638112273865
4728	738	1.62634104777941
3145	6005	1.62285885539581
3045	402055	1.62283060400287
2091	6134	1.6224974642932
8225	90956	1.62229070967854
10644	286	1.62142913984404
4493	4501	1.62051874263572
27335	6132	1.62039737969225
27089	4700	1.62030588510308
5305	6535	1.61992411080349
140609	51809	1.61900232765359
7311	794	1.61855155338753
2091	6183	1.61831835969293
5577	9124	1.61597996056402
10915	7174	1.61587564224597
27102	7145	1.61548944857195
6152	6170	1.61498513114786
328	8761	1.61468670165568
5495	79666	1.61441639011312
10398	4900	1.6138255530149
2017	6403	1.61278937755325
285231	90338	1.61248500034547
7504	81689	1.61235065440516
10198	64682	1.61226023945328
3276	58477	1.61161336057996
10654	374291	1.61098097201911
116985	9938	1.61081949460082
55544	80700	1.60995841769649
1647	3267	1.60866976270452
4601	8131	1.60845118242593
26054	58517	1.60805734703693
1349	5683	1.60767791275136
5606	91300	1.60767637321375
6128	6138	1.60738090814928
26499	5305	1.6060158285221
1738	57515	1.60562108590721
2323	6932	1.60265809480577
5037	51367	1.60204674048921
9768	9837	1.60140937040617
55544	80127	1.60089004960205
5305	5606	1.60046690051687
28969	471	1.59911928419152
6767	7145	1.59903934461021
4635	794	1.598717294553
10155	51386	1.5979498470564
147179	4215	1.59688271230403
55006	55164	1.59680025153458
3843	81929	1.59620573990612
516	6723	1.59579418027008
11196	6434	1.5939500610251
10654	353	1.59199235761571
10575	86	1.59162311581793
23390	5926	1.59144610899784
2996	3045	1.59129456120808
51816	65108	1.59068952857839
29098	65005	1.58957115724552
5196	5473	1.58942199130129
51021	5478	1.58818058045894
81855	9466	1.58696833623325
23608	573	1.58682511740233
10561	51191	1.58578005558139
2039	8818	1.5856287740569
4035	9612	1.58526801316374
2017	3690	1.58508640600053
6122	84549	1.58472916906434
1277	6665	1.58464271220414
2633	55601	1.5842584338258
509	5701	1.58378886660251
2039	3068	1.58374544010897
10098	51094	1.5833442933536
6814	9926	1.58222577797961
54878	55802	1.58194194907248
6138	6223	1.5811973783223
6723	9601	1.58022673223114
51172	9466	1.57981770800641
4809	6130	1.57948048691406
23325	54502	1.57945774337521
2992	5608	1.57901700994939
51386	5859	1.57667054842423
57018	58517	1.57600025427557
54812	5576	1.57577349874823
6129	6230	1.57510067863227
1207	9804	1.57478098565806
11138	1604	1.57461985310897
1019	58477	1.57388642064634
25793	5494	1.57386339502151
665	8031	1.57342877656364
7267	79707	1.57303834618783
2766	57610	1.57246256743054
10469	2091	1.57196456011485
10107	8991	1.57180200726556
6224	6235	1.57164411212493
3690	5046	1.57163488755435
10133	2935	1.57150565673346
54878	79269	1.57067662525058
23390	6093	1.57001667117882
10098	598	1.56938908922597
6188	6234	1.56914572743053
6188	6207	1.56894390721762
4728	6159	1.56892306479232
51191	64761	1.56866897906487
3560	919	1.56761444353527
25804	79064	1.56681470904387
9538	9669	1.56663291361402
220972	3257	1.56358747406428
23076	3419	1.56238572275976
10661	6006	1.56232036417131
26031	28951	1.56149273450358
27102	5886	1.56129424481613
8801	9804	1.56095686994631
29110	55858	1.56046119684276
7145	81558	1.55994569622229
23325	57515	1.55863185709459
11342	5861	1.55701174750054
10398	9124	1.55563699869901
23191	64759	1.55535896066545
4916	6665	1.55501769643736
10929	63891	1.55467866988583
3921	81929	1.55343867993475
23076	55013	1.55161910147579
7994	9208	1.55159624114086
10107	402055	1.55018118241095
4659	51719	1.54990365441675
6510	7145	1.54970914921306
2180	6503	1.54781162209396
2039	5305	1.54606905085373
55833	994	1.54567340272675
1350	6201	1.54492184945804
6521	669	1.54212018599802
8452	9847	1.54145333966348
51311	57142	1.54050882451977
64092	8809	1.5401950851717
3693	83700	1.53904324758389
10098	2038	1.53891993042414
6622	6710	1.53854157993462
5209	5447	1.53844943680917
517	8666	1.53686321135982
2281	7314	1.5367621854035
22862	29110	1.53669050240941
201562	9166	1.53599149953694
23770	573	1.53566376120584
10915	3187	1.53546964619512
2766	6886	1.53538912189099
5208	8809	1.53402671279833
26499	51094	1.53387202098328
55784	663	1.53348285403435
2993	3145	1.53145111875697
114049	6472	1.53043475967351
11213	8452	1.5303971852063
4940	64761	1.53024257369765
4783	5509	1.52691712824259
6207	6217	1.52400304896114
5196	7041	1.52381170782862
79068	994	1.5238053150368
79037	914	1.52314811209599
81892	9349	1.52310989085073
64919	914	1.5212565875207
51327	8991	1.52117774542741
10128	11215	1.52027767394699
50486	54512	1.51979870510009
2995	6665	1.51869496084513
3276	6723	1.51791275391021
3459	5495	1.51783828075246
5886	6510	1.51748569411556
51742	9765	1.51745064591685
2235	63893	1.51744090956568
28973	5757	1.51686640004444
5696	5698	1.51643824242224
25793	57610	1.5161774622054
51094	7314	1.51593395172583
6130	6137	1.51559151373436
293	8665	1.51556396795125
10575	51367	1.51551541046319
27335	92856	1.51500618779728
573	8531	1.51480111556327
7111	80127	1.51457412249302
2230	5757	1.51399319096443
6155	6227	1.51295482619257
5046	5196	1.50964645550819
10606	5902	1.50924540855243
6164	6229	1.5086170809837
3459	965	1.50858041014884
10107	598	1.50779403874889
79746	8460	1.50657291286466
54205	79675	1.50636793916793
2235	80127	1.50573732187462
2358	7099	1.50531290610561
11213	6655	1.50528712486316
4205	5728	1.50482265014195
2180	5509	1.5040330416606
23225	994	1.50345044930671
6122	81929	1.50314916556378
10170	5208	1.5026033469877
5087	6886	1.50251657244314
10198	55556	1.50228983983518
10217	10634	1.50198783767542
10179	54407	1.50121624335247
5788	6744	1.50037751600442
4601	5087	1.50023948755818
4809	6472	1.50013526721383
6133	9349	1.49965532896276
6731	9804	1.49806069446477
55860	965	1.49637371231757
6154	9349	1.49272690760911
10678	51311	1.49118189685584
23521	6125	1.49031903207394
7267	9984	1.48986970498738
6130	92856	1.48931720567888
27089	7388	1.48849131759908
10644	2768	1.48733208222664
10432	79026	1.48732475297197
51366	7750	1.48637442210721
3674	83700	1.48483839204382
10450	2091	1.48354483478025
54407	57515	1.48298326815703
23225	26031	1.48113836117495
3187	51202	1.4803841596351
171558	5575	1.47992356301394
10179	23011	1.47863381385232
10098	10133	1.47770759515183
3945	4736	1.47735596874091
1434	2058	1.47709704529582
3921	6223	1.47707489564039
669	9829	1.47582902063745
11152	4635	1.47563333748044
23521	4736	1.47536024005706
10097	54502	1.47527712586368
2237	6241	1.47510499531534
6138	6222	1.47504825116892
1892	3276	1.47464177382898
200576	5412	1.47426494991911
23305	7145	1.47410699318258
25793	84164	1.47375885081151
10667	25804	1.47359865014792
2235	22934	1.47309644646248
2323	3983	1.47290805617157
5205	55142	1.47140776417377
4601	6535	1.47012969967969
1269	59344	1.4672950828197
25998	5876	1.4667338502177
10098	2995	1.46597741614771
23500	55301	1.46588913701994
219333	8780	1.46507913272889
29997	6159	1.46455005277705
25898	2773	1.46418965477205
7504	8991	1.46410102079704
6130	6143	1.46389774880747
10456	51021	1.46182137331451
4601	55796	1.46030946622012
598	8131	1.45988237195121
516	6193	1.45940867930309
10097	5788	1.4585258994588
3459	9867	1.45834435290091
2038	2039	1.45764649447926
353	79064	1.45762132461248
10867	4130	1.45756511316147
5286	60496	1.45744590627452
220972	402055	1.45595523009328
4809	6183	1.45568045912394
23181	5143	1.45539794851136
55161	6093	1.45539313250052
6227	6633	1.45507965410058
1803	3932	1.45440297632457
10594	6597	1.45332090744442
11236	5495	1.45329499100385
10098	26499	1.45324889487589
25804	9538	1.45315510940381
57610	6622	1.45305907709218
26273	56951	1.45299090972377
2781	4900	1.45225682381805
1892	6132	1.45220545362039
55754	55914	1.45185034644037
1207	55013	1.45112415356747
27257	5683	1.45020904334359
3376	894	1.44964810825435
4708	51690	1.44922227246918
64077	6535	1.44904133305586
81689	8727	1.44834052767544
4809	813	1.44780421207081
11152	3762	1.44730205623045
2039	80127	1.44676929480389
51081	58477	1.44486478112937
1978	517	1.44471204306771
23423	79064	1.44389147713046
1434	9868	1.44274512513107
3437	9246	1.44224652048921
54780	9184	1.44221781081771
3422	663	1.44199047772152
102	55914	1.44175676497435
10097	29887	1.44130980699731
2091	81929	1.44071690063605
51237	51303	1.44009316698523
10399	8667	1.43988880507837
10644	51759	1.43953774492633
58477	9868	1.43869522664076
23379	55914	1.43828513964265
6521	6929	1.43816103284047
6124	6193	1.43753716611741
3895	8467	1.43667118373831
5575	9124	1.43641117541956
5698	710	1.43613791581549
10944	81542	1.43583873371663
63891	81558	1.43493578812129
402055	57610	1.43486566268783
23350	79811	1.43480313694483
26003	3276	1.43468022936952
2039	7145	1.43453590529134
1808	79789	1.43389396329851
2791	9124	1.43350297445084
383	7850	1.43289547257487
383	5208	1.43260011963252
10594	8295	1.43246663777169
239	6915	1.43213135070053
220972	8991	1.43130642726298
1337	6923	1.42981717704335
28977	51187	1.42710293066398
219333	6767	1.42706454293611
11275	27020	1.42621270228756
10179	57826	1.42603101048674
55013	79707	1.42566166671921
7145	7504	1.4248293648661
6814	9039	1.42476945081621
285231	55771	1.42420148072923
5859	8665	1.42396514530055
66008	8780	1.42331406217321
10632	4695	1.42309679492676
55763	55914	1.4229410074113
26031	79707	1.42264828976307
471	55833	1.42231903437419
5576	7994	1.42231030401883
10195	6134	1.42111385783762
51030	55858	1.42068143882832
1849	6050	1.4203774593785
2091	29997	1.4203388097999
27102	8991	1.42030565340774
1803	64919	1.41994514224832
516	813	1.41953433028788
402055	5087	1.41901914277784
7570	9868	1.41853935676494
10107	6535	1.4184040927763
55013	8725	1.41809466066244
3958	9491	1.41779921120706
10195	6137	1.41776390714844
3674	3690	1.41726314109709
2281	598	1.41618341993951
6535	8818	1.41497934466116
5782	64747	1.41465700890792
10528	23225	1.41437919298976
2766	4601	1.41414115686688
11275	55161	1.41364593167013
6710	80127	1.41321672145242
55726	9197	1.41285213478609
63891	6767	1.41188310841242
29940	54454	1.41184745457148
51303	952	1.41176847572335
25793	63891	1.41165422882346
5305	8531	1.41109444897262
471	81929	1.40999703014712
6204	6233	1.4090126671043
54502	57515	1.4089817249795
64092	965	1.40785633610704
395	8848	1.40738506373236
6915	83700	1.40708357697977
6814	8452	1.40671576129488
10527	201562	1.40642903724628
2091	6175	1.40640458932618
10591	6193	1.4062227338703
11224	6155	1.40558714502332
25996	81689	1.40541271016688
84164	9491	1.40460663051682
219333	7145	1.40424236993585
6133	6232	1.40405369853197
10469	9045	1.40296152693884
11215	55832	1.40284541169197
23608	51218	1.40190988419653
191	25873	1.40124838309603
6132	6183	1.40072254210893
10213	9097	1.40020040439001
2710	3964	1.39944894761309
6093	8452	1.39921795261996
4026	9208	1.398407453317
2815	30845	1.39760768421195
6141	6193	1.39719540821365
6006	7052	1.39711571855957
51366	55914	1.39675231842368
57142	6655	1.3966458052441
54512	7378	1.39661219765988
10884	23107	1.3961431313026
51218	8531	1.39605604758283
10561	64108	1.39601323024506
4860	7001	1.39585224802417
4205	5788	1.39555165604815
5412	663	1.39503032966531
55544	6521	1.39502466498214
3045	54855	1.39484102479007
10444	91300	1.39474236500285
79053	81929	1.39460372037728
55802	9371	1.39417318256204
51218	51759	1.39341072783106
10083	64375	1.39309993156762
26046	6726	1.39294479456513
65005	6636	1.39208463788001
114049	231	1.39025973900542
10195	25864	1.39017845700441
6521	81558	1.38982832679509
285231	5228	1.38973690214472
1434	51367	1.38791527863036
10097	23011	1.38761619266023
3101	5209	1.38725440304065
1629	2967	1.38704432898767
22828	23394	1.38694090894646
10054	10527	1.38594800653556
23608	6535	1.38548863638408
10492	10527	1.38522144352539
25978	9467	1.38478867501552
51719	64092	1.38458807457006
6138	6141	1.38453728534068
10527	11059	1.38446508398979
23200	55784	1.38373263802139
2235	51218	1.38343436490398
10490	6622	1.3828211012544
27335	8721	1.38257015020428
6778	7297	1.38152456088282
2039	3300	1.38001271267477
30845	3690	1.37856012531416
2038	23608	1.37695375417476
10123	923	1.37671610987618
171558	2781	1.37608967543085
55454	5861	1.37588984772262
79072	79717	1.37541578915612
2091	2806	1.37436450201199
2806	9524	1.37423455031471
3145	51327	1.37355440097137
10195	6183	1.37338891196023
55796	80700	1.37332624752504
4939	64108	1.37271435029775
2935	3029	1.37190699324736
3029	6521	1.37147985936976
29110	54502	1.37124480672744
23076	55833	1.37111108617462
3257	80700	1.3709988240289
3276	4809	1.37053594099538
402055	7504	1.37035669417934
5921	905	1.37017408645577
2995	8131	1.36972295433822
23658	6633	1.36968940408024
26499	6478	1.36947020198167
27090	8818	1.36886059121125
2950	517	1.36876799943523
51596	53615	1.36869003027926
5037	894	1.36762224882363
11275	51311	1.36758033254229
6137	6175	1.36753652581408
7314	7849	1.36720311231895
1997	29982	1.36719688599591
10204	29937	1.36701017625219
51759	81558	1.36680255766116
6132	6138	1.36659919870443
4205	80232	1.36583906324748
353	55651	1.36540676801068
4205	5782	1.36501732217509
10654	92856	1.36457279865586
4728	8666	1.36201856014257
23158	9324	1.36082593461405
6124	6227	1.36077514153887
6160	6232	1.36070980321628
212	7145	1.36051488746846
25793	80127	1.3593963986454
4809	79064	1.35911334161132
4061	4939	1.35865918541428
2987	6665	1.35853848024175
56943	8520	1.35802375933544
4722	51079	1.35684954848468
2739	60491	1.35588276592982
63891	8531	1.35581622060093
10885	27292	1.35569685528506
4668	6050	1.35517769829157
3267	3422	1.35513559140859
6201	6230	1.35465336157037
1892	79053	1.35444021364672
25957	58517	1.35432160358067
286	57610	1.3540566735595
23076	51654	1.35314976976415
7850	8809	1.35223751892839
2091	6124	1.35076357483845
51065	6637	1.35071728496548
5901	9377	1.35043909758352
3934	4057	1.35009655466838
29969	8725	1.34997929730995
10409	2319	1.34898443999347
684	9636	1.34876089010529
6139	6164	1.34847773395916
26499	7145	1.34816888655125
10097	4205	1.34778396577555
10915	6059	1.34775457803226
51121	6637	1.34728256417648
79939	81856	1.34683576195561
3702	8445	1.34646713290499
6093	6814	1.34643430218721
6175	6191	1.3458437843148
54504	7045	1.34561549856518
4953	51218	1.34524820351745
5886	7001	1.34500375818801
6122	6125	1.34442501049636
51094	6535	1.34400260839081
23549	9538	1.34397675930753
10434	9867	1.34369514178672
11275	5782	1.34098585913715
4659	51742	1.34003877000799
6194	6224	1.33976892671966
25898	57826	1.33924567559659
5228	5576	1.3389352435277
11237	1523	1.33877728097023
171558	7041	1.33873834743619
10288	334	1.33869452100826
29937	6209	1.33858438863032
10097	663	1.33817614350023
1612	23191	1.33768268220438
25843	51030	1.33747301728883
5494	573	1.33732991451992
23190	51366	1.33732032657325
2992	9489	1.33690945975135
598	6478	1.33682768279386
25898	9694	1.33647312924114
3029	7111	1.33642444088704
51759	63893	1.33574520768338
29880	56005	1.33559175620353
6141	738	1.33519898685393
3045	7314	1.33459976341815
10964	3437	1.33370969998822
4708	6232	1.33213649830372
51218	6622	1.33196028686697
4728	92856	1.33171597798302
3422	64092	1.33150385934853
10444	51094	1.33125637367988
26499	286	1.32871234520125
6472	9045	1.32859433850998
26031	64087	1.32858148918229
51596	65005	1.32682852779314
55544	6794	1.32665829239228
1347	27089	1.32650548875869
11177	3422	1.32639163361303
23011	9818	1.32617659316643
23521	6141	1.32555204270072
27020	51719	1.32429347821774
10097	9867	1.32412500691282
4601	57610	1.32380061892118
27020	53346	1.32353394123806
23521	6234	1.32335672649688
509	5687	1.32328251119342
54502	8452	1.32296594639927
10444	2766	1.32293826754883
3276	4691	1.32290516199026
6150	9377	1.32286145512099
6622	81558	1.3227182325234
1635	3609	1.32248868395994
23181	79939	1.32240769683504
3082	4734	1.32110746313156
6130	8665	1.32063320422667
51614	54539	1.32016150485325
10097	11342	1.31968196568896
5861	9589	1.31798837215239
2995	55796	1.31794698227564
3762	59344	1.31768982285651
221154	5925	1.31742887788842
57128	6132	1.31719858703205
6170	6235	1.31612935523066
6147	6209	1.31598892920497
3717	51444	1.3159160382711
212	4601	1.31590189732593
51596	6472	1.3158406896668
1892	92579	1.31397761936456
11130	3832	1.31279562251606
26499	6006	1.31186115638694
516	939	1.31175389288474
23423	353	1.31096080125017
5509	6655	1.31062257269807
4728	78988	1.30970913646784
3762	8818	1.30909549157477
6175	9045	1.30807200440531
27292	79731	1.30685271266321
1880	50852	1.30669726565627
5143	56829	1.30642641274978
57826	663	1.3059160684634
23287	6197	1.30540655608216
9184	9652	1.30526408198157
6510	7001	1.30503816070746
5245	84549	1.30471086151096
1326	23673	1.30454387979473
51303	608	1.30420706066237
6223	65990	1.3035543680975
55544	8991	1.30334696166269
1843	1912	1.30278918507155
23608	5305	1.30259519108736
5440	6129	1.30207772308285
6164	6173	1.30159429844998
55791	55914	1.30078684198817
1933	6139	1.30053461304052
1337	9551	1.30041517696989
5411	6923	1.30035473277398
1635	5757	1.30031913412654
57826	7257	1.30029946862792
2993	9911	1.2997349738505
6512	7311	1.29963551592629
2273	29780	1.29910268038227
10644	402055	1.29896866956113
1665	23379	1.29803684416267
2806	6183	1.29788601903373
23521	6224	1.2975311601572
51303	6675	1.29722887751362
293	353	1.29639041966863
23011	9867	1.29638483338568
6183	79064	1.29632071911267
4601	673	1.29599937445349
27335	51596	1.2957329096167
5861	6102	1.29561259568847
2781	5196	1.29534424529619
471	5931	1.2952308986486
6093	9818	1.29485684544197
80127	84164	1.29463817998149
203	25793	1.29339713696571
10527	9652	1.29128158410554
1019	114049	1.2900506503298
2038	7111	1.28864691309413
11130	4173	1.28861203103711
8703	8818	1.28826766379132
3267	6503	1.28739340977808
27161	51759	1.28691149087772
4736	55013	1.2867955667319
3983	55340	1.28664258970526
6122	9538	1.28624343913002
7111	7504	1.28519376160796
55544	7052	1.2843209941995
11152	3300	1.28423163921823
374291	6150	1.28331427750985
2039	55544	1.28245198277967
10654	191	1.28158799648875
22916	55013	1.28081455358472
10179	57515	1.28025882721886
4700	81892	1.28017756407656
6744	9765	1.28017502859606
2039	23648	1.27959359187969
6164	6201	1.2795742731079
170960	23534	1.27930867726933
55863	5685	1.27869404722571
6710	6886	1.27862708336284
25793	3029	1.27844325737615
965	9694	1.27764037843196
56005	58477	1.27736649413608
23344	79707	1.27723475132595
113251	55832	1.27698047880562
6193	6222	1.27653214369725
1019	4736	1.27599194581402
1312	6281	1.27507241370088
1647	64092	1.27465788898481
10195	6193	1.27394415647816
219333	6622	1.2738914281947
10456	8409	1.27314573255247
2038	2994	1.27254991007797
1892	25804	1.27186220951744
3267	528	1.27177215127258
57515	9818	1.26961450106124
11275	6503	1.26944541977456
471	58477	1.26760396732975
25978	9589	1.2673067444919
26499	3257	1.26661780575432
10802	51128	1.26657293438298
513	6209	1.26622583972496
11024	7045	1.26608303323668
6160	81892	1.26574137019782
54386	8780	1.26525408214135
1207	60488	1.26521917820533
10195	10667	1.26514815723849
23287	6093	1.26498714173635
3257	7052	1.26472866045112
1269	7849	1.26462036798132
6139	6173	1.26337891752876
23287	9236	1.26310210470262
54958	8721	1.2627601475674
2766	81558	1.26241933073644
11342	5782	1.26069539822579
6521	7504	1.26035545815512
1432	6809	1.25984582343422
5886	7145	1.25941926672297
79003	9166	1.25940323609963
10133	8531	1.25898448703587
27107	84869	1.2587115318022
6201	6233	1.25825718319271
51218	6478	1.25825524630909
1997	2313	1.25758499382658
55454	5728	1.25723786596403
5144	94081	1.25706339792865
22899	8646	1.25600482410077
23259	65110	1.25520687455145
5886	7314	1.2539973885943
6201	6210	1.25386205042047
3693	6915	1.25379743222273
57128	65005	1.25338532475503
4303	5305	1.25215933564926
5412	965	1.25014122399304
1808	302	1.24994920359458
6122	6141	1.24888500443326
6228	6230	1.24852736118503
51327	55544	1.24825614132575
5155	7311	1.24824561718475
4736	939	1.24773166997864
5886	6535	1.24753287613634
63891	8991	1.24751892221694
598	6710	1.24739448232322
1213	1499	1.24717441778236
2067	738	1.24628294907938
5037	9868	1.24602778745003
2017	3674	1.24595471245354
10179	11236	1.24581789827733
23076	81929	1.24541573133287
328	353	1.24496037601959
513	79064	1.2441415860095
759	8991	1.24385803762293
2230	708	1.24368578644563
23011	5509	1.24239944531483
285231	55142	1.24192071523594
23350	55082	1.24185397977256
51433	54958	1.2416124014485
23549	6143	1.24078227603971
54812	9208	1.24073500784941
6122	6191	1.24062020251185
10654	3028	1.24048841745995
2935	2993	1.24045388403552
6152	7388	1.24038447289819
6093	9867	1.24022160427852
51218	7111	1.23988921383689
10067	79068	1.23893636945789
3843	5037	1.23868081751126
51327	6521	1.23786610821863
7311	7849	1.23785577903273
6223	78988	1.23773805294849
23353	3187	1.2367069038627
57610	6710	1.23447587928016
55833	9538	1.23442087807261
29071	5110	1.2337978940861
10097	51719	1.23377941354925
6767	84164	1.23366837328707
6534	7311	1.23243853511896
10616	684	1.23220682049374
11152	8131	1.23211777082917
27102	51094	1.23183165239227
7388	746	1.23153385862841
3108	3109	1.23151730798267
7314	8818	1.23077361791412
23076	27292	1.23076619266478
27089	29093	1.22954772897783
2766	7314	1.22947207932366
2993	7504	1.22890635120222
6744	6814	1.22805358912588
11340	1434	1.22746394056385
2235	9829	1.22724164498221
10198	8607	1.22584885319755
10661	51024	1.22505873296676
23608	51094	1.22461631588729
11222	7347	1.22351448467355
10490	7111	1.22261579741222
58477	939	1.22119884668399
51176	55340	1.22074029867591
3045	9429	1.21991021625625
10479	51542	1.21977456035694
6129	6210	1.2195220922256
140609	6093	1.21881207098221
55454	57515	1.21877121574989
55301	8460	1.21872349345238
6132	79064	1.21856301305914
513	6234	1.21851377244735
1019	9538	1.21835551972569
54407	79624	1.21780720813497
6159	6175	1.2172469304413
114885	51809	1.21714400464273
26499	2995	1.21608399959742
2017	2273	1.21579054373675
1647	22919	1.2152622359541
10654	4809	1.21416519911182
25998	6787	1.21403853993364
10054	55832	1.2135200246519
6744	9818	1.21331950987101
22848	57551	1.21243080327205
2314	6907	1.21189515218018
10561	10964	1.21189012702534
23412	3094	1.21157994887865
6183	6193	1.21115716106803
10140	901	1.21090889939382
23072	3762	1.2108465840633
3556	51571	1.2090820504817
22880	79707	1.20804248400456
64924	84869	1.20788955510916
598	6767	1.20783314844524
5788	5861	1.2075990993359
64921	9652	1.20738709386643
50999	5828	1.20719420236695
2017	5577	1.20611594724754
10067	23225	1.20573193953804
687	79746	1.20569923857847
11138	3964	1.20549812092136
10107	5886	1.20531387140348
64783	8883	1.20502243196131
10541	2729	1.20497430820713
221037	5926	1.20458862709382
50999	8754	1.2045253210776
10575	6124	1.20397728773048
286	7111	1.20344154826234
2039	6622	1.20297665443852
10125	26278	1.20278200782508
2935	4303	1.20267546717795
56948	6130	1.20236736077805
2995	573	1.20221572204376
6137	9538	1.20172363728571
23350	9295	1.20166859491762
3932	919	1.2009425104167
23225	9780	1.19975808814287
10179	6744	1.19953389183856
6165	6218	1.19928939676185
1499	9839	1.19886223811799
1647	5861	1.19866026144295
11275	80232	1.19842886357546
5305	7314	1.19841451597365
10527	6059	1.19717128354039
220972	80127	1.19715390924614
10010	5728	1.19713711788665
5286	79612	1.19710620282516
353	6217	1.19705113344373
22848	4520	1.19564188735035
1892	22796	1.19526376911824
6535	6886	1.19509998488088
514	9978	1.19451540805496
8703	9491	1.19439619067647
6059	64318	1.19370522714317
22796	25813	1.19334851285938
10975	5411	1.19277275190467
23250	3092	1.19248503192037
64421	9208	1.19186357627536
221154	25843	1.19128515506205
374291	78988	1.19125001470715
26512	663	1.19118249030471
10906	2633	1.19107332227944
25978	8867	1.19055106373479
54812	7994	1.19020481745211
23424	51131	1.19009278665122
55796	598	1.18962256017907
8417	9039	1.18960726198342
5886	645	1.18871020007552
25926	9868	1.18859878707462
5790	915	1.18855105702451
5706	8520	1.18841078096837
231	6472	1.18833010191738
432	945	1.18815745113659
1937	6136	1.18790052028024
201562	27131	1.18742216998715
66008	8031	1.18725639778388
27335	6183	1.18691149160499
6132	9045	1.18634455473035
1236	51176	1.18532397882426
4706	516	1.18518937811071
51030	79666	1.18507309304886
5209	663	1.18486980969762
100	2395	1.18483310176889
1933	6633	1.18455952763205
4118	8225	1.18447337141583
1647	2204	1.1844157096676
2987	8131	1.18407061219849
10330	11224	1.18294432381331
51203	9768	1.18274979774471
27042	9214	1.18245724637423
23076	9790	1.18116655260372
56252	8295	1.18023626380669
140609	5926	1.17938124476674
1632	51596	1.17923867640424
1088	4057	1.17868029351601
23020	56252	1.17851576084999
1849	942	1.17814301078126
6143	6191	1.17727685529082
55796	6665	1.17725084770127
6202	9045	1.17667717161912
6134	9538	1.17615770369858
51311	5861	1.17610076431592
2237	5111	1.17557631371567
23353	7267	1.17549116051239
11177	23200	1.17542650940886
5447	8522	1.17535683014047
55454	6503	1.17498505472052
11213	4205	1.17456863059856
55209	7994	1.17384455114369
1939	6138	1.17380264993858
11163	5087	1.17369741073348
23390	51030	1.17335564478675
55832	60561	1.17325601864315
23604	64174	1.17295853757727
219333	8031	1.17243255204079
10654	54958	1.17183636868033
10399	5859	1.17114661351874
22934	7027	1.17109686159567
1207	201562	1.17101877703051
5412	7257	1.17052470368691
4089	5934	1.17050984900894
6229	9349	1.17044698186372
29887	80232	1.1702531887445
11237	55209	1.16985007555188
1349	27089	1.16980158243874
11215	55006	1.16932660309883
10179	29110	1.16920753316211
665	759	1.16920505373742
55153	9868	1.16871961269235
6202	6227	1.16845071306554
4736	6124	1.16841665968399
25957	26019	1.1669806747775
1118	4057	1.16638651644278
6001	6206	1.16602088067825
55832	5955	1.16591965175044
6136	6235	1.16583563791685
51367	57128	1.16509833242482
663	9236	1.16500659617167
11342	55454	1.16500122944315
471	939	1.16474538375174
10098	80700	1.1647166578297
200576	23325	1.1643793837559
6201	6232	1.16430842444174
10067	64219	1.16412495370093
79612	84869	1.16411824447831
51094	7111	1.16411043457911
2281	5087	1.16396888591437
10195	6217	1.16394456289336
5441	78988	1.1627720596123
10929	6622	1.16269122797955
2091	6223	1.162567304616
23062	23225	1.16243733334149
4728	8721	1.1619919837709
567	6280	1.16161150487056
10450	6138	1.16154150057654
10867	2781	1.16151362950581
1808	9466	1.16088041299361
6125	6128	1.16067302212505
28973	328	1.16006967192779
3267	5208	1.15990489698164
22796	3609	1.15892135527677
6143	6175	1.15863327495443
10450	6124	1.15752123454567
7145	81689	1.15741841586419
10576	1434	1.15703271295454
23379	6873	1.15568462284656
3419	81929	1.15565312844217
55619	8661	1.15541643497666
1937	6207	1.1551473677777
3996	85446	1.15438410184409
6137	80764	1.15434432984827
6710	81558	1.15395556555492
2235	23198	1.15369295795085
10128	10915	1.15364623566423
219333	2935	1.15359019351658
6890	9246	1.15345700021734
10644	63891	1.15192859406606
51719	54407	1.15149937745547
3895	51747	1.15123640929146
55914	8452	1.15118943276227
51218	6929	1.15079988408977
51303	9601	1.15064802641651
23175	23225	1.14983688286071
55288	8417	1.1487883744572
7314	794	1.14877646663892
6136	6204	1.14868917642531
2039	6521	1.1483392495221
3098	4354	1.14785834962835
10107	27102	1.1478054197586
200576	54454	1.14706077589533
25836	80208	1.14656415650232
6209	6748	1.14607978361477
339287	4205	1.14573863934246
157680	5903	1.14441745832186
8417	9926	1.14429835556481
10067	25813	1.14409649278771
3276	939	1.14257620010629
4839	9780	1.1415965598148
3267	660	1.14138492139658
4953	8140	1.14129676574713
6204	6230	1.14078152868986
4522	9601	1.14052244341914
57610	9829	1.14047834987086
10527	4677	1.1404314985067
55544	7145	1.13985183675877
10128	4677	1.13982391623451
114885	7764	1.13927231995124
23076	328	1.1392076139743
3843	6480	1.13845467281254
4659	54502	1.13755085206828
10010	5868	1.13736722700658
6139	6232	1.13691091668825
2273	7041	1.13625539969311
6794	997	1.13608911085534
3556	64092	1.13533236756126
3028	8721	1.13527566154603
27090	2995	1.13519031030958
1665	6426	1.13476900075889
1759	8848	1.13473436580189
23365	6886	1.13463444447779
27018	9124	1.13456255587775
27013	598	1.13445616311352
57142	663	1.13387227550365
516	5902	1.1331523230276
10067	738	1.13300044664897
212	6710	1.13256528801901
4601	7264	1.13256501016836
10644	6535	1.13150770353215
2537	684	1.13142901740626
4601	7145	1.13131849736032
5909	6478	1.13093393129131
1387	3482	1.13080396649115
2066	23498	1.13056013520105
51596	78988	1.12992177537058
669	9604	1.12984499421585
27249	5873	1.12957702145885
933	973	1.12929234064277
6521	6535	1.12917288189433
2993	9829	1.1289275524721
11342	6093	1.12879820044827
6155	6230	1.12810379492155
51690	64976	1.12798698403776
10195	51116	1.12719242710374
2992	54512	1.12659097781719
1939	4736	1.1261976888268
10915	23560	1.12607445648972
528	663	1.12554145452791
10985	55833	1.12452127079538
10217	6915	1.12425423551228
6233	7388	1.12390300313114
57610	9645	1.12344350914357
2950	8665	1.12340566342071
5728	64092	1.12255750793111
3257	54855	1.12167714881171
191	6472	1.12144283398135
26523	4035	1.12141767084382
51719	8452	1.12090120468136
3313	5757	1.1208904807676
2017	30845	1.12070435729755
6135	6230	1.12052676814754
3257	84164	1.12019686734346
10885	23076	1.12009577227501
1892	2950	1.11948212505972
64092	663	1.11891194224582
813	9538	1.11852697963222
5575	8555	1.11805079992121
3068	55652	1.11793146669317
10581	23770	1.11681974185885
5290	57515	1.11642472796874
353	6183	1.11522681444571
54958	6141	1.11496251680038
23225	4216	1.11483599678747
10107	3257	1.11478109711526
26118	5209	1.11438385612791
10923	27257	1.11386703185673
10772	5286	1.11358820261674
23548	54793	1.11344881742517
5790	84549	1.11336646368379
6138	81929	1.11293778364409
2773	3422	1.11233807998977
3932	915	1.11194637136631
10885	51176	1.11159380140616
55651	6723	1.11156861203945
79037	916	1.11152939444514
27335	5859	1.11120110557605
24138	2537	1.11106818734666
5495	9818	1.11070134648118
4869	5901	1.1102789961232
353	8225	1.1101842748146
25814	27292	1.10982784420387
1629	64421	1.10977237327205
5371	684	1.10865305109941
11224	6128	1.10863764138642
10469	6132	1.10845208072535
5494	8531	1.10827328105462
2995	5526	1.10789439646845
27090	7314	1.1072651576511
7311	7314	1.10623966089232
54958	78988	1.10583688101841
6915	9124	1.10524603059111
2038	25793	1.10452218131491
57142	81847	1.10449965676547
3674	6403	1.10433773584085
6167	6230	1.10421134733638
100	25813	1.10418749902235
4728	55651	1.10368155636043
25843	5495	1.10356217825358
23543	23650	1.10353758363224
3267	51571	1.10307402636745
51128	6921	1.10259427048627
221154	5495	1.10249355530922
1436	23191	1.10214833097413
140609	64747	1.10204180180401
51759	8780	1.10155854546615
2766	5909	1.10146783404965
11340	5985	1.10100781056887
10097	51167	1.10082900937077
10572	25873	1.10073312287055
51816	6281	1.10049175077077
55858	8417	1.09859227595263
10558	55288	1.09842745079874
6230	9349	1.09838143270687
11130	9837	1.09781954418338
4659	8452	1.09719526193643
2995	7311	1.09705266398162
25898	26512	1.09606839815458
360	939	1.09597462714295
759	80127	1.09510219965852
10212	3182	1.0943336255861
23464	4635	1.09338956736737
9439	9926	1.09267677299396
8417	9439	1.09220056390977
1912	2887	1.09200707503997
23353	79026	1.09194449262086
513	738	1.09151218352406
3762	6535	1.09102992806381
23287	55454	1.09097787235148
6170	6171	1.0907107628254
51367	81929	1.08921474938011
54539	83443	1.08862591725194
1635	328	1.08739101630024
10528	2091	1.08712122025615
10591	6175	1.08705447445678
10558	57826	1.08700862679344
4057	6947	1.08667241386821
27102	7314	1.08644424643684
6167	7388	1.08507676197898
29982	6102	1.08490458937125
2993	81689	1.08466252183219
5305	84164	1.08448371957123
27292	471	1.0842101114805
28951	51176	1.08372015198998
10549	4830	1.08336054889899
5577	800	1.08255195100003
8991	9829	1.08234225805476
23770	64375	1.08148369368445
84549	9868	1.08030597487429
55651	6132	1.08004289424269
120	51714	1.07936914285837
3430	5371	1.07859302603237
11215	27131	1.07849319921658
63891	7145	1.07829179585402
29997	8666	1.0778905202683
2058	708	1.0776864450315
22880	9806	1.07692743032868
80127	8531	1.07659194423992
6124	6175	1.07541274110381
6005	6007	1.07477288433936
23325	23390	1.07467619430663
2039	3996	1.07451566688763
3612	55860	1.07448749661617
332	9232	1.07447450005314
10128	27292	1.07435224025643
220972	669	1.07425492789356
6132	6159	1.07409593140784
10010	6093	1.07386950357451
10097	23190	1.07383061870402
2766	51082	1.07363590664397
10558	965	1.07323889720703
293	2950	1.07309723310059
4205	51311	1.07235525770057
27013	57610	1.07226322003358
10490	25793	1.07195661230291
140609	79666	1.07178408420602
6159	6191	1.07134236516553
5208	64092	1.07132750129961
4680	5657	1.07123184446403
11184	26031	1.07103547608273
6124	6217	1.07047942790141
10330	65005	1.06971203766277
54958	6159	1.06964289581273
63891	7111	1.06958851473732
51030	55145	1.06907358824359
5305	7111	1.06889415860324
79701	813	1.06824848875613
2766	6535	1.06823687258097
5577	9848	1.06726252632553
3459	55454	1.06715357508175
2039	81558	1.06691784063222
8287	8653	1.06686972893783
10492	3187	1.06589361485911
10444	6478	1.06564361905676
11275	57515	1.06536903535421
3921	6138	1.06499625915748
10527	1207	1.06461680363007
2935	665	1.06440085997583
10528	6141	1.06431828415618
1345	6201	1.06420690379061
5495	9765	1.06409683146944
51203	9055	1.06315948989849
23076	3276	1.0629870582497
66008	81689	1.06294063455753
1892	6183	1.06205714268482
3556	444	1.06167661240016
11213	3459	1.06164066548299
10447	9451	1.06163598203691
3276	516	1.06160050137586
10564	9652	1.06150909973334
1511	5657	1.06124895537251
10097	10678	1.0607243676466
23325	79624	1.06005384604214
6193	6227	1.059872395306
28951	7267	1.05982490510325
10054	79003	1.05981091968669
55013	8761	1.05958980837382
6233	9349	1.05953965890235
10398	3674	1.05926646287152
51327	54855	1.0586200014914
6125	6224	1.05847001079672
6193	6209	1.05825584729142
55340	8718	1.05823060691088
2058	3419	1.05780443745741
2038	2281	1.05729058317285
1019	55651	1.0560101137425
5921	79811	1.05563529142199
6744	9867	1.05563109423062
10944	23262	1.05529222346167
4601	51218	1.05522653724638
11342	5728	1.05513589225833
55860	57515	1.05496005045312
25804	2950	1.05445176095162
219333	25996	1.05427174985258
3045	598	1.05416773885258
10098	402055	1.05412494296361
4728	4809	1.05387596641982
6152	6201	1.05316504671376
738	92856	1.0525476660982
55454	57826	1.05235044520011
5588	914	1.05193817532516
29966	5412	1.05151296770083
10915	8886	1.05024674102313
25793	4303	1.04939370333357
10133	25793	1.04904030014275
1937	25873	1.04880109993315
6137	6207	1.0485337152023
5110	528	1.04844818296817
6143	6159	1.04843199784612
51311	7099	1.04843186230626
3145	7001	1.04787078830904
1207	8801	1.04777190715968
221154	9765	1.04663035248457
6535	8703	1.04630580386301
6134	6138	1.04619066479515
5440	6133	1.04616248135534
6159	78988	1.04563372175449
3422	528	1.04530396715164
11184	55833	1.04497591626375
5509	6197	1.04444611265358
2512	2520	1.04381765594846
11224	64976	1.04375087970253
6209	738	1.04232248040295
11342	57515	1.04228087427326
221037	55914	1.04199701101224
6518	932	1.0418850571194
573	84164	1.04184897088273
11224	5478	1.04139710616639
6152	6165	1.04126527310862
2281	8818	1.04108174984323
10490	3029	1.04072169264125
23390	5495	1.04044760012141
1432	5509	1.04036092111714
57515	9236	1.04015513674717
5756	965	1.0400616876301
2309	79939	1.03954182516911
2058	471	1.03933024891297
51203	9833	1.03930890689225
3939	94081	1.03912043376694
23011	50999	1.03853693786285
23770	27090	1.03841218262897
3615	6193	1.03824589732818
3848	63891	1.03775473228205
23564	2992	1.03734171863922
10051	892	1.03587067146816
51816	9466	1.03524971714957
8345	8346	1.03510376421685
23001	26118	1.03485983109616
6637	9556	1.03459639762969
8761	9045	1.03448602582728
253782	4677	1.03374674311322
6472	939	1.03359916975247
4942	960	1.03331909103347
4728	6150	1.03309428767104
2235	286	1.03254727363877
27089	6201	1.03168500449153
1350	9349	1.03138328621809
10884	5037	1.03045308505662
10644	2038	1.03034624558133
2274	6886	1.03008672865351
57515	9039	1.02956785410341
27335	9045	1.02953271630234
1738	965	1.02914939327412
55171	86	1.02893584965108
3422	3556	1.02773779524025
29937	6147	1.02724739429165
114049	51433	1.02720720290156
11222	6059	1.02635700094302
1892	4723	1.02585235318355
23175	55833	1.02574249593438
26499	402055	1.02571840053436
219333	51218	1.02559432028966
2971	6194	1.02527890846209
6133	9318	1.02483976083257
51218	55544	1.02452469011307
5450	7163	1.02424546606068
100287932	80349	1.02422424759184
1434	65003	1.02419767269872
6646	8125	1.02384496184005
7041	8555	1.0231160150983
5478	6125	1.02267355893786
23647	6182	1.02193279097045
2992	3267	1.02148855588393
6152	6227	1.02136250012739
4288	4751	1.0211189488854
10637	51741	1.02091768394514
11342	27020	1.02012961767018
6132	9538	1.01989256766416
25804	55651	1.0191033251996
1738	50999	1.0176487636945
30009	5551	1.01730211695318
2039	51218	1.01715194659263
51167	6197	1.01708591868443
3045	6006	1.01659081120307
55623	6873	1.01584273151639
10469	6130	1.01559591978161
4601	56994	1.01516436592109
26273	79772	1.01506883843328
140885	5580	1.01492698987302
663	8754	1.01395380865711
3145	6006	1.01325889292458
28951	55006	1.01223517517384
53347	916	1.01204000499315
10533	5973	1.01195083125901
6135	6222	1.01186108336509
2332	51742	1.01174667369984
51218	8031	1.01150207790243
10985	7267	1.01131728112684
7298	9837	1.01113025640682
5861	6093	1.01098423918107
220972	2235	1.01069007988803
4708	6224	1.00955283804197
27102	7111	1.00950387132191
4189	6782	1.00919479735387
23500	2887	1.00882323516078
4496	645745	1.00787111335035
203	402055	1.007814929943
3376	471	1.00726125290727
23155	58477	1.00585715274274
1579	23770	1.00583204193257
286	80127	1.00573104901795
402055	6710	1.00551644351927
220972	286	1.00455556366679
10572	78988	1.00422885677394
598	8703	1.00417555976936
1997	80232	1.00412628521117
11236	9821	1.00337441401857
1207	6059	1.00322203175352
6132	6234	1.00313232116835
1892	23225	1.00307211336888
1269	64375	1.00291879639063
5412	57515	1.00261397575627
55544	7314	1.00251490443208
2039	4635	1.00235690349337
5037	6723	1.0022552336683
3257	9491	1.00208026578835
1992	9489	1.00188836968624
23011	64092	1.00076461481815
26253	8809	1.00067530886175
3033	81554	1.00051534800944
23325	5921	1.00003909053737
