6171	7178	4.21996049946709
6187	6222	4.202600246689
1915	6168	4.20224166680503
1915	6171	4.20096416880869
10075	6187	4.20007128029893
6171	6187	4.19840202873189
6168	6171	4.1959775885207
10075	7178	4.19124919672807
1915	7178	4.18445231505412
6187	7178	4.18274055699156
6171	6222	4.17717966260334
6205	6232	4.17588893951309
10075	6171	4.17574017582985
6133	6170	4.17431370313429
6191	6222	4.17342965570003
6175	6187	4.17203594009808
3106	3107	4.17082541108944
6161	6187	4.1705106769295
6175	6191	4.1685037464877
6168	7178	4.16741304359623
6161	6222	4.16592110604746
6204	6222	4.16589517397655
6175	6222	4.16524712133994
6147	6187	4.16405664724932
6222	7178	4.16403567538556
1915	6187	4.16368326542321
10075	6222	4.16324591744296
6170	6171	4.15847522550562
6171	6191	4.15661031805878
6176	6191	4.15479239021015
6170	6191	4.15435524381873
6187	6191	4.15388841904984
1915	6222	4.15349506935304
10075	6191	4.15342508934786
4736	6201	4.15329480356461
6191	7178	4.15266568763809
6147	6222	4.14993099512752
6156	6161	4.1475071671916
6176	6222	4.14734542825627
6168	6187	4.14721030019906
6133	6171	4.1469977500569
6161	6209	4.14563344632022
10075	6175	4.14527900256516
10075	1915	4.14470286085401
6161	6229	4.14422832784059
6133	6191	4.14119452602304
6156	6222	4.14102336919262
6170	7178	4.14014563607085
6222	6228	4.13941057453331
6133	7178	4.13915822361042
6156	6191	4.13742357132187
6171	6175	4.13693835393533
6170	6187	4.13690886887532
6147	6161	4.13584413627429
6191	6228	4.13518469191167
10075	6229	4.13403589035811
6168	6191	4.13397507067275
6147	6191	4.13201867042024
6175	6176	4.13117457847242
6161	6164	4.13115055028182
6156	6232	4.13111477029508
1915	6175	4.1310769514306
6170	6232	4.13028478330397
6171	6176	4.12848289308297
6156	6164	4.12612734408145
6133	6187	4.12584408053161
6128	6133	4.12577024940862
10075	6168	4.12514071927204
6147	6171	4.12506937139919
6161	6205	4.12420617685193
6222	6232	4.12379600704644
6156	6229	4.12371971655025
4102	4105	4.12367214200053
6208	6222	4.12322533855429
6156	6205	4.12292121075143
6133	6222	4.12284930152316
6164	6205	4.12206404727252
6168	6222	4.12186183403731
6147	6210	4.11995360264709
6156	6206	4.11893184342835
1915	6191	4.11889444994136
6187	6229	4.11864742466588
4736	6232	4.11836239035987
6201	6217	4.11765717302827
6156	6175	4.11713105371644
6170	6176	4.11706306788741
6160	6164	4.11627734387127
1915	6228	4.11426193208175
6161	6191	4.11333740408837
6191	6232	4.11200683924594
6175	7178	4.11186127814337
10075	6147	4.11117136564854
6175	6232	4.11073761689669
10075	6161	4.10996532107234
6122	6222	4.1093548353072
6191	6208	4.10810748793307
1915	6176	4.10795230469298
6205	6222	4.10794621227905
6176	6228	4.10790914274326
6187	6208	4.10738165238133
6206	6228	4.10660418826312
6176	7178	4.10646447612729
6156	6187	4.10597341432434
6167	6232	4.10579073144512
6176	6204	4.10553242339801
6147	6168	4.1045870963202
6170	6222	4.10402506218798
6191	6210	4.10375643139451
6228	6232	4.10247029694067
6133	6176	4.10211125288661
10075	6156	4.10202427654387
6147	6228	4.10118400417488
6170	6175	4.10006528555234
6161	6171	4.1000310310161
6167	6217	4.09988098942419
6156	6171	4.09897784168729
6133	6175	4.09835011509675
10075	6170	4.09737762628743
6147	6208	4.09734337821782
6168	6175	4.09663904612847
6160	6223	4.09622197692079
6187	6232	4.09573873688381
6205	6208	4.09545713951244
6187	6205	4.09504944246865
6156	6210	4.09353798949106
6133	6201	4.09299716326069
1915	6133	4.09262163698873
6167	6205	4.09237503748155
6133	6210	4.09223774330656
6161	6210	4.09187034827007
6133	6232	4.09098846166836
6217	6232	4.09062830435116
6191	6205	4.09056843257466
6201	6232	4.09025119836711
6175	6228	4.08986997554405
6147	7178	4.089447475987
6133	6156	4.08930506139934
1915	6170	4.08911839542159
4736	6205	4.08831804833656
6156	6170	4.08822983767603
6191	6206	4.08818965909359
6133	6208	4.08787680275917
6136	9045	4.08786520515088
6167	6208	4.08774341323819
6206	6222	4.08752759606604
6161	6175	4.08735501569601
6187	6228	4.08527160015363
4666	6201	4.08501635676081
6187	6210	4.08458506083046
6191	6201	4.08418665417803
6175	6208	4.08380223998594
6161	6232	4.08357031680722
6164	6229	4.08298106614666
10075	6228	4.08274964730252
6191	6204	4.08231156715735
6210	6229	4.08190893072683
4736	6156	4.08177483093912
6156	6204	4.08156008152978
6171	6204	4.08112792872021
6147	6156	4.08096148578653
6222	6229	4.0808103710488
6204	7178	4.08020185007911
6208	6228	4.08012708810025
6205	6229	4.07999695168547
6228	7178	4.07871202549832
6156	6176	4.07855779294417
6160	6167	4.07851249717505
6206	6232	4.07729635551922
6160	6201	4.07724849415222
6229	6232	4.0771188561782
6167	6176	4.07638107929471
6128	6201	4.07631567570802
6175	6205	4.07588401791224
6161	6204	4.07544217421637
6122	6204	4.0745881010665
6171	6229	4.07447452504274
6168	6210	4.07415688954596
6133	6205	4.07378431110003
1915	6204	4.07332959177925
6210	6222	4.07324196349529
4736	6167	4.07323619453296
6164	6232	4.07285794848343
6176	6217	4.07212594337344
6161	6208	4.07152568419306
6176	6187	4.07130388856918
6129	6133	4.07090822966013
6167	6222	4.0707330175085
10075	6133	4.0706755033692
6170	6205	4.07063380007318
4736	6222	4.07057151990952
6133	6168	4.0705612177296
6156	6201	4.07050736356655
1915	6147	4.06940845635686
6170	6208	4.06911976257514
6164	6210	4.06882184663098
6167	6191	4.06789194388854
6171	6228	4.06759068426486
6133	6161	4.0668524220196
6133	6147	4.06668258205217
10075	6232	4.0664152744494
6128	6170	4.06614123902616
6168	6176	4.06589551036427
6201	6205	4.06577422155021
6167	6201	4.06514334789429
4736	6191	4.06472579596991
4736	6217	4.06352783243495
6147	6175	4.06297910552491
6191	6229	4.0627512982273
6175	6206	4.06260917820975
1915	6210	4.06247790490307
6128	6194	4.06242855239706
6176	6232	4.06235343729087
6176	6208	4.06082760231798
10075	6205	4.06081498430776
4736	6133	4.05910943528686
6164	6222	4.05904222143141
6208	6232	4.05852824552491
6161	6201	4.05846217484625
6170	6201	4.0575777078711
6187	6204	4.05719428888435
6160	6161	4.05664749486397
6156	6228	4.05639178983408
1915	6122	4.05618210139771
6191	6217	4.05529173486389
6170	6229	4.0540989887448
1915	6156	4.05395026068984
6156	7178	4.05377115258082
6122	6191	4.05315254253595
6175	6229	4.05304297304837
6168	6170	4.0527237438188
4666	6133	4.05259898945496
6147	6205	4.05224898572527
6122	6176	4.05202201733684
6205	6210	4.0514310743635
6133	6164	4.05087343518005
6147	6209	4.04926633030305
6161	6170	4.04901384259756
6122	6156	4.04847605700137
6170	6228	4.04807030093164
6167	6228	4.04651911594306
6176	6201	4.04639468803067
6133	6229	4.04591579970668
6143	6191	4.04505297310423
6229	7178	4.04502858714565
6217	6223	4.04488178743959
10376	84790	4.04473509090428
4666	6164	4.04405965397532
6161	6168	4.04373657241285
6129	6170	4.04319634652595
4736	6161	4.04249374891347
6160	6205	4.04245828390154
6164	6170	4.04202914989362
6133	6228	4.04192742683364
6171	6210	4.04156018279797
6161	7178	4.04074825932223
6193	6223	4.0401601027979
4736	6164	4.03966502706641
6210	6228	4.03908405920019
6122	6133	4.0378342729901
6164	6167	4.03729286066427
6205	6206	4.03697212547202
6176	6206	4.03680934563124
6204	6228	4.0363955993175
6164	6191	4.03613336565296
6122	6171	4.03612560768029
6164	6209	4.03506441733899
6167	6206	4.0344827510923
6201	6210	4.03410968607074
6129	6233	4.03342435495311
6175	6201	4.03281077401229
6164	6201	4.03275121345203
4666	6152	4.0323138844372
6164	6223	4.03214549963853
6147	6232	4.0314806485008
6201	6222	4.03102216938156
6171	6232	4.03019641326944
6204	6206	4.02980031483304
6205	6228	4.02930935598649
6147	6176	4.02922228099924
10075	6210	4.02906326389712
6133	6167	4.02874213036171
6168	6228	4.02758542241516
1915	6161	4.02637198060531
6158	6223	4.02632116762511
4736	6194	4.02615153852352
6170	6210	4.02588368926032
6167	6170	4.025874254704
6143	6147	4.02556665185643
6170	6217	4.02378642177557
4666	6210	4.02291553621203
6171	6208	4.02279470747068
6160	6208	4.02251525691027
6164	6187	4.02175759322992
6156	6234	4.02156397606099
4736	6160	4.02100545178024
6232	7178	4.02056059840145
6175	6204	4.01659194171195
4666	4736	4.01649738778559
6122	7178	4.0164908863721
4736	6170	4.01498289402353
6147	6229	4.0148291803108
1915	6229	4.01446167457571
6122	6175	4.01327697741393
4736	6229	4.01205239706818
6122	6228	4.01126062052239
6128	6191	4.01119380766081
4736	6206	4.00968919594869
6143	7178	4.00967455571353
6128	6129	4.00900372622267
4736	6204	4.00787485463804
4736	6208	4.00765640614552
6161	6206	4.00737861093627
10075	6164	4.00725240265195
6156	6168	4.00691896701255
6160	6232	4.00680623432481
6147	6170	4.00657209007851
6201	6223	4.00527942897501
6204	6234	4.00515471342678
6167	6235	4.00514297800081
6160	6209	4.00437278153428
6143	6168	4.00413252402624
6152	6201	4.00410733915081
6147	6164	4.00409642984923
6129	6210	4.00369559479895
6122	6187	4.00362376946454
6167	6210	4.00294542588186
6204	6232	4.00274685326989
6122	6161	4.00249992176191
10075	6208	4.00204637506785
6205	6217	4.00182633943309
6168	6204	4.00149903760057
6208	6210	4.00092541995343
6167	6227	4.00088079804746
6208	6217	4.0001653076874
914	915	3.99867820783659
4736	6128	3.99848950610913
6160	6193	3.99833075678597
6156	6167	3.99797597733413
6210	7178	3.99723105355904
10075	6204	3.99710830171542
6164	6206	3.99663766906273
6187	6209	3.99660114935828
6201	6208	3.99628409691104
6168	6229	3.99605582866504
6187	6206	3.99604932651298
1915	6234	3.99552162449588
6122	6168	3.99533610262858
6133	6204	3.9949146598284
6156	6217	3.9942691623309
10075	6176	3.99388692715381
4736	6176	3.99363850327659
4736	6175	3.99306919558292
51386	6201	3.99294285557247
4736	6193	3.99246134826604
6167	6204	3.99205570044142
4736	6122	3.99172391821637
6175	6210	3.99103381594663
6208	7178	3.99052489938862
4105	4111	3.99024255514636
6223	6232	3.98869139829548
10075	6122	3.98801273581756
6160	6217	3.98790085541461
6164	6228	3.98755714406367
6143	6228	3.98649169746423
6210	6232	3.98616681713694
4736	6210	3.98555787269028
6147	6206	3.98545560372532
6161	6228	3.98510546076939
6209	6210	3.98506363025839
6206	6208	3.9833459423442
6143	6171	3.98172585429405
6160	9045	3.97940635284173
6161	6223	3.97930568398331
6133	6194	3.97904669186424
6188	6191	3.9790047208862
6133	6143	3.97843235774818
6217	6228	3.97700365268242
6161	6176	3.97603345190868
6129	6156	3.9746822676374
6168	6169	3.97399917614328
6170	6206	3.97362329325426
4666	6156	3.97360998183459
6176	6235	3.97357162346503
6128	6176	3.97350795886595
6175	6217	3.97323901898593
6143	6210	3.9732137012216
6161	6167	3.97274074558414
6170	6204	3.97147106135147
6141	6159	3.97006299360083
1915	6208	3.9697651378962
6122	6208	3.9687661139689
6167	6175	3.96761101693931
6209	6229	3.96748486286144
4736	6228	3.96711984005804
6228	6235	3.96692316847036
6122	6234	3.96678265886736
6164	6204	3.96641319651583
6133	6233	3.96606401878724
6147	6167	3.96559109236542
6188	6217	3.96533354436733
6164	6171	3.96525883420024
6152	6160	3.9650233314476
10075	6206	3.96347989062031
6176	6205	3.96300979813071
6152	6164	3.9613422412291
6208	6223	3.9611809139828
3932	914	3.96067906919872
6147	6204	3.96032876269375
6128	6233	3.96024345235969
6128	6210	3.96013614428203
6193	6205	3.9600295239456
6194	6210	3.95965597960447
6209	6222	3.95813360049369
6176	6210	3.95784398926441
6160	6191	3.95689919140864
6206	6217	3.95666221399273
1915	6169	3.9564288428859
4736	6187	3.95630359442969
6187	6201	3.95617484514998
6169	6176	3.9551321671445
6171	6205	3.95500154728296
6201	6206	3.95425879307925
6147	6160	3.95342815690364
6170	6233	3.95318079266078
6156	6209	3.95261499557177
6156	6160	3.95209772113386
4736	6152	3.9516462770472
6169	6191	3.95066096675017
6133	6217	3.94989690959636
6136	6152	3.94932290054766
6122	6229	3.94927737664151
6129	6176	3.94914094555104
6167	6187	3.94899339683727
6206	6235	3.94842184853059
6129	6191	3.94818219492787
6164	6208	3.94816937368943
6217	6222	3.94644615108703
6176	6233	3.94524216687602
1915	6232	3.94519104670444
4736	51386	3.94515889372482
6176	6234	3.94472168547596
6156	6233	3.94425258287913
6152	6210	3.94399342139192
6160	6210	3.94361025754463
6194	6208	3.94330819476716
1915	6143	3.9432618991901
6133	6206	3.94324971379359
10075	6143	3.94285289392918
2124	5788	3.94258763177176
6152	6229	3.94004633436052
6156	6208	3.93987445616677
6122	6170	3.93976774393696
4736	6147	3.93943801202977
6171	6206	3.93928067149126
6206	7178	3.93862349793012
6158	6232	3.93815786377878
6201	6228	3.93806111744745
6205	7178	3.93779381123702
4666	6205	3.93729678803325
6122	6147	3.93706044587217
6193	9045	3.93668459692842
6129	6201	3.93652402185863
6208	6229	3.93613333239595
4666	6191	3.9360115130814
4736	6223	3.93582259915101
6193	6232	3.93404788176056
6188	6208	3.93338252809058
6193	6217	3.93334554290505
6168	6208	3.93233716689645
6129	6155	3.93220778634591
6205	6223	3.93162130682783
6122	6210	3.93050802981217
7178	7431	3.92923830986139
6201	6229	3.92899654824598
4666	6160	3.92877667685933
6158	6160	3.92867403396959
6136	6160	3.9284376989265
6143	6222	3.92718289562262
6147	6201	3.92504433770098
6128	6208	3.92364025520011
6128	6167	3.92274734142989
6156	6223	3.92216954957218
6204	6217	3.92081683335266
6228	6229	3.92069723302694
6201	6204	3.92027736185713
6204	6229	3.91907792964487
6160	6222	3.91877250293884
6205	6209	3.91799027739309
6164	7178	3.91753382720058
6158	6193	3.91710460634993
6193	6201	3.91598446764409
259240	2916	3.91585664253448
6171	6234	3.91405651708587
1915	6206	3.91398547762324
10075	7431	3.91259322514587
6156	6235	3.91234843286882
6194	6201	3.91099464594677
6171	6201	3.90881303626632
6143	6187	3.908745426386
6128	7178	3.90872252027575
6167	6223	3.90740314687748
6161	6217	3.90721695097078
6222	6234	3.90655902608679
6122	6164	3.90630591788399
6152	6232	3.9062455478027
6210	6217	3.90557321738511
6206	6229	3.90530982950298
2124	963	3.90457283074793
4666	6161	3.90389951876781
6152	6156	3.9025834123313
6206	6210	3.89529019550197
6122	6201	3.89459074585988
4736	6233	3.89457265010071
4736	6136	3.89434083995297
6128	6171	3.89303596379778
6232	6233	3.89238551705095
6141	6193	3.89164993577163
6167	6194	3.89141512921538
6129	6217	3.89063243636254
6169	6170	3.89050255593034
6143	6156	3.88905481843421
6169	6171	3.88834195978388
6204	6235	3.88802783398066
6188	6201	3.88750218873697
6222	6223	3.88669188258738
6141	6158	3.8861737844727
6191	6235	3.88472014214391
6133	6234	3.88442935459352
6133	6160	3.88417996878779
6158	6208	3.88408618119299
6122	6143	3.88386005726752
6122	6232	3.88307529743679
3059	3587	3.88256551701544
6164	6175	3.88240984319885
6133	6235	3.88235571881605
6128	6222	3.88172255659786
6143	6170	3.88070410603019
6205	6233	3.88010271840322
6122	6194	3.87949412514458
6204	6208	3.87858292889853
6152	6205	3.87793218922639
6164	6217	3.87604380370121
4666	6228	3.87583618552615
6129	6167	3.8755980633438
6234	7178	3.87521306949367
6160	6194	3.87505015777611
6160	6170	3.87451894768135
6194	6233	3.87429373521822
6194	6222	3.87250622878509
4736	6188	3.87206793469093
6167	6171	3.8710949425085
6158	6217	3.87106468680828
6128	6205	3.87062569147366
6208	6209	3.86924714488373
6204	6210	3.86893580889423
6164	6176	3.86886966431933
6128	6232	3.86882490561273
6188	6206	3.86814627493058
6170	6235	3.86779714117366
4666	6167	3.86757844382781
4666	6232	3.86376068492606
6128	6187	3.86353493081398
142680	1768	3.86348491072751
6160	6228	3.8631809918699
6191	6233	3.86314952019719
4736	6129	3.8626050999321
6129	7178	3.86252499140108
6122	6206	3.86158839591887
6191	6194	3.86040444655233
6176	6229	3.8603614475101
6152	6161	3.86001698627204
4102	4111	3.85973297635308
6158	6167	3.85928357228272
6170	6223	3.85887447138305
6136	6193	3.85849519610785
4736	6171	3.8575120718456
4666	6222	3.85739499036151
6158	6205	3.85638936976083
6227	6235	3.85619186231337
6167	6233	3.85527270870401
6129	6171	3.85449890638161
6232	6235	3.85379913351642
6175	6223	3.85352947376534
6217	6235	3.85225298432354
4666	6122	3.85173984875491
4666	51386	3.85169673201503
6141	6223	3.85127585126747
6138	6159	3.85090053576519
6171	7431	3.8503528934363
6204	6205	3.8479981926483
6176	6194	3.84724413407129
6233	6234	3.84655299122054
6152	6191	3.84519866464035
6193	6208	3.84466715197015
6191	6223	3.84411209213476
4666	6143	3.8430867147581
6169	6228	3.8424882794132
3853	6278	3.84201199106109
1915	6205	3.8404315213905
6187	7431	3.8397435426211
10075	6209	3.83616726189337
6128	6160	3.83585933331876
6209	6223	3.83514747126326
10075	4736	3.8351048867415
6129	6232	3.83480558605691
6201	6233	3.83472664765218
4666	6229	3.83431122779003
6129	6164	3.83408212059569
51386	6167	3.83389088108834
6128	6156	3.83329831240654
6167	9045	3.83274602360728
6128	6217	3.82927423731754
6152	6223	3.82891396054244
6138	6160	3.82876399832044
6156	6194	3.82846852546758
6160	6229	3.82781827322169
6143	6164	3.82767876785969
6187	6217	3.82743549687565
6136	6138	3.82619415342918
6188	6210	3.82456447659547
1915	6129	3.82422914174251
6122	6128	3.82355073745861
6171	6209	3.82339806338157
6128	6161	3.82328438141592
6133	6152	3.82296003847098
6217	6233	3.8225927970728
4736	7178	3.82198182321737
6168	6232	3.82188580322932
4666	6128	3.82106916755632
6170	6234	3.82021992069815
6160	6187	3.82004833530978
6191	6209	3.81982993700371
1915	6164	3.81935180369152
6164	6234	3.81925019829269
6201	7178	3.81913464048806
6168	6201	3.81871847882246
6229	6234	3.81818982935178
6129	6205	3.81803203757919
6167	7178	3.81796502405067
6155	6170	3.81779087117782
6164	6235	3.81754173068042
6201	6209	3.81730809806431
3122	972	3.81666780919892
4666	6147	3.81556306660121
6194	6205	3.81534266708481
6228	6234	3.81498805829302
6155	7178	3.81441881937771
6133	6169	3.81416016889113
6206	6223	3.81340437820167
6128	6168	3.81218412588418
6143	6176	3.81191133994237
6161	6234	3.81159960222563
6171	6217	3.81130114766627
6147	6194	3.81089073737965
6143	6161	3.81085194004888
6176	6223	3.81055808673574
6128	6229	3.8101971224597
6228	6233	3.80915737447794
6143	6175	3.80897227567622
6206	6233	3.80890832985095
4666	6170	3.80830469387514
1915	6201	3.80822349510085
6160	6206	3.80765347089216
6141	6160	3.80685574596445
10075	6201	3.8060202675616
6191	6234	3.80563347598521
128209	1538	3.8053400971158
6170	6194	3.80520942996901
6122	6205	3.80454854837661
6164	6193	3.80230349542763
6147	6217	3.80219022361765
6128	6175	3.80190638632949
6160	6176	3.80124387475586
6136	6205	3.80019691485284
6209	6232	3.79950959444846
6175	6209	3.79924944026325
6169	6175	3.79872956823939
6129	6234	3.79868443892564
6161	6193	3.79789663173914
4666	6136	3.79736827607339
4736	6138	3.79701389417565
6175	6234	3.79635058420197
6143	6208	3.79578168320485
6141	6142	3.79569816686506
6156	6169	3.79555438241954
6122	6233	3.79474503417105
1043	962	3.79465185389093
6217	6227	3.7935162072805
6152	6175	3.78990136779967
6204	6223	3.78791302417825
118788	963	3.78761223946095
6156	6188	3.7858480207218
6201	9045	3.78527293567472
4736	9045	3.78332058987794
6232	6234	3.78303702416283
1559	56	3.78292382304816
6152	6217	3.78252881921581
417	4586	3.7822253447569
6210	6234	3.78213181716117
6152	6187	3.78163934433763
6167	6193	3.77926684841345
4666	6209	3.77912349694483
6164	6194	3.77902698670269
6122	6167	3.77837397500984
6168	6206	3.77835640183104
1915	6233	3.77722544790427
6152	6170	3.77692309249887
6204	6233	3.77676728047778
51386	6217	3.77613915593224
4666	6208	3.77573967968965
4666	6175	3.77537974889806
6222	6233	3.77494263716508
6161	6194	3.7748077184076
1915	6167	3.77430238265078
6133	6209	3.77423505931332
6169	6210	3.77368998001291
6156	6193	3.77104543697121
6129	6175	3.77057429494834
6167	6229	3.77041954350746
6222	6235	3.77025400871463
6133	6155	3.76984209248623
6169	6234	3.76960545430578
6128	6164	3.76905374193914
1915	4736	3.76813149804559
6205	9045	3.76787973263631
6188	6228	3.76749315807836
6143	6160	3.76728719862073
6233	6235	3.76725044488261
6168	6234	3.76516251456041
6152	6188	3.76421229508803
6129	6187	3.76398810250726
942	963	3.76394097583425
6129	6206	3.76269685608649
6129	6228	3.76224400966168
6170	6188	3.76159091130891
6136	6201	3.76102753392911
6169	6222	3.75995396110934
6143	6206	3.75885130286659
6210	6233	3.7584897288827
6187	6234	3.75785040555842
6160	6235	3.75755213594719
6187	6223	3.75704939271142
6128	6147	3.75346567033698
6155	6164	3.7524493607084
1915	6128	3.75219026262116
56	83861	3.75181513636868
4736	6234	3.75049310425123
6129	6222	3.74673255731141
3178	4666	3.74531737557748
6133	6223	3.74495205061991
6152	6167	3.74467869165558
2065	6663	3.74378146447165
10075	6167	3.74293195658812
6168	6209	3.74228679241162
6223	6229	3.74197257440378
10870	3587	3.74196696043067
6194	6232	3.74129974979613
1915	6217	3.74124582812886
6171	6235	3.74118312903392
1915	6235	3.74094052636794
6160	6227	3.73938489750204
4666	6206	3.7382734265731
6168	6205	3.73781544551099
6217	6229	3.73777419866329
6233	7178	3.73653754546371
6152	6208	3.73468083459432
6122	6169	3.73401942346478
6217	9045	3.73376127206007
4666	6129	3.73315287651647
6188	6205	3.73247810804628
6136	6164	3.73197960538624
6169	7178	3.73188903371238
55024	931	3.73175555617338
6128	6143	3.73108742465698
6143	6201	3.72978231013782
6129	6169	3.72971829072114
6129	6168	3.72833262858537
6160	6188	3.72783146839408
6217	6234	3.72731843442547
6138	6193	3.72448735780873
6175	6188	3.7241180555377
4666	6188	3.72393758435996
6158	6164	3.72306129506974
6169	6217	3.72305456235004
1794	5788	3.71979310434047
6167	6188	3.71959994466566
4666	6217	3.71925782181965
6223	6228	3.71855901558565
6158	6161	3.7180718021879
6133	6188	3.71666363211515
4666	6187	3.71576302252888
4736	6209	3.71560187140936
5788	963	3.71496416779705
6208	6235	3.71491337118559
6128	6155	3.71387542003582
51386	6194	3.71319100448675
6217	7178	3.71308271788963
6160	6204	3.71301594577174
3587	6503	3.71070562226691
6164	6168	3.70905551281445
6169	6235	3.70720741060992
3108	972	3.70647411826339
6138	9045	3.70411120883287
51386	6160	3.70391827600043
6122	6235	3.7035054373696
6201	6235	3.70238945744279
6160	6175	3.70209140546595
6143	6188	3.70170601930248
10075	6152	3.70104543455753
1439	25816	3.70052979546717
6191	6193	3.70048613900048
6143	6155	3.70028421245837
6155	6234	3.69965987101424
6175	6233	3.69879605485445
3853	3861	3.6968895487106
6129	6194	3.69661933485984
6194	6217	3.69641049755895
51386	6128	3.69609668842031
6188	6223	3.69599598686342
283238	57529	3.6957635464465
6152	6209	3.69511698783976
6143	6169	3.69477122263097
23329	2785	3.69427615370472
3854	6698	3.69421292146092
11224	6209	3.69401823392739
6129	6229	3.6936786818865
6235	7178	3.69306898596099
6193	6229	3.69239210433798
10870	3059	3.6908727284113
6136	6232	3.69079671105237
51386	6164	3.69010852890895
4736	6168	3.68941168238448
6223	9045	3.68895299644685
6122	6223	3.68869230016222
6122	6209	3.68862083045944
6210	6235	3.68793716712438
3178	6129	3.6876099386173
6161	6188	3.68499396936637
6170	6209	3.6849403799517
6147	6188	3.68424271463603
6152	6193	3.68233607103888
6194	6229	3.67726285498966
6128	6204	3.67725088624432
10075	6234	3.67724478229004
257106	64333	3.6767373737966
8653	9086	3.67502675906152
4666	6204	3.67439014760866
3854	6699	3.67281261957309
3059	920	3.67201395380601
6143	6204	3.67072025804486
10075	4666	3.6706298563956
6129	6147	3.66967398145331
6167	6168	3.66967394803754
3108	3109	3.66957874671556
1794	3587	3.66848872689479
4666	6171	3.66794486680756
1794	2124	3.66765282218983
6188	6194	3.66745224965245
4666	6176	3.66678602389366
6155	6171	3.66632902888036
118788	2124	3.66535507710251
3178	6233	3.66521635469529
6122	6160	3.66353029955063
6187	6194	3.66228768413376
6188	6222	3.66171143753984
6234	6235	3.6608649047175
10075	6128	3.66076466863274
6206	6234	3.66064886240691
4736	6158	3.66024961358635
6129	6143	3.66007956612361
4666	6194	3.66001685201747
4736	6143	3.65901850012519
6152	6228	3.6574229627124
6129	6204	3.65626311914923
6158	6222	3.65598023075526
5354	6663	3.6539194073546
6132	6141	3.65344495348968
155185	9436	3.65331346462468
3932	915	3.6529315235388
6152	6222	3.65281857021356
6135	9045	3.65268998779476
6122	6217	3.65266154892672
6141	6208	3.65139745180566
6194	6206	3.65113111267012
6175	6193	3.6510942050288
6158	6187	3.64924090276599
6155	6191	3.64837931353201
712	713	3.64830057647407
155185	250	3.64743842949564
3689	942	3.6473671571753
6164	6233	3.64706337330585
6147	6223	3.64693918887803
6194	6228	3.64636599299468
3059	4242	3.64275624327133
6147	6152	3.64239978153289
155185	166979	3.64081147916959
6171	6233	3.64070666239237
6169	6233	3.64068824105333
4586	8747	3.64047332462406
6232	9045	3.63895473603795
6143	6205	3.6388374052727
6128	6228	3.63881347377558
51386	6138	3.63826630539852
6194	6204	3.63670571681503
257106	4242	3.63652870286331
4666	6235	3.63540752349468
3587	5777	3.63526101588369
6135	6146	3.63466116871189
6229	6233	3.63445393436104
4666	9045	3.6332910686319
3059	3689	3.63208314301639
1043	11151	3.63152977464725
6143	6229	3.63133947958845
6143	6235	3.62965381082359
6193	6222	3.62914593228294
10075	6160	3.62639156900163
6160	6171	3.6235727708161
3113	3122	3.62307060882379
6169	6208	3.62207504403655
6159	6193	3.62130045350586
4666	7178	3.62010588918436
6164	6188	3.61916682321499
4736	6235	3.61887173288414
6171	6194	3.61885540525825
6188	6232	3.61851321200321
6143	6194	3.61835547251925
6138	6201	3.6178333383385
6191	6227	3.61765796534408
51386	9045	3.61740849601299
6201	6234	3.61621272808622
2066	9436	3.61478828382601
142680	7932	3.61477454165938
6209	6228	3.61392608822619
10288	942	3.61162375382184
6128	6152	3.60977546419464
6175	6235	3.60975515782356
10075	6129	3.6095673252569
6169	6201	3.6091282275726
6158	6201	3.60876603012424
6142	6158	3.60752809102091
6155	6210	3.60589003669418
6167	6209	3.60557065137162
2810	6698	3.60465731749227
6152	9045	3.60424451799386
6155	6156	3.60392011831155
1915	6209	3.60364826348555
6222	7431	3.60278122423032
155185	162998	3.60276243520376
11224	6164	3.60132692938097
10075	6217	3.60037624991203
6152	6158	3.59973296023459
6208	6233	3.59805904258045
6176	6188	3.59776489404653
6152	6206	3.59765492685637
3587	963	3.59763241128828
6171	6223	3.59635574773051
3178	51386	3.59629413905227
6187	6233	3.59385823825267
1559	353135	3.59207103010326
51386	6233	3.5920597494164
3561	54440	3.58997285710811
1559	417	3.5884499083978
23504	946	3.58739259560091
6147	6169	3.58700572192318
6205	6235	3.58699453523632
6204	6209	3.58553318874018
6169	6187	3.58400205737004
6129	6161	3.58345989642706
6143	6167	3.58305458637773
3689	920	3.58296362097476
6169	6206	3.58221199533894
6209	7178	3.58029320953126
89884	90134	3.5778953216344
6168	6217	3.57735845209107
6122	6188	3.57286389980256
6147	6235	3.57278545985551
157753	6540	3.57197603511338
4666	6223	3.57170487795524
6206	6209	3.57006806032767
4666	6168	3.5700452819196
6168	7431	3.56996266919097
11224	6160	3.56992045796895
6193	6209	3.56973370728905
6208	6227	3.56927227945478
51386	6133	3.56894043078313
417	7475	3.56827042008011
10075	6223	3.56686442144387
4736	6227	3.56632850831207
6194	7178	3.56630901812014
1915	4666	3.56587422324263
124460	54440	3.56559172830415
6168	6235	3.56548860171327
6155	6233	3.56524333512252
6138	6194	3.56355008821444
6164	9045	3.56212174465948
51386	6193	3.56205478253889
6205	7314	3.5618452530509
51386	6205	3.56088817400223
219972	3587	3.55927242118999
6161	6235	3.55865226442879
1915	6194	3.55856302866962
6143	6232	3.5571974321212
219972	474344	3.55568081664696
6187	6188	3.55503640657058
6210	6223	3.55441614766349
7475	83849	3.55266898251468
6143	6209	3.55183127231656
6188	6193	3.55111525876465
1794	963	3.54967227048618
417	83849	3.54854026621734
23504	417	3.54852707635246
118788	3587	3.54678914572172
6159	6160	3.54653197016685
6138	6205	3.54591193538282
4586	7932	3.54495422601564
259240	91807	3.543887243737
257106	5777	3.54358850958622
3178	6201	3.5430667878656
11224	6161	3.54176345138842
157753	81285	3.54159019896569
6136	6167	3.54028934320755
4736	6169	3.54012270038226
3178	4736	3.53877882050523
5777	64333	3.53863127131777
915	962	3.5382484154622
6169	6204	3.53817110673004
3055	3059	3.53769650795457
1559	23504	3.53705943245318
6161	6169	3.53449185415165
6138	6141	3.53445926637002
6136	6223	3.53425294876171
229	9436	3.53325431903557
6158	6175	3.53325317594565
1277	1281	3.53294527651619
11081	759	3.53272707403014
3059	6503	3.532432953019
6129	6235	3.53186021211518
2124	3587	3.53185748525295
10320	170575	3.53032006957112
51386	6136	3.52954105123942
162998	3354	3.52925457995096
6188	9045	3.52778087430762
4336	5651	3.52642886536591
6169	6188	3.52612913378259
117196	9421	3.52493420309887
79906	83849	3.52485972936497
10075	6169	3.52456182339083
6158	6228	3.52439201900999
6147	6193	3.52368454893563
388533	6278	3.51908490626503
3354	8747	3.51879470236044
6193	6228	3.51681354731914
259240	2785	3.51569723073767
124359	83861	3.51562447294762
6128	6206	3.51557997713082
6141	9045	3.51525297421646
6122	6129	3.51478249806887
6540	6559	3.51405612191408
1559	759	3.51388595442626
3936	5341	3.51363786618945
6194	6235	3.51324651759374
11224	6223	3.51019341084256
6158	6170	3.50938085461154
255394	7475	3.50816794849797
10075	6233	3.50365322732059
6223	6235	3.50169564300853
3178	6133	3.50154548150836
6129	6208	3.50007290904103
6147	6234	3.49830316432025
4666	6193	3.49620708083043
6205	6234	3.49577611808515
6152	6171	3.49542598470022
155038	4242	3.49503309599737
1915	7431	3.49410212867501
142680	4586	3.49393872973829
6176	6227	3.49300135739448
6223	7311	3.4922638619893
6227	9045	3.49082892296779
3059	5341	3.48985976257504
390066	8747	3.48838336089469
51386	6223	3.48760491971457
133558	6559	3.48690392722939
6201	6227	3.48685429336108
6169	6229	3.4857270779241
51386	6210	3.48560547988168
51386	6129	3.48444649454893
6188	6227	3.48377389216183
115362	3659	3.48355525052194
6168	6194	3.48206558682948
51386	6232	3.48130917299463
124359	285800	3.48063148838858
6188	6235	3.48013241459297
6352	914	3.4798756801311
6160	7178	3.4796047224636
157753	4586	3.4767952620117
6133	7431	3.47539758081752
79037	919	3.47363559095489
10320	5777	3.47267120731217
4666	6233	3.47124217822938
201158	388569	3.46944879834927
23329	6439	3.46881927174329
23504	56	3.46808188412243
2785	8747	3.46775954866759
2597	7431	3.46724083672124
6136	6188	3.46694972174387
6229	7431	3.4659140982366
6128	6188	3.46565796091951
6155	6204	3.46447303165067
1559	6854	3.46415765655923
6167	6169	3.46100442091018
7535	939	3.45990289302767
162998	64180	3.45934070313028
6158	6229	3.45809798279713
3587	5341	3.45771619446901
3178	6128	3.45703840330952
23329	777	3.45699205425303
6161	6233	3.45695675785663
3109	55303	3.4560155901768
219793	79906	3.45238967795721
6540	81285	3.45175434601701
6143	6217	3.45133792642169
6155	6176	3.4506544742842
5651	9436	3.44933760788318
155038	55016	3.44883804237473
30814	9436	3.4480642932717
6227	6228	3.4466445854393
170575	5777	3.44656928937718
3108	3122	3.44237391694404
6128	6235	3.44158791125546
6122	6152	3.44149653975584
155185	30813	3.43837054079573
6143	6152	3.43832422161524
6135	6227	3.43776557699066
6170	6193	3.4371138351332
6175	7431	3.43711040613232
347853	83849	3.43614071106374
6167	6234	3.43596381085855
23504	6854	3.4354631767521
57529	7475	3.4353741651925
6194	6234	3.43519775558634
6223	6234	3.43031437147432
6141	6217	3.42976238311543
6164	7314	3.42825447676168
8477	942	3.42801879396591
6176	6193	3.42718013960479
51386	6152	3.42705699313536
6128	6169	3.42698933538139
1915	6155	3.42337740676555
4336	8747	3.42136164534443
23329	3177	3.42099587044541
6128	6138	3.42056923149007
2785	390066	3.41909167707564
347853	3640	3.41822317591803
4336	9436	3.41793784014787
140453	90134	3.41783300685688
6193	6206	3.417787549971
3119	972	3.41768052640272
6138	6152	3.41530994713734
4586	9436	3.41283390345939
6206	6227	3.41195610245452
151636	83666	3.41111572380121
6209	7311	3.41054045239376
9056	942	3.41035888111713
5979	7348	3.4097264085114
6158	6191	3.40853168755365
3689	9056	3.4071483423977
6132	6223	3.40655309115604
6169	6205	3.40585432556361
6128	6234	3.4050044540534
257106	3059	3.40463399002414
10870	5777	3.4044492057757
3659	6352	3.40145219288884
1559	946	3.3990424257502
3932	6352	3.39714641991032
6911	89884	3.39621659569343
1278	1281	3.39607142146664
2916	5081	3.39587808330244
170575	5788	3.39419485009487
1559	83849	3.39256078948226
6188	6229	3.39218972613642
6194	6209	3.39198345806589
51386	6122	3.39183493422405
6122	6193	3.39131333363729
10021	1559	3.39044303859017
142680	8747	3.38850025878352
6176	6209	3.38625248117863
51338	64231	3.38478788180116
199	6039	3.38422139133951
6540	91807	3.38380650199168
285800	4586	3.38355424268729
6402	9595	3.38317049090979
6136	6156	3.38043593691085
6187	6235	3.37976569560528
317703	388558	3.37864542717007
1559	4225	3.3784215057416
229	6439	3.37775190091974
6136	6194	3.37621743010544
6132	6142	3.37062627038112
56	946	3.3703741348196
6169	6232	3.37035433215394
6146	9045	3.36917356584613
26338	53345	3.36799643083376
6208	9045	3.36631309286457
10346	942	3.36595743516443
6175	6194	3.36374531703014
2810	3848	3.36353365450489
6194	6223	3.36257498675581
6168	6233	3.36149324933203
10320	27334	3.36057148858294
64333	83593	3.36051973888005
388558	8335	3.35964554650075
3178	6228	3.35952793485693
6193	6210	3.35945975399114
155185	90134	3.35934969866193
259240	5081	3.3578587933464
6155	6168	3.35595069437943
3108	3119	3.35553432450806
3689	7805	3.35298964945248
3689	7940	3.35236567661071
83849	9436	3.35101100236121
6138	6164	3.35099979904634
1538	6540	3.35097448451413
8284	8287	3.34983277140535
6229	6235	3.34877716389862
9056	963	3.3483734185638
6194	6227	3.34619141754166
64693	6540	3.34604809348235
127707	26338	3.34492908379271
6147	6158	3.34465343179303
2916	84077	3.34447562409801
142680	417	3.34410229895378
2810	9635	3.34242686697511
6155	6235	3.34181714681267
6170	7431	3.34178750544916
6138	6161	3.34037104373821
55024	973	3.33896725223507
51386	6176	3.33844076303449
1559	7348	3.33663305576236
6188	6204	3.33344504457161
10075	6155	3.33328185067543
6206	9045	3.32898667180565
255394	83698	3.32891492174592
51386	6227	3.32884733351081
4666	6234	3.32761977039312
1915	6188	3.32751508812195
151295	7475	3.32664496216063
1915	6152	3.32608266447539
6171	6188	3.32499182365869
6168	6188	3.32391518054426
6152	7178	3.32366601153183
2916	8747	3.3233164596425
26986	6206	3.32310256963996
6129	6188	3.32301589791344
3560	3561	3.32251250142733
6223	7178	3.32133537897096
168090	759	3.32121151174875
1768	4586	3.32089888640271
6138	6188	3.32011900819853
6164	7311	3.31890718725875
255394	3359	3.31503078063852
285093	4586	3.31472041094571
1794	3936	3.31372408640731
6138	6210	3.31194048873835
23732	390059	3.3091052225473
148	4585	3.30904004365824
10075	6235	3.30692755061734
51386	6191	3.30671292945588
6191	7431	3.3054337972549
157753	2916	3.3042497003673
51338	9332	3.30320539329903
3854	6278	3.30273576728373
6143	6234	3.30181534355072
6158	9045	3.30142047445378
79345	81033	3.30129025981577
148	229	3.29937936394075
250	594855	3.29872023855074
3003	914	3.29868890410177
6141	6209	3.29823693798568
5076	6540	3.29779162952837
3059	5777	3.29689997735525
6136	6208	3.2953267458462
1915	6223	3.29427976184735
6158	6209	3.2941323286225
196385	317703	3.29402046099761
6136	6217	3.29337139657653
4586	5076	3.29265423554963
10075	6188	3.29114956720423
79943	80125	3.28735038962991
6187	6193	3.28505282580462
170575	3059	3.28478794938104
6155	6187	3.28266652426551
6132	6159	3.27995958096714
3689	963	3.27901111946247
4501	645745	3.27877502363621
6155	6229	3.27862849486439
6138	6208	3.27638375467907
6133	6193	3.27467052906914
3587	5788	3.27426702843702
6152	7311	3.27207488258475
6138	6209	3.27193480192164
6135	6136	3.27192820217364
1282	1284	3.27127397365213
3119	474344	3.27070794071019
4068	914	3.27063046448923
2916	90134	3.26875632583356
30813	57731	3.26727994286172
3394	4033	3.26609444238154
7305	7805	3.26490859442643
6164	6169	3.26417717875933
7940	9056	3.26387620506337
6128	6227	3.26373120136196
1439	170575	3.26370221054107
3178	6210	3.26061612874409
6169	6194	3.25859317798475
200558	64799	3.25676505199846
400629	6911	3.25652611322112
140290	338707	3.25592406553721
2597	6175	3.25549013062837
4666	6138	3.25512341753526
6129	6160	3.2532617438545
1463	388558	3.25225352891941
5777	83593	3.25168236075438
23619	81285	3.25129092756774
6227	6232	3.25116695176414
6129	6152	3.25058389193421
6160	6168	3.24556080555329
166979	79917	3.24342471317978
6128	6223	3.24290202403434
4586	6540	3.24264195820944
3646	8667	3.24054929029312
166979	2916	3.23762899907326
3122	6039	3.23752276351223
7932	8747	3.23734963709139
10075	6194	3.23485603575234
2597	967	3.23312799388535
10021	417	3.2315733175656
6147	7431	3.2298930017943
142680	2916	3.22969810036507
3055	5341	3.22833597463457
6205	6227	3.22727997530108
4242	5777	3.22668826915565
3178	6167	3.22551564701525
2597	6171	3.22434491506253
1289	1291	3.22358474051695
6152	6194	3.22012550533626
219972	3394	3.21926238790652
6136	6229	3.21783957179636
1794	5341	3.21758846095867
10517	2046	3.21709624090889
6188	6233	3.2160134261646
11055	6559	3.21397947540965
6141	6167	3.21305214201754
417	83861	3.21142946177825
170575	4242	3.211384975046
2785	91807	3.20976687302598
6208	6234	3.20943989122882
166979	89884	3.2092611257155
6170	7314	3.20914502006651
4736	6141	3.20654357830476
51386	6156	3.20616430862434
6159	6209	3.20520004572532
1915	6160	3.20406028350758
84448	93649	3.20259038884764
3113	972	3.20198550972672
83849	84077	3.20179813856121
6187	7314	3.20135447700758
6141	6201	3.20064958068815
6158	6206	3.20056986396084
250	9436	3.1986227807331
6161	7431	3.19800128443553
56171	9436	3.19683386727589
6133	6227	3.19667210689759
29909	919	3.19575270654243
90134	9436	3.19546238163592
6209	6217	3.1951338850596
6559	91807	3.19479362303216
3627	6373	3.19375985413371
3177	388569	3.19288247410394
2066	229	3.19214659693385
6141	6188	3.19061354008418
6142	6223	3.18963356689099
1559	2066	3.18865104849001
219972	3059	3.18644591352002
155185	205147	3.1860236990344
51386	6208	3.18466107918264
3059	951	3.18408250392889
6158	6176	3.18277272148759
57554	728927	3.18114177643996
6152	6204	3.18101618972104
259240	8747	3.18071407319435
257106	6503	3.18053261051983
118788	5341	3.1796675653689
51386	6135	3.17735214731004
10814	8335	3.17699245218482
1559	4586	3.17612851468401
158399	8526	3.17589779276412
2597	6187	3.1758580232557
353135	4586	3.17486377708274
3594	914	3.17435603017956
1559	5979	3.17384619056287
2798	9048	3.17314896721105
6155	6222	3.17313984988437
3108	3689	3.1726889404927
6136	6206	3.17224331217248
6193	7311	3.16954885130664
4736	6146	3.16931124366457
6156	6158	3.16883711157555
4586	7475	3.16844374872223
6136	6210	3.16806918261934
1834	30813	3.16768338994459
3587	3936	3.16240191833928
3861	6278	3.16239549530188
3587	920	3.16235927160894
3134	3135	3.16204078722273
399	79037	3.16184721984926
5777	6503	3.16121168527487
128209	23619	3.16062017003754
2916	89884	3.15756250864009
10075	6193	3.15750346024154
10075	6158	3.15713003750842
2220	8335	3.1567997161269
6152	6176	3.15673253593862
1825	9635	3.1566737978487
142680	83861	3.1561909023821
30814	56171	3.15515733149349
3932	919	3.15510615996937
25816	283897	3.15452046775362
3178	6232	3.15403610541538
2066	4586	3.15015041296888
11224	6229	3.14864322192876
6143	6223	3.14857488158416
6204	7431	3.14322821204558
7498	9071	3.14242324158758
6152	6168	3.14229646340648
6141	6164	3.14222569368011
6159	6208	3.14207157419811
205147	90134	3.13935423915133
6161	7311	3.13900476643019
11224	6141	3.1367475590348
23504	255394	3.13503498612349
6188	7178	3.13273654701751
164153	2798	3.13150901230614
124359	4586	3.12976084065675
51386	6170	3.1294641015676
11224	6210	3.12687161619249
3848	3854	3.12640840604059
11224	6152	3.12608730983581
157753	2066	3.12334546598967
4666	6227	3.12242021359186
56	7475	3.12226187985437
4666	6155	3.12126595099751
83998	84077	3.12121442143
6156	7311	3.116821006678
6128	6209	3.1157419556305
118788	3689	3.11498632019061
3178	6205	3.11423806528067
6136	6209	3.11337825383922
6193	6194	3.11283894444602
6232	7314	3.11232931044199
5079	55024	3.11111420155345
147948	56	3.11076217334533
5788	9595	3.11061817673484
6142	6159	3.10898057205897
124359	157753	3.10815537003375
3001	3003	3.10743765116843
23329	259240	3.10726532110019
6232	7431	3.10653952097226
155185	64180	3.10653761714949
3853	3854	3.10437869240335
6569	83849	3.10390551390843
155185	8335	3.10296690320757
4242	5175	3.10292071441459
1559	9436	3.09989984525951
51386	6188	3.09931957539723
417	946	3.0959433821981
3587	474344	3.0948751850522
157753	56	3.08858129907013
26338	80125	3.08793220947205
255394	83849	3.0865823770438
4501	4502	3.08636258113882
6133	6158	3.0863260888313
3354	4586	3.08599218702114
6158	6204	3.0848280706289
122945	83550	3.08477857205084
3640	83849	3.08465355577549
140453	417	3.08356004917074
3854	3861	3.08260822007449
161497	55211	3.08182748205996
6155	6228	3.0806625880015
56833	94240	3.08048697383355
6138	6223	3.0757173030275
6158	6210	3.07380553642803
3354	6439	3.07201554915941
26986	9045	3.07159685383584
6155	6161	3.07130117437867
124359	1559	3.07009478890433
162998	91807	3.06991165723407
441151	9436	3.06628830329028
6210	6227	3.06538145829283
155038	257106	3.0641142548915
6209	6234	3.06279659875247
6188	6209	3.06197203103012
6227	6233	3.0609639903684
1794	3059	3.06030405065184
257106	83593	3.05853878407356
155038	170575	3.05670376157498
6135	6167	3.05664038524422
140290	9436	3.05495093459272
27133	3773	3.05428594167336
6559	81285	3.05415106156602
2066	6439	3.05339226585592
1538	91807	3.04897087573226
10870	962	3.04715312255998
11280	166979	3.04496326939978
2785	64405	3.04407522958626
2124	3394	3.04375395241399
130026	4586	3.0429976463217
6155	6167	3.04263772276205
6155	6205	3.04214364975737
23329	91807	3.04037188862341
3742	53345	3.04025893633359
347853	9436	3.04010967394875
6164	6227	3.03893062477078
56163	84765	3.03739048233717
1559	56163	3.03242012512138
162998	4586	3.03150227362269
417	57529	3.02995523402603
2124	54518	3.02948645912002
6160	6234	3.02889720875123
127707	2785	3.02655803711894
2124	3059	3.02556174713657
51386	6161	3.02535581167797
6141	6161	3.02503521770149
6159	6223	3.02483396365823
56163	9048	3.02399876507039
6147	6233	3.02354121207166
2249	9622	3.0223863860699
116179	128497	3.02203059565203
3055	3689	3.01881090842282
84077	9436	3.01816604789279
6136	6161	3.01581004166787
11224	6201	3.01377594529585
6898	9436	3.01290561478717
155185	84765	3.01005601524836
6540	83861	3.00739756055019
51386	6222	3.00614374143271
2925	53345	3.00486838426025
162998	2897	3.00311608533376
128497	165100	3.00083211917525
3108	3587	3.00082941426216
56171	90134	3.00018859028622
64799	6530	2.99958182486004
6136	6158	2.99593330308081
6138	6232	2.99486351805777
3587	942	2.99444220251359
417	7932	2.99159988204657
219793	7932	2.99084929500923
6160	7311	2.98647599228122
3936	963	2.98489890780054
23732	759	2.98143850718643
10913	417	2.98053608383189
57529	64405	2.97892826810225
3627	4283	2.97846903844405
3108	9056	2.9751128400416
6152	6233	2.97485847935733
138307	3354	2.97449426948481
3575	9806	2.97417851374221
221391	946	2.97269246678523
474344	55303	2.9711217953227
6156	9045	2.96965357968673
441151	4584	2.96894228454359
6161	7314	2.96736335379357
4068	915	2.96656555344331
353135	6753	2.96608890230549
2597	7178	2.96554472820605
255394	417	2.96418202390307
3108	963	2.96228213203111
111	23504	2.96109113821376
10075	7314	2.96052401612473
6155	6217	2.96022962901888
6352	915	2.95591648955076
10249	4956	2.95537186856517
26494	353135	2.95518512371264
155185	26338	2.94634632345381
3575	6402	2.94628516256369
931	973	2.94572211733099
219972	5175	2.94366417820917
1555	26338	2.94291884283943
155185	6898	2.9427696985286
347344	6530	2.94087925580272
142680	23504	2.94075216096907
6161	9045	2.94052819958425
100506049	26494	2.93800608476207
6155	6232	2.93799455017635
165100	8335	2.93793053491305
5777	79037	2.93735999435367
4586	56171	2.93342222754099
140453	89884	2.93057942038622
713	7305	2.93016790856901
26338	79943	2.93005527384137
6160	6233	2.92990809459916
3575	9938	2.92965754235681
2124	64333	2.92938789328537
56	80816	2.92729638194544
155185	8526	2.92728439846714
155185	4586	2.92535818907824
6147	6155	2.92465947297526
10913	594855	2.9233252298762
118788	3059	2.92101876888616
140453	26539	2.92084885588703
199	3109	2.91734937363426
168537	283897	2.91554574082649
5079	931	2.91551862748462
1579	417	2.91515599911337
6136	6191	2.91481120918088
6141	6205	2.91368620198442
3001	6352	2.91349591843078
6156	7431	2.90925467842922
23329	64799	2.90885410776036
2572	25862	2.90841630483094
3932	5777	2.90709572936796
2512	567	2.90475861556548
6133	6136	2.90458598940128
4586	759	2.90342549994239
5777	962	2.90196337030964
23329	90134	2.901958466398
22806	939	2.9008024380236
2916	79943	2.89590587328905
4586	84077	2.89551784877825
6135	6194	2.89408241946267
51386	6141	2.89393691773475
10800	155038	2.89180145296192
6170	6227	2.89128385145252
417	56	2.89041726759129
388533	6699	2.89033474561349
6193	6204	2.88743988496497
157753	259240	2.88720059787708
170575	5341	2.88684899510327
64092	8477	2.88675637595879
162998	90249	2.88659603345795
10075	2597	2.8848283269007
4584	9436	2.88440796451495
6191	9045	2.8836516052286
229	23329	2.88261214522833
3561	64333	2.88038145229629
162998	26246	2.87913583007966
259240	26338	2.87908070632611
155185	2916	2.87745489197565
124359	1555	2.87730998509726
55303	963	2.87429679585934
1559	9048	2.87335601406544
64405	7348	2.8717266369601
6142	9045	2.87153359289605
1768	8747	2.87111501850535
1559	2894	2.8706525452979
26338	5076	2.87050501075663
11164	8872	2.86942345788537
4736	6155	2.86879129097283
4736	6135	2.86828100983008
1538	83861	2.86805072223504
229	64799	2.86326063464877
6132	6193	2.86153613189701
285800	417	2.86004524390242
3178	6164	2.85995255096317
51411	55303	2.85854426019518
142680	4336	2.85804683435709
166979	90134	2.8558575803377
4014	6699	2.85391520266879
6155	6194	2.8522614415454
2597	6222	2.85189048808506
29760	92241	2.85148747575137
10870	963	2.84789730870555
6138	6229	2.84670154368209
3109	9056	2.84251587728708
155185	441151	2.84226271867158
6133	7314	2.84183366146078
6136	6142	2.84072450752765
6152	6235	2.8405519114451
3178	6170	2.8369702587049
6136	6159	2.8348863746898
219793	4336	2.83484734856519
10870	474344	2.83286366021315
23619	6540	2.83193035680368
3354	64180	2.83141032764569
3178	6217	2.8310024635961
142680	5651	2.82806367925759
4584	81033	2.8233415891886
10814	8021	2.81677960618854
2066	417	2.81635897960571
155185	1834	2.81562895619909
3932	962	2.81260173484972
353135	4225	2.8116894569437
23329	6898	2.81033356278913
6122	6155	2.8099139386143
3932	79037	2.80965740951121
10320	80342	2.80956715129466
259296	3449	2.80928042947115
6128	6136	2.80811992228789
5551	925	2.80783069472632
3394	5788	2.80736275239737
128497	250	2.80701944200501
23329	2916	2.80700648467923
51386	6204	2.80436546208367
51386	6146	2.80325469417365
128209	6540	2.80131674793582
9595	962	2.80041446553361
26246	2897	2.79977125680039
401551	9436	2.79907577622461
115362	6352	2.79878794776285
11224	4736	2.79820446076377
759	9436	2.79570776346533
4586	83849	2.79438738486522
1559	83861	2.79398100561322
56163	9436	2.79282738312996
157753	166979	2.79263513971381
229	83849	2.79147458086824
6138	6158	2.79088980745053
6155	6201	2.78781919008507
914	962	2.78479655965962
399	919	2.78413325119361
257106	5341	2.77854999332685
1559	255394	2.77842639214529
3122	7940	2.77811282021657
6138	6217	2.77772021735134
56163	83849	2.77758288111176
155185	3081	2.77728170202081
64799	9436	2.77672483048155
30814	347853	2.77455132637967
23329	6530	2.77069327922987
3178	6156	2.76713099980256
6155	6169	2.76646156993631
6143	6233	2.76426861292071
6136	6141	2.76363563745815
166979	9436	2.76287834149982
124359	417	2.76106026524594
1135	2916	2.75996444569558
6135	6160	2.75922167837558
6229	7314	2.75748034393026
10320	22806	2.75519763963333
23504	83849	2.75111500953217
4586	9421	2.74951163025505
4068	939	2.74592164277476
6854	946	2.74122167158533
157753	90134	2.74005177565396
6158	6171	2.73945518886868
11151	3059	2.73918506168349
2798	56163	2.73470180394852
170575	64333	2.7294685466657
284485	6911	2.72790524937256
5341	6503	2.72765138932483
51386	6228	2.72719472588334
6222	6227	2.72329632863476
26998	346689	2.72319559069923
6156	7314	2.72009269219662
10870	3936	2.71880425532735
1794	920	2.71645597545904
3848	6698	2.71559602145567
6209	9045	2.71131108194327
6138	6191	2.70994008066781
142680	3354	2.70981853787574
3178	6194	2.70948214780543
117289	54440	2.70835556186011
124359	81285	2.70726924748248
128209	417	2.70704340940899
2074	8021	2.70702022898408
1559	56171	2.70607565019552
6228	7431	2.70566159614628
165530	56171	2.70491552987362
255394	5542	2.70236201152373
6209	7314	2.69814795345883
2916	4585	2.69806859485534
2798	9436	2.69797600584193
100506049	390059	2.6946103426996
4586	83861	2.69316194492916
10021	57529	2.68959259050674
390059	4225	2.68695313266089
168090	5076	2.68555480276373
6132	9045	2.68394293302
81285	91807	2.68220432236328
118788	6503	2.67919033929681
23329	9436	2.67799660723566
2124	9595	2.67717528105385
6129	6223	2.67250809814018
6402	931	2.67122942888027
51386	6206	2.67103806894202
2597	6168	2.67100398357314
1768	23504	2.66825210784442
162998	1834	2.66670494793009
347736	81697	2.66457204668838
229	3640	2.66408850764637
2066	667	2.66269983120041
6155	6160	2.66265731038967
57731	8335	2.65836584256166
4242	54440	2.65816521453838
124460	3561	2.65670236136181
164153	56163	2.65401969813263
6146	6233	2.65356969150408
51386	6158	2.65159814489125
23504	84197	2.64931758422579
6530	9436	2.64883140876831
6228	9045	2.64879603138986
166979	64799	2.64460059015006
11280	57731	2.64340699062975
26338	9436	2.64292364226425
26246	6540	2.63963679343615
3932	7535	2.63918580287974
4666	6169	2.638564044617
6204	6227	2.63776114256874
64092	963	2.63758963145199
124359	6540	2.63683976888714
2916	83998	2.63662051659687
11224	4666	2.63641639128663
250	30813	2.63628845615102
3178	6152	2.63603066919226
285800	5076	2.6355858381286
2785	3177	2.63426300233695
170371	2313	2.63186824056024
64231	713	2.63084973825116
283600	8335	2.63042738211698
128209	5076	2.62104465822359
155185	229	2.62090801850471
142680	84077	2.62085185562948
26986	6156	2.61829496510238
3059	64333	2.61777799635372
3119	55303	2.61268217100343
130026	729420	2.61262005838462
6164	7431	2.60828202973886
166979	196385	2.60736862949568
3451	79906	2.6066581827433
140545	57529	2.60505187967992
128497	2220	2.60435503952056
64405	83849	2.60308756016286
1559	7475	2.59872928722763
6168	6223	2.59794294294728
6159	9045	2.59636487202181
6503	963	2.59592644932358
23504	4586	2.59341648479707
117289	124460	2.59259357749167
1555	259240	2.5882726558948
127707	285093	2.58801910626377
1538	56	2.58788703678201
83849	9154	2.58569871767511
6210	9045	2.58504668910609
22797	51311	2.5814638451194
6128	6193	2.58111939958294
2124	942	2.58065791456446
117289	9938	2.58030756244681
2916	441151	2.57903536489998
155038	170371	2.57630180065167
6352	9235	2.57348378885897
170575	3587	2.57198994480904
6136	7311	2.57185872225802
124359	140453	2.57121374376783
6129	6227	2.56970004414815
390059	5076	2.56715012168765
4585	594855	2.56474390419924
166979	250	2.56471512466822
11224	6158	2.56221501962494
255394	6854	2.56195830498459
56171	57582	2.56178800226798
4586	84765	2.56127993421722
1579	23504	2.56115175989528
6133	6138	2.56036747165793
285126	7348	2.56015898433009
257106	3561	2.55994344495564
5651	90134	2.55856140717816
23504	83861	2.55825344272745
157753	2917	2.55452131761847
3177	7348	2.55395339055589
6176	7431	2.55139780233861
142680	946	2.54943595611706
155185	6530	2.54797957399444
390059	94026	2.54653360554463
1915	2597	2.54600425078573
219793	83849	2.54559931203323
3587	3689	2.54369011731206
3354	91807	2.54163861754
10320	64333	2.54090991571045
51208	56	2.54064167652205
6175	7314	2.54050473443673
2066	56	2.53974575066242
6142	6160	2.53956068725629
6155	6206	2.53843925946448
11224	6204	2.53543069232415
157753	83861	2.5335436484856
148	9436	2.52802892092466
388533	4014	2.52797612800708
157753	30814	2.52612371283531
11151	962	2.52455713535987
1043	951	2.52324130094961
6142	6193	2.5216597601894
1794	3689	2.5200218198563
1579	440603	2.5196944403639
6152	6234	2.5175323464937
163747	4586	2.51654668731544
3108	7940	2.51554588028536
26246	347344	2.51406183923716
164153	7348	2.51381661646234
157753	162998	2.50772192171134
5698	9246	2.50759535417332
10110	8538	2.50578540171895
56	9048	2.50454459127067
55303	7940	2.50316176377481
7305	9056	2.49827633326807
6169	6227	2.49658746586403
26338	4585	2.49424453285581
4336	6439	2.49357304012944
6229	7311	2.49303373615484
10870	1794	2.48529215814188
252995	594855	2.48499746686249
6158	7178	2.48429238893253
1768	417	2.48410980957011
2220	57731	2.48356178977282
4585	752014	2.48162978223442
330	6402	2.47566460283588
3178	6191	2.47374622588852
30813	6898	2.47349128292464
5724	942	2.47327892424032
6136	6147	2.4718135003506
6158	7311	2.47096083007299
283238	2916	2.46871518261044
3177	84077	2.46662145956901
51386	6234	2.46549338014169
3683	729230	2.46428512230684
10320	89846	2.46225617348254
338707	9436	2.46211711589932
138307	1834	2.46081140946978
6232	7311	2.45960403488281
23329	4585	2.45858968195219
54440	6503	2.45851602295923
4242	64333	2.45702584443756
2124	8477	2.45571872483146
3659	914	2.45541729156349
6138	6167	2.45369201458682
117289	257106	2.45320422313844
257407	4336	2.45231087883954
55303	9056	2.451383400611
7903	8477	2.4506975506228
3119	7940	2.4495473173835
2916	4336	2.4495111173762
1538	64693	2.44868895459551
7305	942	2.44712274016039
157753	56171	2.44664745204108
140545	5651	2.44599207838904
142680	287015	2.44436976793373
6156	6227	2.44286313610327
3587	64333	2.43800143745446
84077	89884	2.43393200484088
51386	6229	2.42906432862336
10870	2124	2.42737287146267
157753	91807	2.42645136594357
2785	2916	2.42571184207235
259240	81285	2.42264310133721
6223	6233	2.42192758719915
6160	6169	2.41979112355526
2894	347853	2.41856115939043
417	84077	2.4170147683597
161497	26246	2.41644930269796
10320	6402	2.41617599261963
10842	196385	2.4160232722766
1439	283897	2.41384944173087
250	8335	2.41217324806191
10870	55303	2.41029994425581
30814	90134	2.4097732026418
142680	7475	2.40970655018927
283933	83861	2.40786694989271
6122	6138	2.40723922146504
4585	93650	2.40721608471118
140290	155185	2.40626925828829
4283	6352	2.40532757661181
63035	89884	2.40469073242574
130026	91807	2.40456119605937
8747	91807	2.40238236911687
250	3909	2.40173562605254
283897	5788	2.40048509545338
132141	91807	2.4004366464324
3108	55303	2.39950871417245
148	594855	2.39814540163138
5341	920	2.39532131322764
3640	59283	2.39105610632684
1236	973	2.38985101364545
147948	1579	2.38977430140949
23619	417	2.38890955522588
166979	340024	2.38803179083698
170575	1794	2.38791138711792
441151	57582	2.38696982675283
200558	338707	2.38630517173158
6138	6156	2.38527631874523
5076	759	2.38488676198646
6158	6188	2.38273358280626
6135	6217	2.38100590793754
155185	3354	2.37919245200749
1559	157753	2.37445566081376
114131	64693	2.37320565058411
3354	5651	2.37297076720814
3394	474344	2.37273673235957
283933	59285	2.36829375381234
140453	7475	2.36790859601352
155185	8021	2.36489641204624
124359	1538	2.36445246335832
64092	7903	2.36026146089767
6136	6170	2.35464636500006
117289	55016	2.35450883527722
51622	6559	2.35442782073246
1834	338707	2.35190152200215
4050	55024	2.35133371584049
3055	4332	2.35086266625483
23329	64405	2.34657521744462
5788	942	2.3453089908677
81285	83861	2.34529276371495
124359	57529	2.34216138233335
567	6187	2.33853358533301
128497	8335	2.33301653143419
7940	972	2.329701082456
3178	6206	2.32730108198122
118788	1794	2.32574094672786
11055	729420	2.32255135068454
118788	5788	2.32175549945715
283933	56	2.31909957011598
124359	5076	2.31731045537253
3108	942	2.31709087828828
155185	4585	2.31686826754881
3932	64333	2.31644185584669
23619	64693	2.31531711729707
26986	6175	2.3142087584868
132141	83861	2.30981520639953
142680	6521	2.30657235982937
3109	64231	2.30626573595584
3108	64231	2.30587917732491
1439	5788	2.30533136468749
155185	51301	2.30139488410531
6138	6147	2.30015916691807
158067	6854	2.29788988339255
196385	200558	2.29428239512135
164153	2066	2.2938440867377
284417	83445	2.29070635754498
6136	6146	2.29059827671391
162998	59284	2.28893326844796
155185	64799	2.28760583302154
51386	6175	2.28678029706666
326340	83849	2.28551876649662
3587	3932	2.28402531895005
155185	283600	2.28026986032548
171484	84077	2.27818640304226
285800	53345	2.27638840156979
4336	4586	2.27395381659954
6122	6158	2.27295724924466
5450	931	2.27103995569911
2917	4586	2.27020810306869
26986	5042	2.26997356586972
417	64405	2.26965183131429
374897	3848	2.2681547409143
1555	57529	2.26745413874278
1579	7475	2.2655010221711
124359	53345	2.26482420729465
26246	388558	2.26370152228359
118788	942	2.26352537038638
1559	164153	2.26210826612386
4666	7311	2.26115146150933
11314	7805	2.26075946131341
255394	347853	2.25977616325763
2785	4336	2.25908987995767
6210	7314	2.25697795302449
2916	4586	2.25668325604896
4666	7314	2.25658243791378
229	326340	2.25640588146195
6698	6699	2.25527339280737
124	56163	2.25503485422637
63035	9436	2.25485177574736
256536	283748	2.25220211030109
157753	9436	2.25155741038023
26338	4586	2.24969226065374
146845	57731	2.248073262594
10753	54866	2.2452691597602
5651	8747	2.24475958575007
6155	6175	2.24032318170114
128209	64693	2.23977315620138
11024	23547	2.23935847432644
4988	7348	2.23363387388868
10913	84765	2.23198043515094
143425	2917	2.22794923646069
26338	390059	2.22794592233791
752014	84560	2.22634706968628
6439	91807	2.2259156199893
285800	83861	2.22055035579288
1559	59285	2.21875100356438
10913	388569	2.21864152155069
30814	759	2.21399519271204
6141	6232	2.21341459123425
2315	7299	2.20983977691646
283600	5076	2.20669016323606
6171	6193	2.20389395042998
5542	6854	2.20353115059099
1915	6158	2.20326648968096
6132	6160	2.20300477064057
1794	951	2.20233879563618
1823	1828	2.20223448755809
1559	347853	2.20175383998816
6171	7314	2.2007595660911
27334	3683	2.19346079462319
170575	951	2.18882226562272
4586	91807	2.18802318000519
2597	6191	2.18718168442661
157753	285800	2.18620333758724
6159	6201	2.18549749755968
10320	3561	2.18461186902189
3587	8477	2.17864323879013
6169	6223	2.1784502061387
26338	5314	2.17807291996949
1146	283471	2.17375862244857
6899	729993	2.17334036229713
229	7781	2.16889809604846
441151	84530	2.16886696416493
1559	390059	2.16799807120011
6161	6227	2.16654466771962
1579	2066	2.16605661444507
2897	6530	2.16506956845141
140453	84077	2.15927631834164
3689	712	2.15812809232574
1559	7849	2.15701891119199
1559	4988	2.15575766810452
283600	388558	2.15505493754258
4585	8335	2.15390630571372
417	56171	2.15368934234584
2538	353135	2.1533492954128
229	777	2.15207733768191
168090	2897	2.14889879079521
6147	6227	2.14526645753328
128209	4586	2.14386786654035
155185	23329	2.1429618632739
6159	6194	2.14246357668991
3059	963	2.14235056415664
84077	90134	2.14081092043718
6136	6227	2.1388730561603
54440	9938	2.13779350657616
2046	347853	2.13322101263183
2220	6538	2.12654786539253
56	6854	2.12644549962425
1538	83998	2.126366071434
100506049	4586	2.12581565270046
2074	9436	2.12511288941563
2597	6176	2.12486478470252
55016	7903	2.12444851026125
3178	6122	2.12037162384443
7475	7932	2.11970690896886
196385	285800	2.11887895317097
118788	962	2.11775372416132
4586	57529	2.11253690874537
152519	594855	2.11172246351227
353135	7932	2.10992022442926
11081	168090	2.10991597977091
148254	166979	2.10897300454887
1834	441151	2.10792106924338
200558	26998	2.10505850184653
10870	3394	2.10484226151281
116379	5342	2.10457103467723
6135	6233	2.1019467615356
26338	91807	2.09849552187303
205147	9436	2.09353228437705
4286	8544	2.09263528333972
3178	6176	2.09209065274187
6222	7314	2.09116324354994
64333	6503	2.08762702255281
4584	90134	2.08682473444658
10913	23504	2.08530033832609
3853	388533	2.08444900239652
388558	57453	2.0838978533143
2066	56163	2.08301627850276
26338	84448	2.08233602040363
11224	7311	2.08219858438842
6147	7314	2.08211292823422
3055	3587	2.07824245947626
2894	9436	2.0773427457554
285800	2917	2.07727857614522
25816	80342	2.07579166177639
23329	347344	2.07464382777611
285231	90338	2.07151471742977
3003	3932	2.0711068926264
10913	91977	2.07099156329191
3354	9436	2.0706373605356
441151	6538	2.07031336752395
10870	64333	2.0681959604985
64333	914	2.06737386776573
6175	6227	2.06709375025069
1825	23650	2.06602978765449
22941	5979	2.06586019540131
219972	920	2.0656483033634
56171	83849	2.06436727402788
4736	6159	2.06259940115175
920	942	2.06020913180086
155185	4584	2.05798697328364
1135	64799	2.05709407149716
5979	946	2.05573819165607
2066	22987	2.05535850415648
283375	59284	2.05501176238228
4242	6503	2.05497265204721
257106	3587	2.05313019659079
3561	3683	2.05138301398094
124460	283897	2.05061578148115
10870	3932	2.04619831122064
6135	6201	2.04535586750439
83861	946	2.039031954842
4014	51806	2.03831559487194
4242	83593	2.03723188553366
124359	759	2.03655607721881
3003	915	2.03550776039187
1538	157753	2.03294828224445
30814	7475	2.0294023645586
2810	3854	2.0262630727965
3640	9436	2.02587631710572
196385	9436	2.02447667957615
100506049	4988	2.02401415505064
6136	6228	2.0234519087557
259240	89884	2.02283301794857
23329	83849	2.02079636881885
80329	89884	2.01893075247678
5651	64405	2.0184171150323
4586	59285	2.01609394503955
2124	3689	2.01289915550851
166979	285093	2.01175287109101
1579	347853	2.01115485250407
6129	6209	2.01105758747843
6208	7314	2.00793484512071
1834	84699	2.00612722427846
10913	252995	2.00290535160035
6530	91807	2.00227016679218
170575	257106	2.00152956662186
7348	946	1.99921673828429
51286	81285	1.99615039470015
1041	1825	1.99526329486308
3903	84868	1.99520303325385
4988	7475	1.99472316250545
124359	23619	1.99299618331799
117196	26494	1.99168532209612
23650	3849	1.99038224265488
59285	64405	1.98947426242283
1559	83550	1.98699007489519
6191	7314	1.98399037397451
56163	6530	1.9832157074025
7849	83849	1.98160197511067
10814	2220	1.9792150793071
124359	155185	1.9788597501665
250	57731	1.97826176854559
100506049	353135	1.97804317619907
165530	9436	1.97655477624656
2916	5651	1.97495449779893
285852	9436	1.97493323578538
5076	53345	1.97484538141044
7178	7314	1.97359755412432
170082	4336	1.97153166413466
6146	6206	1.97058749206937
914	919	1.96928276374102
6141	6152	1.96702602912775
56171	57529	1.9666201772594
3119	3122	1.96149544638994
114822	90249	1.96119776817027
285093	417	1.96108397939104
23619	259240	1.96018613837631
124359	196385	1.95767611715552
8477	963	1.95690535448692
166979	29063	1.95660490696839
285093	83861	1.95603643578679
229	56163	1.9549061440475
56171	7475	1.95469710604386
2897	4988	1.95450302868487
3689	8477	1.95331204865794
155185	285852	1.95210234731434
3059	942	1.95186655919626
3587	4242	1.95182656085388
6530	6540	1.95103167796094
53345	759	1.95068510007818
23329	2798	1.94957390603404
6132	6158	1.94837456154729
1538	4586	1.94496824972616
1794	3108	1.94414801885377
162998	200558	1.94301626687525
10870	4242	1.94278322082033
5341	5788	1.94227526946613
2066	30814	1.94173054109094
56171	9048	1.93960351133346
3178	6235	1.93772342105897
10320	3394	1.93499285280032
124359	91807	1.93393229217065
5450	608	1.93367981622861
5651	83998	1.93230292219432
147948	9048	1.93195905800675
125875	4951	1.93118055103716
441151	8526	1.93088532717726
3054	5331	1.92959995937238
2894	417	1.92837586464356
285093	6540	1.92780456032394
23600	8747	1.9273004778214
166979	84077	1.92459903867454
6146	6188	1.92341425976749
257407	57554	1.92301175333386
6136	6175	1.92277352417484
10320	3683	1.92229775007712
10320	117289	1.92228903646221
8287	8653	1.92089691862314
11224	6222	1.91994483476861
26986	6232	1.91927781667929
7401	9436	1.91891628745843
6570	8747	1.91843372659353
57529	7932	1.9158210929933
6209	6235	1.91031115340492
6136	6222	1.9062367596877
1538	5076	1.9060040043059
10870	6503	1.90596251544276
6228	7314	1.90539030650587
10814	752014	1.89798048955847
5341	963	1.89676095346632
6208	7431	1.89580362558302
3581	59284	1.89407740760866
166979	90249	1.89376710584877
11224	6187	1.89305251228016
128497	155185	1.89241746865531
30814	4586	1.89054385762916
2798	6439	1.88815487297675
259240	6540	1.88789308503188
10288	56833	1.88630849196977
11055	133558	1.88396401107348
10913	2066	1.88129743549682
257407	9436	1.88016517076905
3059	5788	1.87821109487319
2944	2946	1.8747314868062
6553	84691	1.87467011733319
914	939	1.87462378066027
1439	6402	1.87373731430813
353135	83550	1.87360544689499
196385	3354	1.87219348778945
2066	2798	1.87057632536439
140453	4586	1.86933097114016
252995	89876	1.86714140808961
347853	417	1.8662641211944
26338	4988	1.8658507134725
6128	6158	1.86270138914934
196385	4586	1.86224380376125
55211	9436	1.86069584424539
130026	2785	1.8591403938371
10346	5788	1.85834540883476
23619	57529	1.85793255988694
23329	56163	1.85591058478944
26246	6530	1.85514460563331
199	3122	1.85030028108327
170572	84077	1.84873838975686
169693	7932	1.84860049668219
283238	83698	1.84732053306071
51386	6235	1.84659621567119
10320	83593	1.84551829306835
30814	83849	1.84524372830466
5777	951	1.844168597803
166979	6540	1.84156474508008
6138	6142	1.8398492733926
3178	6160	1.8379426285195
83849	90134	1.83454831382062
1559	158067	1.83030137103175
3178	6222	1.82992545108686
148	2066	1.82868399550925
6205	7311	1.82824480349182
2917	7031	1.82371083087755
6439	9436	1.82113895442662
148	6898	1.81953166936173
6278	6699	1.81914200789375
10517	140453	1.81883145431186
6143	6227	1.81839412960259
3936	83593	1.81799666736695
6138	6222	1.81438089135122
148254	729993	1.81187624094345
6223	6227	1.80941539279406
26986	6167	1.80795220160064
6155	6208	1.80616344592744
124359	23504	1.80405209824341
1579	255394	1.80167151748022
165100	1834	1.80152530601096
6188	6234	1.79982599710942
3178	6138	1.79781628466361
6141	6194	1.79179691398306
399	962	1.79064822571584
915	919	1.78555709567278
3108	474344	1.78372601675753
1544	229	1.78230228829463
417	59285	1.7775288939578
6192	8287	1.77719536608988
257106	9938	1.77368512466439
130026	259240	1.77359431030823
6222	9045	1.77277087364973
353135	8747	1.77016031646578
6521	90134	1.76952751283286
155185	2066	1.76818570636804
6141	6147	1.76546227313804
6569	79906	1.7608208388746
23329	388569	1.75913475400568
6193	6227	1.75744202616276
168090	26338	1.75621141572411
4586	53345	1.75360584601154
229	84765	1.75115298833188
3178	6234	1.75054281880572
11136	3359	1.75036448002366
128497	166979	1.74936652261399
6538	8335	1.74915306097523
10913	1579	1.74576832987841
4736	7311	1.74504642470993
1325	4586	1.74497727962496
147948	3568	1.74227894333966
127707	166979	1.74073301150783
5651	57829	1.73717838492076
6194	9045	1.73614411703457
6175	9045	1.73161623684386
2124	6503	1.73111270478182
30813	8335	1.72942782604089
148	252995	1.72650119650621
7475	9436	1.72579237057276
259240	4586	1.72413141710756
6132	6138	1.72304074450291
3177	4585	1.72260497411771
56163	64799	1.7218743153602
11224	6147	1.7215881743864
6205	7431	1.72026698564561
64231	7305	1.71843745024752
10870	914	1.71767309106697
127707	8747	1.71715007606002
221391	5979	1.71533350683238
4586	64405	1.71166469823511
11005	6698	1.70837879991477
6133	9045	1.70391618828079
417	759	1.70293709268995
2124	5341	1.70254063660922
10814	165100	1.70042512583917
2066	56171	1.69903962048867
10346	963	1.69761139605774
4988	759	1.69601064880515
399	9595	1.6941128117541
6122	7431	1.68727509077279
2894	4586	1.68430686257616
257106	54440	1.68424451338912
23504	91807	1.67889540250095
4493	4494	1.67839020633634
79632	9498	1.67593571950913
9595	963	1.67455340296888
417	57010	1.67098957007848
23619	64405	1.66969827766318
6147	9045	1.66822530708041
6141	6210	1.66701709022203
148	7781	1.66042056237666
11224	6156	1.65908710935402
6159	6161	1.65547823132792
3786	6540	1.65481675656212
6210	7431	1.65470577377307
111	4586	1.65287736691594
7805	9056	1.65084804646718
10870	257106	1.64956584350646
5788	6503	1.64746952846176
5081	9048	1.64248510836644
162998	286256	1.6416777384806
100144748	283238	1.64122819548728
10021	7475	1.63921549657811
3394	3587	1.6390791350279
127707	285126	1.63875478526382
124359	56	1.63753830376507
3627	6772	1.63647608881787
2785	6540	1.63376187225838
199	9535	1.62977258385716
11012	1828	1.62601327390456
4242	89846	1.62414168959478
142680	157753	1.62014000343851
124460	55016	1.6190884973034
2046	51168	1.61663165281094
347736	354	1.61590254855073
4586	81285	1.61076222845689
1474	27076	1.60816289330487
4336	5314	1.60537960449162
2124	257106	1.6037550565965
1559	64799	1.60357818009159
140453	2046	1.59836509561132
347853	59283	1.59828065283343
2916	8526	1.59514001940714
26338	2916	1.59509118227366
157753	4225	1.59406169177528
2538	4586	1.59179336376583
130026	155185	1.59111403792607
9622	9626	1.58952931412373
1043	10870	1.58296077434995
3909	729993	1.58245360463895
259240	79943	1.57997949678649
128497	8021	1.57866642803152
1285	22861	1.57677506000052
4988	5076	1.57628319818871
27076	6698	1.57570606204583
1794	64333	1.57434415519893
330	9595	1.57434405059752
1135	79943	1.57360208032324
250	338707	1.57285564823044
4496	4501	1.57261129790713
3561	7535	1.57146370405886
6138	6170	1.56962808572425
4242	920	1.56921358703441
1768	84765	1.56481039424134
57582	9436	1.56337977063869
2066	8671	1.56231773961373
128497	89876	1.56028958587821
114822	728927	1.55856224786612
84765	9436	1.55319862108384
50833	759	1.54997020692412
117289	155038	1.54931259660741
26998	6530	1.54706530808617
148	3354	1.54306536884264
83861	9789	1.54161147385687
4585	58157	1.53762895891312
6132	6208	1.53714403227427
100506049	7932	1.53598122291531
140767	6521	1.53509800222997
164153	7475	1.53314539584579
4495	4496	1.53127745942659
1006	4586	1.5285828017531
162998	8747	1.52750146072531
148	155185	1.52594878979987
2124	240	1.52426110055941
200558	441151	1.5222600781851
6152	6227	1.5192587789372
127707	161497	1.51828085663606
2916	83861	1.51672843360627
148	152519	1.51564341927178
11224	6234	1.50825458832149
1559	6677	1.50817065018449
4666	6158	1.50636970097339
26986	6136	1.50635673784169
164153	56	1.50522374895112
1794	942	1.50220478528536
1794	54518	1.50159485764443
133558	91807	1.49794318240869
729993	752014	1.49651445862078
168090	441151	1.49595797912958
5341	5777	1.49587489073868
1538	23619	1.49505058567363
23504	7475	1.49490489186103
10326	10814	1.49398717045114
26338	90134	1.49291956506663
3003	6352	1.49197652314919
162998	9436	1.49155456353792
1768	7475	1.4888987209997
4586	60676	1.48505789450766
6159	6164	1.48441494077241
26986	6223	1.48424926597076
4585	84560	1.48394190070544
3178	6143	1.48288914844317
158067	56171	1.48268170828018
11224	6159	1.48103332174283
1559	221391	1.47356479012906
146057	165100	1.47343708645825
142680	259240	1.47171913002523
759	83849	1.46524735215797
10870	118788	1.46379892186661
6402	951	1.46194108448301
3903	83937	1.45970302626177
4033	56990	1.45959186893571
6158	6194	1.45774947894216
30813	3354	1.45607350524559
441151	79943	1.45346943232208
111	124359	1.45137153014138
3561	914	1.44759382029347
152404	5354	1.44419015884812
30813	89876	1.44228579587004
155185	84077	1.44089749811361
283576	64405	1.43744610807922
168090	3081	1.43572428132863
79917	9436	1.43500070288017
148	250	1.43369125603815
148254	2897	1.43279970868269
2916	64799	1.43086803754245
2124	920	1.42994730031042
2897	54766	1.42947437173761
83550	9048	1.4289503285988
6402	9938	1.427681172102
10870	219972	1.42010180212636
6279	6280	1.41771818388438
26986	6152	1.41744928566018
127707	91807	1.41554386155658
115362	441168	1.41439960826215
140706	1996	1.40948781676418
1555	80125	1.40384526044753
127707	90134	1.40230671594105
165530	30814	1.40162562428335
417	9436	1.40070585696451
3587	54518	1.40008718683649
1555	3448	1.39940419113283
54734	9287	1.39838743469121
3354	84765	1.39730334457245
152065	168090	1.3954589637885
152065	6530	1.39404191884827
1834	8526	1.3935778803272
1135	124359	1.39327482683813
156	22861	1.39264515827506
3394	5777	1.39166911022972
168090	283600	1.39110645627224
23504	9048	1.39080416835031
10251	6847	1.38983281075987
10249	1559	1.38923845445564
2066	6898	1.38692293273971
145873	57582	1.38614874098419
162515	23329	1.38476258938199
10814	5331	1.3847013149193
1825	79755	1.38432470122103
2785	4586	1.38271919498889
10913	64405	1.38012179238631
3359	83849	1.37705020297115
145264	83481	1.37642205083702
55064	946	1.37573358188233
22861	56	1.37413371272558
229	56	1.37143788683161
83849	9048	1.37035212012402
22806	914	1.36964282178928
3359	5979	1.36928342390408
338707	441151	1.36426890537211
157753	4336	1.36369130891819
3354	7932	1.36314269351288
84105	8526	1.36288763487728
10320	257106	1.36065549555867
3081	59284	1.36015461715335
285093	60437	1.36001833663968
2916	9436	1.35876211173448
250	6898	1.3586062376145
196385	8747	1.35812301501056
23619	4586	1.35477733492892
147948	79906	1.35367938900023
440603	83698	1.34856691329771
155038	54440	1.34275073930306
162998	2916	1.34057697408223
6158	6227	1.34047160364528
1135	162998	1.3383893037449
3055	920	1.33756838789214
7475	83998	1.33613787970071
56163	56171	1.33517305064122
1043	1794	1.33511466371095
152519	2894	1.33383428435529
6132	6188	1.3296391102417
157753	2785	1.32703054662736
257407	9421	1.32688728311169
6521	9436	1.31825881858096
57529	9048	1.30960842189323
11224	6217	1.30619506512142
