10075	7178	2.81935506964086
1915	567	2.81913652007291
6232	7178	2.81898616588356
1915	6171	2.8188940788056
1915	7178	2.81885748603625
6192	8653	2.81881924515729
6164	7178	2.81877492700258
10075	6232	2.81874248174631
6133	6164	2.81869916848348
8287	8653	2.81867933468661
6133	6210	2.81865248292831
1915	6232	2.81846279508251
6164	6210	2.81841087001161
1264	72	2.81825256044257
6164	6232	2.81818012139257
6168	7178	2.8181231735579
8284	8653	2.81808049810394
6171	6229	2.81804225330771
6192	8284	2.81802894058558
6210	6222	2.81794630273753
6210	6217	2.81789107154756
6164	6168	2.81787318353587
567	6171	2.81785210059951
10075	1915	2.81781691815024
6192	8287	2.81774381198391
10075	6168	2.81768134840769
6171	7178	2.81766309821979
6133	6217	2.81756924938057
6167	6232	2.81753054598209
55771	57486	2.81750883749253
567	7178	2.81749247274707
6129	6208	2.81747973209228
10075	6167	2.81742940619394
7316	7431	2.81720998542849
6206	6208	2.81717399824839
10075	6164	2.81714637092902
6229	7178	2.81712924769003
10075	6229	2.81711093996021
6208	6229	2.81710592649368
10075	6171	2.81704286003138
2944	2946	2.81702527317198
55771	90338	2.81697690181403
10075	7431	2.81688311669595
57486	90338	2.81686007470463
6164	6217	2.81666674370626
6171	6232	2.81663993145877
6133	6168	2.81659334742535
6208	6217	2.81653004486052
6164	6222	2.81650962594641
1915	6129	2.81640583454613
6133	6232	2.81627506057619
6205	6210	2.81627054637315
6206	6229	2.81619681257803
6167	6206	2.81616072156826
6205	6222	2.81610804559477
8284	8287	2.81608854936215
6206	6210	2.81600241905439
6168	6232	2.81600076322968
4736	6217	2.81591667020781
567	6232	2.81588428399438
567	6129	2.81580857285385
4736	6133	2.81575174994626
6210	6232	2.81569928330024
6208	7178	2.81558962174844
6210	6235	2.81550314127922
6129	6232	2.81540119500514
6129	6164	2.81533368872048
5228	8621	2.81529690119145
6222	6235	2.81528722900525
6164	6205	2.81518079782308
6133	7178	2.81512089992106
6129	7178	2.81510697589164
7178	7316	2.81508342030246
6133	6205	2.81507695801601
10075	7316	2.81505198218538
4736	6206	2.81504520554797
8287	9086	2.81503966702803
4736	6210	2.81501836755954
6217	6235	2.81491303146316
1915	6229	2.81489951742576
6167	7178	2.81487685341251
6167	6217	2.81483668937503
6206	6217	2.81477319720162
6164	6208	2.81473337846675
6217	6232	2.8146931751868
6167	6208	2.81461917525277
6167	6171	2.81461635443691
4736	6164	2.81457329943463
6168	6210	2.81451008739421
1915	6164	2.81448775893838
6208	6210	2.81445770533506
7178	7431	2.81426754482139
6167	6229	2.81426298613211
6168	7431	2.81425156167571
567	6229	2.81410619256906
6208	6232	2.81407138515055
6205	6217	2.81406218019466
6187	6222	2.81392191719026
6205	6206	2.8138494894198
6229	6232	2.81373196567039
10075	567	2.81363328642266
6164	6206	2.81353031800934
6133	6206	2.81339373657583
6210	6228	2.8133235682046
10075	6208	2.81323920868035
10381	10383	2.8131687085114
6217	6222	2.81312794125217
57486	81856	2.81289985454625
6129	6229	2.81282442293997
6168	6222	2.81280041242742
55771	81856	2.81279921822202
6129	6133	2.81259780598927
8653	9086	2.81256590245911
6164	6229	2.81253098692451
1915	6208	2.81247632442352
6210	7178	2.81238584519138
6133	6147	2.81224223474561
6206	6232	2.81213003581079
6222	6228	2.81210324102576
6133	6228	2.81198392393171
6147	6168	2.81191902983592
165324	55142	2.81187923697663
4736	6232	2.81187665730913
6129	6206	2.81148992866758
567	6164	2.81147832988195
6217	7178	2.81144485941267
10075	6206	2.81143170566305
8284	9086	2.81142923714246
6279	6280	2.81140591786391
7544	8284	2.81127521456156
6129	6217	2.8111592904662
6169	6217	2.81114802147439
1645	1646	2.81108681243839
6206	6228	2.81106875491386
6206	6222	2.81091441139876
10075	3043	2.81090974271931
6129	6171	2.81051239028701
4983	85019	2.81037893903571
6206	7178	2.8103618654982
1264	4629	2.81021205840481
7544	8287	2.81017515235922
4736	6129	2.81013559631931
3043	7178	2.81001579867735
6171	6208	2.80990128259732
6169	6205	2.80985718465124
6133	6222	2.80985031462971
4736	6235	2.80975506336945
6170	6171	2.80948013815407
10075	6133	2.80917068920658
10075	6222	2.80870531807695
10075	6210	2.80856402040666
6164	6235	2.80847509082965
6168	7316	2.80836988193448
1915	6167	2.80824046552857
81856	90338	2.80795464426536
6205	6208	2.80766591709633
6222	7178	2.80750433197334
6133	6208	2.80740198655312
6129	6167	2.80738429072511
10075	6217	2.80719997042777
4736	6167	2.80673680358489
4736	6169	2.80664163436854
1629	55729	2.80657018980716
6164	6167	2.80637292427862
6205	6228	2.80595381544848
6133	6235	2.80590876193349
4736	6205	2.80587336386703
567	6208	2.80530616401678
6161	6222	2.80521258306028
567	6170	2.80520022183194
6167	6210	2.80509208061736
7544	8653	2.80474083991933
6168	6228	2.80403749754481
80097	90338	2.80398580540308
6187	7431	2.80392835589132
6222	6232	2.8037337322741
6217	6228	2.80311900993844
4736	6222	2.80303087150298
55729	90338	2.80291181677658
6192	9086	2.80267693110297
6169	6210	2.80261614918895
6169	6206	2.80241835007672
6167	7431	2.80236972192325
55567	85019	2.80143222693255
1277	1278	2.80142968545262
6147	6164	2.80102035034483
7840	90338	2.80099907955288
6232	7431	2.80093659949094
5143	90338	2.80086592662244
6229	7316	2.80053367270098
10075	6129	2.80044086503181
10099	64757	2.79996876005082
4983	55567	2.79990792490805
6170	6229	2.79953242644225
3858	93099	2.79929586082908
6129	6210	2.79879700862959
6147	6228	2.79874788093431
1825	2810	2.79870917550049
284071	55771	2.79826855473385
6234	6235	2.79825930187394
6228	6235	2.79788542241051
6133	6167	2.79732530432248
6167	6222	2.7968128307024
6187	6228	2.79672519648291
1329	1337	2.79668263593121
6205	6232	2.79661284183899
4666	6138	2.79642841048397
6206	7431	2.79581559497356
6133	6169	2.79573104630919
6187	6210	2.79540101839257
3295	51248	2.79532981723196
6222	6229	2.79517475566087
6208	6222	2.79456261014363
2512	302	2.79454680856208
57486	80097	2.79395709060303
6129	6205	2.79394351087638
6168	6217	2.79374700849404
6160	6228	2.79350754218483
3689	3936	2.79300487159975
302	3956	2.79261784563881
6164	6171	2.79245040759559
6205	7178	2.79244172438811
55729	55771	2.79243280394781
1832	4070	2.79214873423963
6229	7431	2.79197817669052
6161	6187	2.79184247782264
6164	7316	2.79176942024852
145483	55771	2.79170617146218
6222	7431	2.79143931150847
6160	6161	2.79139731635536
1915	6170	2.79096897724919
51100	5824	2.79094446005487
165324	90338	2.79052747707701
4736	7178	2.79035107151071
4736	6208	2.78984123919719
64960	8802	2.78976429149442
3043	6232	2.78921274239513
4736	6229	2.78870803389654
6164	6234	2.78860830053333
6192	7544	2.78818912189384
2109	5824	2.78801959458034
165324	55729	2.78797315130913
6161	6228	2.78795578043077
6210	6229	2.78789869117545
165324	57486	2.78789251282747
6217	6229	2.78788132811607
10075	6187	2.78784892173164
6167	6228	2.78760595883069
1629	90338	2.7875560461041
6171	6206	2.78750983191849
6168	6187	2.78748696691481
145483	90338	2.78724560805275
1915	3043	2.78636565985752
1629	165324	2.78559925878406
6187	6235	2.78542832986599
6147	6210	2.78518135317333
11222	4729	2.78515451609996
3043	6168	2.78509483190024
6191	6229	2.7850247468564
6161	6205	2.78498106242571
5228	79939	2.78475011210524
6187	6206	2.78456102987427
6164	6228	2.78431047734512
1915	6168	2.78388088851899
11326	9332	2.78374686256189
23264	55771	2.78326256744445
1832	2810	2.78297689047365
6167	6168	2.78244079067075
6232	7316	2.78216813950727
6210	7431	2.78200929374209
6168	6205	2.7820030434618
6168	6235	2.78195174921098
29058	5824	2.7818694001645
6167	6235	2.78111555987111
6147	6222	2.78105034046648
6222	6234	2.78099565881621
1915	6133	2.78095973980581
170960	8621	2.77977178870393
4666	6235	2.77943486347692
3848	388533	2.77941964283098
2819	5502	2.77901103045299
567	6167	2.77882233804752
5236	5824	2.7787632933393
6147	6205	2.77874803530665
6187	6205	2.77791881615274
10134	2821	2.77776375331465
6168	6206	2.77736455887877
6176	6229	2.77718786204378
6129	6170	2.77702831628727
6164	7431	2.77697136538203
1329	1351	2.77587105269075
145483	57486	2.77571285368294
6164	6187	2.77520845224768
4666	6156	2.77513029031381
6232	6235	2.7748307792224
2690	4128	2.77472577864725
1915	6206	2.77442365576499
6176	6222	2.77408006356094
302	7316	2.77379130751955
80228	8621	2.77318331016584
51100	64960	2.77285462963749
6167	6205	2.77262248427393
10313	1050	2.77251535634139
1329	4694	2.77209937074932
6176	6187	2.77202027875262
6167	6170	2.77200955533461
4694	4717	2.77138586445433
2512	7316	2.7712976975049
1629	57486	2.77128203441666
6187	6229	2.77088039573491
6167	6187	2.77083557648798
6228	7431	2.77079068814404
10075	6205	2.76961351714154
1340	509	2.76902165057976
1629	55771	2.76860928889323
23264	57486	2.76852885477777
5143	8621	2.76846853774535
4736	6228	2.76839887244634
6169	6228	2.76815583918259
4360	51338	2.76732720328109
284071	81856	2.76683665900697
55771	8621	2.76616244389833
6205	6235	2.76500102853833
6208	7316	2.76499203520157
11326	929	2.76489635230926
567	6133	2.76480455417702
10075	4736	2.76417920304978
1825	8796	2.76395750738946
7404	8653	2.76353238679649
100129792	5143	2.76287592305816
79939	9253	2.76278819266069
6168	6229	2.76265030080053
1629	81856	2.76258867927208
6171	7431	2.7612718150112
6222	7316	2.76101890667776
6169	6208	2.76024968775172
55729	57486	2.7595531755246
1915	7316	2.75935475518155
1915	6217	2.75932774299632
5143	55771	2.75896311698099
6205	6234	2.75812428390258
6205	6229	2.75788083570965
29969	5733	2.75752877952334
6169	6222	2.75740884661422
6208	7431	2.75692229711899
6187	7316	2.75646643393983
6170	7178	2.75619280357881
100129792	57486	2.75619014349616
1915	7114	2.75614313826841
6133	7431	2.75597134151111
5196	5473	2.7556319982008
11326	64231	2.75503399009928
27076	2810	2.75501398801924
6217	7431	2.7541983902414
6187	6217	2.75391845697073
4736	6234	2.7532610224357
6147	6217	2.75237404740816
6133	6234	2.75223185942453
6164	6176	2.7519504631816
6171	6191	2.75165737138053
6167	6169	2.75099913100527
165324	285231	2.75095973607219
1915	6210	2.75071718376365
6210	7316	2.75014835129422
23264	90338	2.75012203207616
10075	6170	2.74980056340253
6217	6234	2.74943658381636
567	6206	2.74895610090568
170960	84267	2.74836722395198
6206	6235	2.74791938417861
445	6272	2.74761916618862
3043	567	2.74725106201825
145483	81856	2.74697283338133
6133	6229	2.74631801615853
6187	7178	2.74569487901247
6171	7316	2.74556358543225
7544	9086	2.74518597004474
6176	6206	2.74490593755339
6167	6176	2.74457231604024
6170	6208	2.74439955637526
6168	6208	2.74421864045109
10075	6228	2.74392239088577
567	6191	2.74379856338233
6235	7178	2.74271339052186
4666	6143	2.7426740296721
6206	7316	2.74245944151394
3689	7805	2.74239835830654
4629	72	2.74200727565735
165324	84334	2.74146555184791
6228	6232	2.74109922914499
5824	84263	2.73936750302041
1337	55967	2.73916637627705
6205	7431	2.73891150708686
2184	7086	2.73805857818398
6169	6235	2.73415919055068
712	714	2.73403677038404
145483	8621	2.73369715072263
5502	63924	2.7330138688142
55142	57486	2.73290130712956
170960	79939	2.73248209648861
2215	6279	2.73238200725227
79939	84267	2.73205406547838
5143	57486	2.73186876106996
4736	6168	2.73137263902929
1915	4736	2.7307414785332
165324	55771	2.7292573753642
100129792	79939	2.72872555997352
7404	7544	2.72815565193816
100129792	5228	2.7264554549012
2819	5824	2.72631639180406
10075	6235	2.72582839338945
100129792	55771	2.72440910697533
285231	55142	2.7244068898962
145483	5143	2.72408890297569
6210	6234	2.72405754298507
6133	6187	2.72387684523781
79939	81856	2.72378252985241
2109	5441	2.72354767363659
1329	4695	2.72300663874413
55771	7840	2.72274239357392
1738	4711	2.72172741412397
64757	8908	2.72068682825891
11261	223	2.71973804720704
165324	81856	2.71860032914056
1337	4729	2.71829290873364
2879	5502	2.71804543113629
6171	6217	2.71761641100192
55771	80097	2.71750749368478
6164	6169	2.71699294784912
1329	254863	2.71586794380654
10383	84617	2.71411029187918
2739	509	2.71383840177715
6170	6232	2.71352468007534
6147	6232	2.71207678056949
2821	50	2.71058245836204
388533	4014	2.7083376192816
23264	81856	2.70808155009658
3043	6164	2.70760328183743
4736	6187	2.70737526408246
2821	5824	2.70722500882254
6187	6234	2.70702426530953
4907	9201	2.70678274169914
4736	6171	2.70616736253942
100129792	1629	2.70612530437507
6228	7178	2.70590964716005
29058	51100	2.70573127075358
6176	6228	2.70488638396076
1915	7431	2.70478459490437
3848	3858	2.70315397841141
64231	9332	2.70142327762314
7265	8615	2.70109861678093
3043	6171	2.70046879298883
567	6168	2.69947593033861
6176	6217	2.69826990774068
7404	8287	2.69772814098701
57486	7840	2.6972094298504
4666	6146	2.69581867342372
6279	6283	2.69321083837113
84233	8802	2.69238174404412
2821	7386	2.69219442547938
6168	6171	2.69217391823185
6171	7114	2.69216564743241
1351	7384	2.69213426892498
85019	89122	2.69044366497552
3848	4014	2.69033671528455
6147	6235	2.68915548373105
6167	7316	2.68864082713816
567	6217	2.68848911032573
170960	80228	2.68633876501015
29969	5824	2.68626477655985
6133	9349	2.68603693383855
79939	8621	2.68480358626633
10075	6176	2.68407853639093
3848	3849	2.68395158777626
1340	9453	2.68237253991067
22808	7532	2.68166810981173
2109	7332	2.68052329468724
6143	6146	2.67963007058422
6147	7178	2.67917107686358
284071	90338	2.67821513996098
368	5860	2.67748917433441
2819	2879	2.67637045796937
518	5824	2.67534701307738
100129792	8621	2.67526154903763
2819	63924	2.67396882652749
388698	4014	2.6737369276302
5205	90338	2.67231946820456
6128	6152	2.67201099108987
10776	5537	2.67146687498042
3858	8710	2.67113363229581
567	7114	2.67028451903177
100129792	81856	2.66936240700241
64231	929	2.66933997261753
4736	6176	2.66895920626785
1674	72	2.66850766283044
6176	7178	2.66817155793834
4736	567	2.66810916710651
145483	5228	2.6673191626959
6156	6159	2.66710057757629
55729	81856	2.66627398530196
55729	7840	2.66603518989412
217	847	2.66581536983255
6129	6222	2.66579140165085
80097	81856	2.66530988664471
100129792	90338	2.66528706545719
3043	7431	2.66410933411163
100129792	145483	2.66376368446012
6187	6232	2.663709398918
2213	64231	2.66356535641374
79966	85019	2.66279783673809
79939	80228	2.66253339626638
1629	79939	2.66231926381389
5143	7840	2.66129857247591
11145	847	2.66091858930345
5196	81027	2.66083075479513
6133	7316	2.65952698998041
4666	6228	2.65881374516036
1825	27076	2.65864834341193
6133	6176	2.65840929280328
6170	6176	2.65753887836713
10580	57104	2.65543053652738
285231	81856	2.65511385939392
145483	1629	2.65478675920342
22839	79966	2.65473880029693
6217	7316	2.65466477699501
567	6210	2.65438722827899
8621	90338	2.65278253274432
6171	6210	2.65224220726514
567	7316	2.65170097563577
2109	5236	2.65134620583511
6146	6156	2.65107562018215
134147	6439	2.65062353302126
2819	5236	2.65044173943152
6129	6168	2.65022212781653
6129	6169	2.64994567216066
55771	79939	2.64825632828617
4332	6279	2.64767817684755
51714	7347	2.64737034653498
4666	6210	2.64715075970061
204	4729	2.64495493533183
55186	7175	2.64474718592269
10249	22808	2.64421773146885
1329	55967	2.64346697949532
10099	7386	2.64160013172995
134147	56	2.64158509045524
57486	79939	2.64079074136798
3043	6133	2.64069139286962
302	7431	2.63872005379904
284071	57486	2.63836093730886
55142	84334	2.63818051212968
6176	6210	2.63763352892527
6161	6210	2.63714137669907
6136	6143	2.63671300253311
1738	7386	2.63665324251596
6208	6235	2.63598720411022
10381	84617	2.63588583619589
6176	6232	2.63328917880711
26032	8470	2.63284769663286
10134	2109	2.6325788855639
4729	64976	2.6300907622401
10313	223	2.63001663052139
10561	10964	2.62828713850907
11222	509	2.62744705151453
4869	6122	2.62744128864161
6208	6228	2.62726583654503
5228	80228	2.62645846228757
7532	84293	2.62639881563623
10284	1653	2.62585146681287
6176	6205	2.62497937142673
2109	51100	2.62488586313666
7404	8284	2.62445276597003
5228	84267	2.62363887935976
4736	6147	2.62309733861137
6176	6208	2.62153691005023
6191	7178	2.61990136475691
55142	81856	2.6193759689418
134147	55142	2.61920080784389
11343	7532	2.61861538462453
6161	6168	2.61753669797306
217	63924	2.6162901083987
6176	6234	2.61392551957145
506	5160	2.61349408759013
5824	8802	2.610538526348
170960	5228	2.61041172984019
1915	6191	2.60959453635777
2109	2819	2.60860911289512
6136	6235	2.60854592934343
4666	6222	2.60836633344954
1629	7840	2.60720149574622
509	9453	2.6058580926095
10099	5950	2.60547805391023
6129	6176	2.60288295048561
5205	55771	2.60261032866808
10249	29969	2.60241904228693
3679	4162	2.60237383374761
10476	509	2.60184422149827
6229	6235	2.60040164179652
84267	8621	2.59953557636209
6168	6176	2.5993434723842
6133	6171	2.59903317741734
6187	6208	2.5981919800396
5143	5205	2.59514407229254
3849	388533	2.5943277881596
3858	388533	2.59312006318634
11145	117245	2.59302124049739
3419	63933	2.59205181611535
4729	84233	2.59134618217483
6170	6206	2.59108873323744
223	84681	2.59080690423566
2215	4332	2.59046583302336
2821	7086	2.58987262278703
6155	6230	2.58735747887742
5228	55771	2.58706120989172
6136	6169	2.58567630926933
3849	4014	2.58564211845133
10075	6147	2.58365513684614
11145	63924	2.58206022768665
10935	1738	2.58180375487352
4694	4729	2.58005462109525
284071	79939	2.57765964731864
6143	6235	2.57700382330556
55142	90338	2.57645262861515
10552	4717	2.57578224657213
1629	23264	2.57557379525924
1329	4717	2.57494535755345
2109	2821	2.57348739416196
1337	6647	2.57288630252781
6138	6159	2.57286765264694
11261	506	2.57255265137088
2821	29058	2.57240661190684
2184	7532	2.57112259818849
10476	9453	2.57104568727997
5226	5824	2.5689856138805
51100	8802	2.56882983294235
134147	165324	2.56490486074469
285231	90338	2.56397502763802
4666	6133	2.56368617780655
1329	4715	2.5618879598351
55142	85019	2.56093650179441
518	7386	2.56042199001406
10476	1340	2.55853510012291
1050	11261	2.5551571849519
6210	9349	2.55235545940155
10476	64960	2.55168420401997
223	7532	2.54829403838133
51100	5236	2.54788953587464
1327	1329	2.54698430809312
285550	509	2.54644708236539
6176	6235	2.54622746135911
285231	55771	2.54603056078509
644	9453	2.54585889964708
4736	6136	2.54503448816726
2109	8802	2.5402842053992
1825	3861	2.53863968904478
51629	573	2.53653146161887
4711	7385	2.53521072407766
2271	64960	2.5350213319034
285550	4729	2.53339901902385
223	7386	2.53336609572343
5143	81856	2.53252741807435
100129792	80228	2.53178152178159
4666	6201	2.53094227146653
4128	5140	2.52990993264931
51094	51629	2.52511590157522
8796	93099	2.52503233022815
1823	388533	2.52489014414458
30000	54921	2.52477556726789
55114	6709	2.52471837417272
1823	1828	2.52206540818118
7086	7532	2.52057999210362
2512	7431	2.52051169344283
6169	6234	2.51928312124959
4729	64960	2.51664050665311
1329	4729	2.515255570138
6146	6175	2.51480893597153
130399	80704	2.51403252220429
2533	5788	2.51340856227493
6129	7316	2.51285395320957
4733	9453	2.51193104658921
6136	6161	2.51112865339403
51100	518	2.51080568261849
100287932	7386	2.51060435266504
81856	8621	2.51038636314763
8710	93099	2.50822779753273
150684	51248	2.50697715077693
6129	6191	2.50671071789858
6206	6234	2.50658539503986
6136	6217	2.50649321719404
3043	6167	2.50631160569297
6169	6232	2.50566552547038
284071	8621	2.50359142508069
10476	11222	2.50235088798751
5441	8802	2.50185226790402
6156	6160	2.50141756307006
55142	79966	2.49921850947034
145483	79939	2.49895453251565
27258	529	2.49820650990255
4717	7251	2.49813871734421
567	6176	2.49551760424794
84267	9253	2.49353397886181
3043	6208	2.49296937713961
4733	9868	2.49064270486578
729359	7532	2.48913866963616
6235	7431	2.48890750647401
134147	85019	2.48835540153362
1337	9868	2.48591779241756
8894	9861	2.48521367624359
1050	223	2.48482268971596
4983	89122	2.48211692226255
1337	51248	2.48173334505064
11326	7305	2.48138542908976
10075	6191	2.48115004250311
10099	1050	2.47992161668655
6161	6206	2.47963146154689
6171	6222	2.47880913260617
25923	7905	2.47568729510518
5693	7386	2.47524321045984
1041	27076	2.47520225935507
1513	1803	2.47511448267498
6170	6191	2.47460860328175
4332	6402	2.47392176514194
1327	254863	2.47273314390657
6136	6228	2.47244545477215
10490	29969	2.46993552636258
2821	8802	2.46971745063206
6205	7316	2.46928967576746
6201	6234	2.46586153166236
10099	29058	2.46495883448268
11315	84833	2.46366890701055
224	84263	2.46365872310909
134147	84334	2.46242110291597
284071	55729	2.46077173668935
51248	85437	2.46028315758368
6229	6234	2.46020117689331
134147	57486	2.46003744007757
714	929	2.45963637725392
6129	7431	2.45893598100063
4666	6217	2.45777473964056
2879	84418	2.45642308886307
165324	22839	2.45443641678347
29969	84883	2.45239037402356
509	8894	2.44836370192241
10099	10313	2.44719390497976
64960	8724	2.44388362573266
4666	9045	2.44380343505704
7840	81856	2.44364847491172
529	9861	2.43760430842494
1825	1828	2.43525201399101
284071	5205	2.43477499062305
6136	6210	2.4344575662629
10490	5781	2.43411314674177
79966	89122	2.43161363820738
1832	3861	2.43061399924122
56893	79939	2.42903809172366
6155	6170	2.42851526141838
388533	93099	2.42761789474489
11145	217	2.42670093947902
1351	4694	2.42615069655652
6168	6234	2.42565688558529
10134	2819	2.42439410440705
1465	387763	2.42038164874781
1915	6222	2.41893555750802
6160	6169	2.41832631538629
1041	2810	2.41823453760541
55122	7325	2.41785245084103
6234	7178	2.41670754565959
6161	7431	2.41658158382316
2879	63924	2.41551371440931
3419	5824	2.41459637269784
27076	4070	2.40883000836202
10555	22808	2.4075750855881
6146	6160	2.40574244857448
10552	4694	2.40444323232418
3043	6210	2.40439851577945
22808	23037	2.40402045026652
3858	8796	2.40238432019056
165324	23264	2.40130464519192
1825	93099	2.39916676125031
10555	8566	2.39747814040996
1337	150678	2.39600306556251
6191	6208	2.39544190443714
7265	85437	2.39424953925387
223	5860	2.39171151048187
794	79947	2.39054525361595
3682	54928	2.3901992556308
6161	6176	2.38818362278452
6129	6155	2.38725183184775
445	5502	2.38716179065186
1629	5143	2.38679411926389
8894	9453	2.38429429466148
23491	85019	2.38419020704515
6228	6229	2.3838227341309
6152	6194	2.38325168858448
1327	1337	2.38266864612302
4666	6159	2.38215596405092
567	6205	2.37945981423545
284071	84267	2.37792125777785
58494	641700	2.37707965178907
6147	6161	2.3766520946315
1278	1281	2.37613634162756
6888	7386	2.37565504406991
2821	5236	2.3739024413018
5160	7386	2.37325536177115
567	7431	2.37313778238281
6136	6222	2.37212274687778
57486	84334	2.37206554731908
7386	8802	2.37197782981404
4717	5693	2.37144890941163
6161	6235	2.3709961440433
6176	7431	2.36829264802395
4257	5346	2.36632838545109
2690	9588	2.36518326930978
23264	5143	2.36426050367645
134147	1915	2.3630885550622
11331	4841	2.36294792060326
51100	7332	2.36256168143499
5140	63924	2.36139400210894
285231	80097	2.36025019293585
1327	1340	2.35831237672555
509	85437	2.35481464077564
2810	93099	2.3542074117373
4666	6147	2.35416058306107
29058	518	2.35317580491226
4729	55967	2.35156918079811
5733	7360	2.35052889229079
5725	8662	2.3493491433629
150678	5441	2.34919665598506
117159	118430	2.34892495066828
6170	6217	2.34836299728762
6136	6160	2.34809650739322
5160	5860	2.3469704682637
1337	285550	2.34694332399876
3945	4023	2.34670412356419
145483	23264	2.34646073727114
4715	7384	2.3463366538012
3799	7347	2.34533587118555
51575	9360	2.34406386520959
1351	506	2.34404135301124
2810	5268	2.34352564434633
2690	5577	2.341711912243
6143	6156	2.33996567279582
4128	5577	2.33959030757137
6439	9622	2.33880122175327
165324	80097	2.33854663785716
1340	8894	2.33669010822698
6647	84418	2.33662227187829
6161	6164	2.33598063249676
5228	81856	2.33529367113538
6164	9349	2.33476514617401
11222	9276	2.33329998580547
5143	5228	2.33281178083531
5502	9588	2.32428397321743
2215	6283	2.32420159336338
6160	6222	2.32248684808538
10249	23531	2.32105464369276
5352	84883	2.32090330224321
1825	1832	2.31970818028191
10410	10581	2.31965397310684
3848	93099	2.31926558838363
10099	5860	2.31919260428775
4666	6234	2.31683919492511
4736	7431	2.31662730104382
388533	388698	2.31548170717686
6129	6235	2.31376058409026
11222	55207	2.31095121536144
5502	5824	2.31004958647684
23593	2690	2.30978325421695
55729	79939	2.30947612116312
339983	5236	2.30840625115536
6171	6176	2.30638467716354
145483	55729	2.30262170483461
506	7384	2.29992504762578
929	9332	2.29822423536565
3043	6206	2.29748822171837
6169	6229	2.29736472597379
55142	80097	2.29572220618446
2312	388533	2.29339710787684
2819	84883	2.29100692266341
10079	6272	2.2890888801059
3836	7347	2.28848564219105
56987	9360	2.28770540868307
6147	6187	2.28486358944738
1329	1349	2.28402042027085
28972	4717	2.28343165934966
2280	5216	2.28174872123972
1337	1340	2.27962531660736
6228	7316	2.27786310026045
2810	4070	2.27687594995466
1825	23650	2.27653344898781
1050	48	2.27642420788875
10313	11261	2.27624549260267
64757	7386	2.27610225410016
10313	5160	2.27499135555485
1915	6205	2.27461108610148
6235	7316	2.27454240682899
6147	6206	2.27305873130248
23650	2810	2.27197336865733
374897	93099	2.2717236917195
2184	5950	2.2697606701995
51699	5537	2.26900952779169
4332	6280	2.26599760594502
6156	9045	2.26322250813652
10490	5824	2.26283689191506
165324	79966	2.26230278007694
1050	5950	2.26205403133989
1050	2821	2.26198449374132
2819	29969	2.26084489607585
100287932	2107	2.26070351735428
2821	64757	2.25926543913332
5228	9253	2.25871392955083
6160	6205	2.25833140124256
117159	4250	2.25831876663092
25851	55114	2.25673521669271
8209	8802	2.25548661171918
6235	9349	2.25418157386492
145483	6581	2.25416664922876
126328	1351	2.25300590521236
4129	84883	2.25113487779477
29058	7386	2.25010324018109
100129792	7840	2.24927027418659
3045	6622	2.24889122873033
25890	54756	2.24729071732385
23264	79939	2.2419437291143
10273	3679	2.24137991998922
4715	5691	2.2405391897684
6146	6159	2.23522109553461
6175	6209	2.23496260802279
5205	8621	2.23380290744065
6169	7178	2.23352719469251
11145	5502	2.22981798539075
1277	1281	2.22945966666187
6581	90338	2.22912052756214
55742	6237	2.22668243089137
2819	518	2.22513463208928
201562	84649	2.22480733440474
56	79966	2.22474441641357
55142	9907	2.22102861348736
6133	6161	2.2205934894436
80704	94103	2.2200697275708
1264	1465	2.21994873985664
57104	7532	2.21853444405864
3437	91543	2.21852103407544
5537	5718	2.21839526791605
4522	5824	2.21747813679942
6143	6169	2.21663719095949
29969	518	2.21585337887406
51650	84233	2.21288076645482
51327	6622	2.21169597631844
10106	79137	2.21133387970191
134147	23264	2.21085436339033
63924	84293	2.21046924166594
1436	712	2.209722410112
10249	5733	2.20758576264216
285231	57486	2.20672241615214
29969	51100	2.2066982034255
4201	85437	2.20662376837329
23264	80097	2.20538363730223
509	8724	2.20387455503351
5143	80228	2.20285475875882
25994	518	2.20283302996089
3799	5862	2.20263120898045
4717	55967	2.2021043680753
1340	2739	2.20205692215383
1337	4715	2.20175497965823
3848	388698	2.20039495517514
48	5352	2.19944466949927
3858	4014	2.19873773151152
27089	7386	2.19847988499758
165324	7840	2.19832755601754
5824	7263	2.19753792521888
100287932	5230	2.19574768111685
212	6521	2.19527605414895
51312	51629	2.19459076897257
4128	55831	2.19387084761304
84334	90338	2.1909421006322
6136	6187	2.18657424235137
11261	9377	2.18655415438752
6164	6170	2.18485754785232
223	5950	2.18445015815767
1329	7384	2.18279955318771
284071	9253	2.18020475435294
6129	6228	2.17967706413164
506	7386	2.17893946849988
3043	7316	2.17671549590185
375033	4854	2.17521100824304
285550	64960	2.17498250837689
2107	5441	2.17298864049377
1465	4629	2.17284558966618
6161	6234	2.16877476807286
145483	5205	2.16799488128002
6169	6187	2.16779395531618
10273	23344	2.1677112181333
1915	6176	2.16667717515067
5824	7332	2.16498221356098
6217	9349	2.1634609274254
54492	90952	2.16159754438848
6228	6234	2.16004456728423
79139	8050	2.15957175479873
11343	2184	2.15840253263448
10273	30846	2.1582770764935
567	6222	2.15699520468165
284071	5228	2.15211917632984
10476	8894	2.15162216772814
6155	6208	2.15158819150292
1329	54539	2.15144485579873
54958	65990	2.15136609163519
3043	6147	2.15022547475637
134147	3043	2.14919497762313
48	84681	2.14802688025997
1825	3858	2.14634773241966
29058	7263	2.14513475303931
8621	9253	2.14492498105742
11222	285550	2.14451039592289
6129	6234	2.14110720799704
10262	10291	2.14106183562188
10213	2107	2.14010361151666
6143	6227	2.1363772225387
3043	6129	2.1360046974315
2271	51100	2.13582668842912
29058	3682	2.13555528488359
10134	29058	2.13443674252733
6161	6217	2.13229394603567
445	84418	2.13198746506633
3043	6229	2.13074569728177
11326	2350	2.12959221246861
1368	2690	2.12916256412832
1828	388533	2.12733516211124
4958	9358	2.12712885290618
6143	6228	2.12407117347179
6161	6169	2.12402538532811
10555	7263	2.12317460448137
6142	6158	2.12024319108075
1892	223	2.11961850783977
55142	55771	2.11910335843228
6799	6817	2.11902496098804
10313	506	2.11902149041786
6176	7316	2.11883389794732
134147	567	2.11857526363159
1629	80097	2.11833077541113
3043	6217	2.11632892375538
5205	55729	2.11581256143167
1892	5236	2.11567134559395
64407	81027	2.11487894819849
2821	6888	2.11163894629528
79939	90338	2.11156252304433
22808	8566	2.11118693791898
10099	223	2.11091706930443
29969	7360	2.11068062440029
55729	8621	2.10842909612274
6138	6146	2.10523057109279
7086	7263	2.10474890081443
6192	7404	2.10456483094768
25977	64426	2.10441262664515
1351	4715	2.10344973940654
64960	9453	2.10109667860277
3043	6222	2.09902385621879
25793	51629	2.09888403478116
2109	80308	2.0975804296595
5205	81856	2.09668703798433
1738	5824	2.095367724794
48	5792	2.09447946767645
10555	2819	2.09239102284653
56	85019	2.09209943393881
22808	7086	2.09190658148302
27069	8724	2.09048453113221
64757	84152	2.08913121453449
4729	509	2.08824937620312
6159	6175	2.08716106829045
6156	6161	2.08560398833646
10476	285550	2.08425386708056
50	6836	2.08331359044671
2109	5502	2.08331026899384
1629	55142	2.0819600513054
302	6168	2.08079044455967
1351	4695	2.07812479802154
2124	963	2.07560032202632
6136	6206	2.07428930047025
10449	5824	2.07149104257377
3295	8724	2.07073829957934
23593	55831	2.06973673017655
6147	7431	2.06546073042191
2631	506	2.06218545977431
27076	93099	2.06157192622146
4736	6143	2.06088484619732
54884	794	2.06059009948304
6136	6205	2.05763838487499
22808	23531	2.05714688907911
6171	6187	2.05548770239063
509	64960	2.05526378343309
1825	999	2.05237845070062
1287	1288	2.05168915555039
1629	5205	2.05158503678856
122970	57104	2.05139672265734
2879	5824	2.05130443963095
23593	4128	2.05081986238153
4717	6282	2.04894212756762
7840	80097	2.04764526210535
1513	4958	2.04634541301481
48	5824	2.04573486057747
1825	4070	2.04479006425594
6164	6191	2.04369627349038
10959	56993	2.0420624021097
100287932	5693	2.04065827478634
51100	7263	2.03893095686286
51338	64231	2.03887272041733
4666	4736	2.03756618270512
2192	5740	2.03672007208851
339983	400258	2.03609991528207
2215	3579	2.0341142491286
6147	6234	2.03344424769438
23264	55142	2.03327525111591
11343	2821	2.03198996511512
1525	5268	2.03189481142615
7386	9377	2.02807082368169
4715	5441	2.02784194743191
23531	7532	2.02760176871199
5143	55729	2.02588306835601
1892	7532	2.02564206865318
64960	9868	2.02546446647305
10313	2876	2.02395197750789
6194	6206	2.02106621242336
100129792	23264	2.01633076996689
10075	6234	2.01451008270154
57486	8621	2.01440648259726
6143	6210	2.01428391410467
10449	29058	2.0141937516905
6232	6234	2.01411154409015
5502	84293	2.01217835952546
22931	51247	2.0111023083958
7840	8621	2.01083574667511
11343	7086	2.00909878164699
5860	84649	2.00840283369443
51074	84263	2.00743656990489
1337	5441	2.00598807972132
134147	1629	2.00589184352877
10075	6169	2.00319939373389
2819	7532	2.00217308733608
6168	9349	2.00162125055812
204	64960	2.00048312747
391356	4717	1.99848928492986
10449	51100	1.99649419022998
9453	9868	1.99629030225202
4014	93099	1.99603891038308
64757	7263	1.99568323583011
2810	3858	1.99340234818067
7347	8894	1.99173699815988
10283	7175	1.99173428489964
5236	8802	1.99046414103775
1351	7386	1.99021982162753
48	794	1.98849732179172
10099	3682	1.98796250120361
150684	529	1.9873549073624
6129	7114	1.98725283908886
374897	3858	1.98513578103796
10490	5733	1.9828659239699
55831	56888	1.98272636690018
10213	5230	1.97888970117626
6709	8175	1.97753726505189
4736	7316	1.9770361414576
54928	56246	1.97685847981018
6155	6229	1.97675313412738
2819	729359	1.9762424972758
51386	6138	1.97537583846785
23608	25793	1.97497918317187
1050	64757	1.97474230763848
2207	7305	1.97148828072337
1050	7386	1.96935342615872
4715	7167	1.9692830533975
518	5236	1.96573950114936
6272	8303	1.96561102530472
57104	729359	1.96504021109682
57730	7175	1.96116451730265
4332	5997	1.96074209574624
4666	6164	1.96069687944512
2926	8724	1.95993518218293
6147	6167	1.95927578080748
10099	2821	1.95867660578769
4983	9907	1.95780758538513
64231	719	1.95638889138283
10134	54998	1.95627131734538
55771	84334	1.95620943990709
59274	79137	1.95285654275881
51371	5701	1.95083677843514
6171	6205	1.95002335557095
27069	4709	1.94985289876253
10313	2184	1.94968705259245
4666	6169	1.94924414778271
6647	7251	1.9486263941719
1666	8802	1.9476745719909
1337	84233	1.94613710536409
6129	6187	1.94600653923813
7332	7347	1.94515884185811
5824	84883	1.94291052337479
51371	529	1.94065932326478
51650	9868	1.94046572586364
2819	339983	1.93902473114195
2312	3849	1.93809085883937
51312	6622	1.93767673137051
1050	5160	1.93686727522269
10099	5824	1.93603718077238
5223	5230	1.93406346641505
11222	4694	1.9322084866738
27089	5019	1.93045258703815
10134	29969	1.92933552666249
2876	51	1.92793662671138
118932	8626	1.92769306547604
11261	4191	1.92742512082993
285550	64976	1.92698100532469
6133	6170	1.92230639713627
3916	537	1.92213786587556
7263	8802	1.92104238230703
10894	241	1.9198807900124
10313	7386	1.91984574993292
10964	54739	1.91863961929035
4729	8802	1.91723490500315
4201	55207	1.91628113030115
2819	51100	1.9158879030538
1337	4717	1.91489162454997
64960	84233	1.91428027237204
4854	54492	1.913564461215
4666	6205	1.90953467090346
10099	7086	1.90933509752278
1351	4717	1.90732400461829
10313	2821	1.90467254807949
2109	3337	1.90265241603643
10555	5236	1.9021072003551
2739	85437	1.90136199002818
284071	80097	1.89958884006097
6160	6210	1.8972061569564
100129792	55729	1.89695344799603
54987	85437	1.89620242291064
10099	2184	1.8960459637494
2359	64231	1.89580898898481
2109	54998	1.89558188068252
6161	7316	1.89356120184259
719	9332	1.89217581066953
5268	54845	1.89209888268945
5525	55831	1.89113960812015
1892	84293	1.89088390549987
713	714	1.88685657369691
10134	5824	1.88644166603917
10213	7347	1.88571586635868
1340	64960	1.8835222849958
11331	5094	1.88114854176717
4257	7360	1.88046108481115
4736	6170	1.87900093250026
22839	57486	1.87827922907177
134147	22839	1.87488446219831
1329	51020	1.87425217392312
170960	9253	1.8735682100595
4694	5693	1.87132776247008
4666	6161	1.87100932555071
10099	518	1.87069729422824
5860	7386	1.87028098578101
10580	5577	1.86815035590871
10313	7532	1.86801859884163
1738	29058	1.86606580305506
64759	79947	1.86571900079945
1738	8802	1.86135831014457
10313	7086	1.86002634590161
5441	5693	1.85819265148106
145483	9253	1.85722886818182
328	51248	1.85658015522723
51650	8802	1.8562309932345
29058	7086	1.85487543581813
3679	5792	1.8535022161395
23608	51094	1.852709146617
4666	6160	1.85244224665846
2271	8802	1.85237388544791
5226	83636	1.85102206674208
1832	27076	1.84945555844008
7178	9349	1.84380811607368
1337	64976	1.84255656360419
6168	6169	1.84214155681601
2109	29058	1.84137395989675
5143	80097	1.84033728226969
5693	8209	1.83897103352118
10552	10574	1.83852740848435
1825	3852	1.8375396963692
11222	9453	1.83664907304967
285550	51248	1.83629557944348
3883	83896	1.83620876248398
8802	9868	1.83569328498247
10490	7360	1.83269595359166
10075	302	1.83143430389501
5441	7332	1.83108316378058
509	51248	1.83074518817582
145483	7840	1.83044876648097
400916	4716	1.83002812353092
6208	6234	1.82734281607182
29058	5236	1.82512585979179
5997	6402	1.82357704691312
3688	9459	1.82131983259169
6232	9349	1.82003783061969
145483	80097	1.81994126269699
10134	729359	1.81850332073291
23412	529	1.81691181269572
3682	5860	1.81433022466265
5860	8566	1.81422919572101
59274	84687	1.81405023305475
11145	23593	1.8126772787854
2821	54998	1.81130696521607
51100	8894	1.81099803855958
223	9377	1.8099871590126
1738	84263	1.80943246705628
23264	55729	1.80856691239333
1825	5268	1.80855229213812
6169	6176	1.80829743162023
55142	56	1.80737808896504
217	7360	1.80663935802116
1645	3956	1.80648304770706
3995	57419	1.80635386304113
4360	64231	1.80593929623966
1349	192286	1.80505250704036
10294	5824	1.79842426565066
4854	90952	1.79771171123032
5268	8796	1.79743162752427
51100	7386	1.79733931646461
5473	81027	1.79689307985838
6160	6217	1.79675659723896
1340	8724	1.79525265148875
10555	157	1.79456664962469
6138	6156	1.79320183998474
54205	79154	1.7916928278864
223	54998	1.79152254879655
134147	6232	1.79091248234818
114823	9284	1.79028534461404
55142	55729	1.78941847184563
5733	5824	1.78844739394307
6146	6161	1.78722253422155
4522	5236	1.78640173584213
11222	64960	1.78527836296659
2109	55856	1.78298663750481
154807	7532	1.78262785973348
1629	8621	1.78029325564277
165324	5143	1.77940014001444
6160	6206	1.77831937478968
60481	858	1.77820209875976
2857	58533	1.77692700854055
6167	6194	1.77090070897843
23190	9360	1.76947087909851
130399	3033	1.76903859773266
55729	80228	1.76902853104264
5817	6439	1.76799086621619
10776	6647	1.76780356384781
6143	6222	1.76476172731614
10776	5718	1.76420501468211
1050	5091	1.76354432548604
4128	63924	1.76251414675606
317649	4087	1.76154655488438
10075	6161	1.75817145404076
7342	9112	1.75443322676995
23344	3679	1.75356496134979
22936	2632	1.75198379573022
1892	25874	1.75129237491948
6161	6209	1.75086829961834
5228	57486	1.74959023020743
5228	90338	1.74949572898145
3043	6170	1.74868249639896
285550	55967	1.74655498614152
150678	9868	1.74489147619964
153339	27069	1.74094369697317
217	2819	1.7408399522494
2926	84233	1.73946756867702
85437	8615	1.73855052747029
10099	1738	1.7382316633674
2810	8796	1.73715299032465
8724	8894	1.73675843628877
29969	729359	1.7358595411009
5537	9320	1.73492614816093
3337	80308	1.73457222008926
2690	5502	1.73449830462438
1915	6235	1.73406849227231
54884	79947	1.73377160386762
5537	7251	1.73272561532955
27069	8763	1.73215110027145
3679	55700	1.73182966457563
165324	85019	1.73180315470421
6170	7431	1.7310766500127
254863	28958	1.73026108162638
6138	6235	1.72996606766815
1939	900	1.7284368895614
64960	7332	1.72755695162626
4666	6122	1.7271281995549
1828	23650	1.72671785339352
2109	64960	1.7236847038374
10632	84833	1.72167045431604
64960	8894	1.71996402938026
1340	51248	1.71798368900725
6280	6283	1.71502442728916
53827	6892	1.71277982821597
847	9588	1.71191896467881
6138	9045	1.71186876202649
2222	4128	1.71130418386286
1823	388698	1.70860373342088
11145	55831	1.70820938890336
10476	2739	1.7075168987649
1211	29956	1.70719402391089
1891	7386	1.70644019798194
4854	64411	1.70275947375799
6169	6194	1.70216349631527
1050	7086	1.70082820160119
11326	4360	1.7000883857063
51100	5226	1.69978931816568
1441	3579	1.69695857167407
23531	2819	1.69538830384093
2821	6836	1.69439193120398
10381	6836	1.69427574143789
30846	55122	1.69377163290401
2123	2124	1.6923181893615
11326	714	1.69212420669573
2184	22808	1.69111565600259
5160	64757	1.69074127888141
8654	93649	1.68978548027024
51650	8724	1.68857304268192
221154	51430	1.68836740979786
254863	8802	1.68829806454764
28958	7386	1.68784399731505
5733	84883	1.68748374587401
6128	6191	1.68711355011992
117245	794	1.68580373651012
5502	84883	1.6854496286142
6133	6201	1.68535654511006
11222	57129	1.68332334731695
1351	5693	1.68261452525531
5824	847	1.68227892577239
10313	5860	1.68192273979256
11261	54998	1.68189417736935
11145	4128	1.68061514008326
1329	7386	1.67951188932975
285550	3295	1.67912482546341
2690	63924	1.67908059876983
10079	9590	1.67705357782583
3848	84525	1.6763845616054
10959	29979	1.67590986013023
3579	6279	1.67451376645354
4598	79939	1.67227070558159
25994	98	1.67209665870307
10580	84883	1.67124083194126
10134	11343	1.67064335879696
1349	509	1.66876428392646
6133	6160	1.66871837456798
54998	8566	1.66741558970479
1629	284071	1.6661553325981
10134	1891	1.66515653146333
57486	80228	1.66448476586437
55082	55120	1.66335627242575
1050	5824	1.662663633262
6128	6129	1.66234254421722
2690	85027	1.66151771178415
8050	8803	1.65897201452972
51650	64960	1.65885215976878
4724	85437	1.65884334279646
4035	64207	1.65861879491682
10555	5824	1.65849429027988
11261	5792	1.6578133168751
11261	5091	1.65662159565613
51327	6521	1.65640546195018
254863	7386	1.65541238336186
5140	6470	1.65470776911999
5205	84267	1.65348500697301
3043	6228	1.65073331883844
6171	6235	1.64948767111308
5824	80308	1.64917470481162
23593	6272	1.64879059045488
5950	8908	1.64871048793342
130399	84263	1.64836490577555
10231	8470	1.64816528171161
80228	84172	1.6478854148267
2879	8932	1.64746675553982
10099	8908	1.64605489290859
10313	5950	1.64586123674409
1337	7251	1.64524253581872
223	5160	1.64479794666043
22808	2821	1.64445425593216
10552	7384	1.64293912815511
5205	57486	1.6425358509795
1209	2889	1.64058472906099
51100	8724	1.64017146586358
2819	84293	1.63906855688782
7450	79812	1.63903364471539
22837	5352	1.63902918832859
221154	84641	1.63818515931832
1738	518	1.63724667699238
10555	7086	1.63719042145048
5441	5824	1.63591867095431
23344	26073	1.63546014680768
10555	64757	1.63396791160473
11261	7386	1.63358985079076
10134	3682	1.63167382511528
4694	9556	1.62876808629114
57513	9919	1.62839117707293
6156	6201	1.62789168926943
284071	7840	1.62534994152887
3861	3866	1.62342621617795
138151	7325	1.62165878708745
3689	5880	1.61831076811342
10580	5352	1.61809160213344
8443	85437	1.61745876062196
22829	8653	1.61743748610531
4710	84987	1.61718944551057
10249	54928	1.61710093167214
84525	93099	1.61702752810211
79154	84649	1.61380069053987
6167	6234	1.61331831772679
130399	94103	1.61297282714042
201562	5860	1.61171062191895
51123	51398	1.61107913633305
1629	80228	1.60972076759639
1351	54539	1.60844950059956
8724	9868	1.60763431436674
5824	794	1.60551821313752
5143	6581	1.60508068524358
154661	5243	1.60479676903362
29969	5226	1.60472048484257
3033	5824	1.60446569797568
51248	9868	1.60196002990494
1340	3295	1.5980929449635
6156	6175	1.59711239931799
10552	1329	1.59624866337712
8724	9453	1.59392053898068
11346	30846	1.5917409871644
2109	518	1.59130679504528
22808	29911	1.59125949295389
6208	9349	1.59123971501997
51714	84233	1.589708910653
6136	6167	1.58960061527378
1368	4128	1.58849275524084
10490	55752	1.58632089982693
22808	23788	1.5827244671926
4969	7373	1.58255633370732
10490	117245	1.58188197040185
1050	286753	1.58127599231698
334	8761	1.57769325479179
6191	6232	1.57726554585269
509	9868	1.57720963056418
55831	84987	1.57536831353179
3579	4332	1.57252603469585
22839	85019	1.57121988684815
286451	84233	1.57058610523311
4983	79966	1.56856711700207
10935	4709	1.56562664323166
32	9588	1.56408786149213
9861	9868	1.56368872429507
3936	7805	1.56245842346474
4201	51398	1.5615000273202
30846	7325	1.56000892785865
2810	999	1.55953167256483
23037	23531	1.55722208469672
55122	7030	1.55709077709397
2810	5650	1.5569274984597
145483	80228	1.5563611396164
29969	5236	1.555362121937
387601	6439	1.55501404374131
6136	6146	1.55499485327013
5718	7386	1.55400432466197
6521	6622	1.55380123218149
2810	3852	1.54996774537164
3945	4257	1.54771177906236
5510	7332	1.54640475219479
60481	63924	1.54555192944638
1832	3848	1.54511000749678
6272	794	1.54389258540175
6201	6235	1.5435469242956
10907	84299	1.54322043067285
5693	7384	1.54202094661939
58494	7102	1.54186672297837
5824	7386	1.54032173468129
1329	192286	1.53858563322973
4708	7347	1.53841806161069
2879	5236	1.5370705981683
10555	25874	1.53661067120805
3646	7381	1.53507868878868
11222	204	1.5342000129078
145483	165324	1.53370453903599
64960	7263	1.53261910085243
2109	29969	1.53228649295987
11326	712	1.52993619929555
1337	3295	1.52962664541538
4708	4709	1.52817729426281
29969	7332	1.52806227169527
10555	64960	1.52663831989759
5710	84418	1.52607916070362
48	5236	1.52561957861954
51227	64960	1.52483522019247
6146	6209	1.52412902722997
4694	9453	1.52412411038015
5118	56944	1.52412026832937
7342	84687	1.52397831551502
10804	1825	1.52377505553634
10099	51128	1.52350160783334
1544	85019	1.52298334533339
6147	6160	1.52164789760553
2109	7423	1.5215668507927
29058	8802	1.52113968388483
6487	7047	1.52010379946621
4983	55142	1.51600977349565
10437	3689	1.51451170835417
154807	29969	1.51418748759047
1832	999	1.51223957923289
100287932	10099	1.50997302361074
27258	51714	1.50948102419541
1738	38	1.50650976088453
150678	9453	1.50611253722705
1892	5824	1.5057424498568
5140	5577	1.50478511200845
27076	3858	1.50470309869185
64219	7301	1.50245087197825
3952	4883	1.50116354615861
117245	5140	1.50105243518604
2690	55831	1.49957952778386
29969	7347	1.49950922025876
4695	51020	1.49711376510937
2821	4522	1.49492014713792
10099	5160	1.49467349466428
5537	56888	1.49380834810495
136647	64976	1.49287647808172
25994	27069	1.49282382887111
6201	6217	1.48859620932911
11343	8694	1.48610798856854
5860	64757	1.48483624668055
10273	26073	1.48358163590488
5537	7386	1.48260187200988
100132406	84901	1.48231633246446
5093	8761	1.48222177626465
51699	84418	1.4790366105706
10249	518	1.47873295752706
2109	5226	1.47786573156081
6169	9349	1.47756585879059
10449	2109	1.47565174982406
400258	7263	1.47542848660936
4724	51247	1.47469855099706
224	84233	1.47372848685677
1163	55831	1.47067482767278
5502	83636	1.47043773832155
54843	8821	1.46792575624883
10313	64757	1.46697354319788
2108	3033	1.46649797669011
1832	6382	1.46506890284374
6147	6208	1.4643768869996
11326	51338	1.46385382009715
285550	85437	1.46366662104511
3972	81794	1.46350242985523
55729	80097	1.46291454524567
2108	4522	1.46279025308183
5792	794	1.46272637367767
55771	80228	1.46267556624873
445	794	1.46180290179975
10804	1832	1.46095644205221
22808	22837	1.46071774659289
4522	7086	1.45846328632746
2109	50	1.4578405910605
285231	55729	1.45722786238907
22829	9086	1.45620957011122
55142	89122	1.45437441400385
22931	8087	1.45428821185985
8802	9377	1.45391176684147
4627	6892	1.45369408003767
302	7178	1.45264740349594
51371	7347	1.45178237752517
10490	154807	1.45072627317666
223	506	1.45032608153862
48	7532	1.4503242668064
4854	6892	1.45023988405598
5824	64960	1.44949836884397
4711	51650	1.44809288795834
10574	4717	1.44628087328758
5537	84418	1.44509778036554
217	5577	1.44486464998176
1738	27069	1.44388718035172
2107	51128	1.44317652540487
2926	64960	1.44216644731136
7332	8894	1.4417994710828
11331	1460	1.43996868533677
57486	6581	1.43919891290395
10907	4708	1.43800725829289
223	84293	1.43772152820573
5693	6881	1.4367772849497
1738	51100	1.43486379714438
6147	6176	1.43250250055746
55967	64976	1.43220266934614
54756	80114	1.43161146318629
6136	6234	1.43057585159733
10099	10249	1.42979759132329
10580	7532	1.42936995117827
1337	509	1.42917379182057
4660	59	1.42864026613525
4736	9349	1.42481594070255
10555	7532	1.42459567301676
4666	6168	1.42449007408648
51699	5441	1.4241025241779
51020	55967	1.423023777901
3682	440574	1.42172566524513
3840	5537	1.42129651198448
2821	7263	1.4212569492419
10213	98	1.42100999743722
2810	3848	1.42015319460652
360023	374986	1.42010076181375
6167	9349	1.42002556126385
223	27089	1.41991254983584
10476	4729	1.41973758893764
10455	7385	1.41868357804766
5525	5537	1.41772514369248
145483	284071	1.41699750882297
27089	84833	1.4168642765864
5441	5537	1.41593950469215
10944	84896	1.41292988512221
6170	7114	1.41161916658755
10210	64426	1.41158909366031
1050	5792	1.41013694642103
28972	821	1.40851810751856
10552	1351	1.4077651535708
3861	4070	1.40759896691524
64757	7086	1.40750531652567
6147	6169	1.40690138220467
2819	5226	1.40662032884575
4717	4729	1.40634617344351
256815	85019	1.40613513535479
1368	85027	1.40602143362987
10249	5352	1.40516331680174
567	6155	1.40503419985299
10249	10555	1.40401590463095
51100	55856	1.40362431219058
4695	7386	1.40324543890751
1915	6187	1.40268243247448
79947	84681	1.4006349069846
11145	2690	1.3981787971436
11112	8803	1.39787455447039
212	51327	1.39676742077814
26872	3682	1.39400763902372
55959	7056	1.39393822988932
5216	826	1.39349279935966
217	5824	1.3934186428344
5824	83636	1.39214336590476
7360	847	1.39070523598738
10400	4826	1.39021754737279
27076	388533	1.38918882039603
51501	51699	1.38888979125482
5352	5824	1.38882653608467
51181	5792	1.38871505664033
2632	5577	1.38669531779505
10935	4711	1.38584252879428
2184	23531	1.38582911417589
114823	6709	1.38519117364096
28972	7251	1.38511977049913
23593	5502	1.38284635605712
254863	4711	1.38281992038767
6194	6204	1.38121902281315
1823	93099	1.38039908930182
4711	84263	1.38009876662597
29058	54884	1.3799187671123
4826	63924	1.37941695606063
57419	79947	1.37906085065866
1465	72	1.37698990045368
4724	8443	1.37690318515119
8662	9919	1.37535786242549
254863	51650	1.37417273105773
27247	4522	1.37277753402199
2107	54928	1.37264870108287
506	9377	1.372341583678
10476	1327	1.37168327385452
10449	7386	1.37008965839936
30000	84726	1.36964471420947
1441	2215	1.36765829568573
1892	29058	1.36742698731778
11261	84681	1.36523151257105
10294	84263	1.36388138925048
729359	79947	1.36360435719593
10099	27089	1.36309852987429
58485	9784	1.36303314455801
10134	50	1.3619568955691
4635	6622	1.36191166473363
134147	23671	1.36177006596441
6194	6229	1.36075648341132
50	6888	1.36044417634605
56	6439	1.36035781395511
10449	7332	1.35939845530999
63924	847	1.35781425113305
22808	5824	1.35642480123139
1892	518	1.35531357905186
6128	6230	1.35457028298884
55902	60481	1.35338482428827
23593	445	1.35168978249373
5824	64757	1.35102163057103
5824	63924	1.35086960317307
10449	2108	1.34972635589456
285231	84334	1.34912205969724
11145	51449	1.34680574068191
4201	4717	1.34661225908683
2192	5738	1.34604517569002
3134	3135	1.34587435706578
3033	5577	1.34523555171678
1340	4696	1.34286201493241
4736	6194	1.34261414255103
6129	6147	1.34260214662591
25915	51100	1.34211823936412
4711	8724	1.34102603311419
11261	226	1.33894315021881
2819	29058	1.33806491088025
5510	5710	1.33799676700346
6206	9349	1.33769199866623
1351	5230	1.33742762061579
1520	2123	1.336750251821
28998	4738	1.33560392970368
6138	6234	1.33378192313929
10959	7416	1.33256575179699
794	8303	1.33187238580483
4854	51599	1.33105274345161
1329	506	1.33002934418183
10476	6880	1.32895057054342
5236	7263	1.32737651175464
100129792	165324	1.32449142983282
51699	6647	1.32424870252736
10313	226	1.32304809091136
10213	3799	1.32236196465444
154807	4199	1.32213618941941
7175	9360	1.32081898296447
152831	8566	1.318435509283
285231	7840	1.31841691161879
11343	48	1.31799796810831
10555	7069	1.31762493437111
80228	84267	1.31734017864347
1629	5228	1.31713014337239
1487	30000	1.31710152644753
2739	8894	1.3158995438999
10099	902	1.31559041293489
1823	4014	1.31530584348701
55142	79883	1.31433411810827
5824	9588	1.31418130700928
4708	51714	1.31372495818207
10313	51	1.31259935169281
1050	84681	1.3118531185729
134147	81856	1.31171993874727
203547	4696	1.30908661479002
6168	6170	1.30891886309507
1282	1284	1.30774670779191
6457	79966	1.30716762959902
2357	6279	1.30713088446397
1337	51020	1.30561322324
114785	121665	1.30531632471083
84525	8796	1.30308525594338
6167	6191	1.3028142875738
6160	6187	1.30253910251726
25874	25994	1.2992462579342
1337	8724	1.29839150884404
1825	388533	1.29774109558958
51386	6159	1.29739860213759
4641	64207	1.29636223823831
27069	64960	1.29629864021556
6138	6201	1.2949087441828
23491	4983	1.29455857236973
3852	3861	1.29361671009594
54998	5860	1.2928717345015
5792	84681	1.292489565288
387601	7047	1.29109212138038
4715	4717	1.29102207864701
51248	7265	1.29052340218214
2109	2879	1.28838923419524
100287932	10213	1.28763813590117
22808	29969	1.28737308020537
1050	5236	1.28734164082707
3689	8635	1.28689890328847
6161	6208	1.28576473844211
10313	84681	1.28486999676043
22808	5352	1.28425071638251
2926	4711	1.28274876136326
1329	9556	1.28257886333732
54928	5860	1.27984137149716
4666	6175	1.27791242058931
29969	440574	1.27759301098315
6170	7316	1.27649975423642
5950	64757	1.27634501216129
51248	55967	1.27542881360463
80228	90338	1.27532671144619
158158	7516	1.27508958943467
1629	285231	1.27490830540561
1629	83479	1.27474853297468
6155	6171	1.27470598934729
10134	6836	1.2735849180154
4907	5740	1.27316221391311
4191	4716	1.27226359620711
23593	63924	1.27168887752397
6143	6234	1.27167061831477
2052	5693	1.27146495575187
7114	7178	1.27115165649886
134147	79966	1.27103803306168
6201	6222	1.27033258272665
80228	9253	1.26958967252122
6161	6167	1.26903875000014
2192	7076	1.26891602010467
1337	388962	1.26844519508694
5510	6237	1.26837392227204
220972	25793	1.26766312417802
11326	719	1.26687689737234
1284	3679	1.26633241104675
1340	9861	1.26615736368402
4522	51100	1.26599982876162
6143	6161	1.2655569453675
10490	7332	1.2652654436854
51573	794	1.26517828673516
1823	3858	1.263489272644
1337	51398	1.26290290608947
29058	29969	1.26262639393603
4708	51367	1.26178328304324
51747	8880	1.25895056930935
2213	9332	1.25775070501087
5580	794	1.25543316943719
1351	27089	1.25419805305651
27258	9453	1.25410228112978
6161	6229	1.25123136045006
5441	84418	1.25058334498264
4724	8615	1.24947350366793
100129792	80097	1.24884244425276
10580	48	1.24814936604011
3295	509	1.24776035801058
23344	30846	1.24724502672655
6160	6201	1.24569839463559
5950	84681	1.24547079936055
23344	7466	1.24389041846726
10134	5441	1.24355421846092
3109	3122	1.24353211411376
10455	224	1.24290547424863
1349	4729	1.24177310378835
25874	518	1.24169042752568
4717	54539	1.24122771886937
29058	84263	1.24076418339037
1834	57817	1.24013797604758
10249	2819	1.23958672472903
4736	6161	1.23717684724572
10075	9349	1.23663768491457
11261	51181	1.23512146174428
339983	5502	1.23430694131238
129607	3437	1.23071672028566
100287932	5441	1.23013501019078
2109	3419	1.22997011141008
285550	9868	1.22994433754849
1823	3848	1.22977000119772
7086	8908	1.22940409222111
79947	84293	1.22824161776838
2819	5468	1.22366028827945
56888	84418	1.22336355413292
6272	84293	1.21827504431114
100287932	3682	1.21762290097607
1050	8694	1.21758434551334
5091	51181	1.21697386306713
2213	4360	1.21626694854838
388698	93099	1.21548935969517
6191	6234	1.21426992299881
10490	63924	1.21426349895167
4709	51714	1.21392918626851
51099	54566	1.21371759086008
7167	7384	1.21356905458612
23264	8621	1.21302066920675
328	4201	1.21208625958553
2632	5792	1.21134904548544
25874	8566	1.21067064205996
4666	4869	1.21038193254836
3419	8802	1.21014770744431
56922	64757	1.20950353613856
79966	84334	1.20949724781914
10099	22808	1.20886978069646
64960	7347	1.20781737410859
51371	9861	1.2077138194621
6129	6158	1.20749240018367
51449	5824	1.20713558083541
2512	3956	1.20579063219578
5205	80228	1.20519135297582
10249	3682	1.20480150235307
23788	5860	1.20402802989286
26032	93649	1.2018332372392
64979	92259	1.19967952471131
56922	65084	1.19844657161163
51248	8724	1.19831436808162
51128	54928	1.19758719954586
56246	5860	1.19675707787089
51248	8894	1.19602873678818
199	714	1.19601828629926
84282	8761	1.19538528028358
285550	84233	1.19460995315497
51019	7265	1.19430178730436
2819	5580	1.19428128637411
30846	4162	1.19366710979389
1803	7373	1.19290188626929
1653	4733	1.19259081247693
4201	51248	1.19206271008732
10580	22837	1.19148828042574
10249	64757	1.190187583214
285550	8894	1.18952246784586
5537	7384	1.18863403388163
4907	79695	1.18722887852658
3849	388698	1.18523179439228
10555	5226	1.18286276629184
11145	5824	1.18248002216943
2821	5860	1.18216813699994
23593	56888	1.18078882791415
567	6235	1.17872629742207
6146	6235	1.178417242993
1031	157	1.17820158011164
10555	2184	1.17816939001796
11315	3945	1.17615029049687
6161	7178	1.17508371935306
1351	5537	1.17508364319796
6169	6233	1.1740453996309
27069	51650	1.1736697626221
23264	83479	1.17326693712794
2926	8802	1.17189745884064
165324	83479	1.17182233877707
6147	6156	1.17059504724807
100287932	8802	1.1697326438415
2029	7251	1.16826891035694
114899	1604	1.16771364663849
9453	9861	1.16766858331906
11222	1340	1.16703597384848
1340	64976	1.16584217950015
5441	6647	1.16583986683781
368	54928	1.16559169802097
25923	85437	1.16515214023456
100287932	10313	1.16466495805829
10313	8050	1.16341912156609
8085	9112	1.16329105168448
1803	3776	1.16238873516413
1050	506	1.16225623933107
30968	4729	1.15989252906594
10249	169200	1.1584996745955
29058	5860	1.1561557592993
5725	9919	1.15503647706939
226	84681	1.15492267956322
10490	128	1.15465486102127
134147	176	1.15276350483817
6169	7431	1.15144938437611
48	84883	1.15045889131716
5226	80308	1.14962913148655
5091	5886	1.14954107074773
1629	4598	1.1485584731482
11129	9580	1.14817148986305
794	84293	1.14747690758456
6170	6210	1.14714252856242
1674	8630	1.14667722381236
1050	8566	1.14461483484935
4201	51123	1.14450797377834
51714	64960	1.14201090608798
51226	5710	1.14193174052269
6159	9045	1.14044469613816
10903	1953	1.14040595357472
100132406	9422	1.13965403821636
1349	4695	1.13950001511073
2052	2821	1.13940178484885
1329	1340	1.13901603866521
10099	65084	1.13877595164161
4711	8802	1.13860331726749
23593	9590	1.13818974383631
23264	285231	1.13814606252303
1340	9868	1.13620483600923
57486	83479	1.13528012240712
5118	55603	1.13324073309452
1653	6647	1.13225200275693
145483	285231	1.13210358545801
1536	2207	1.13106506026916
51371	8894	1.12984180829879
56922	7263	1.12981175586101
1738	2821	1.12976629917222
23264	284071	1.12925029755038
1340	51367	1.12856890081133
145483	55720	1.12793289387765
4750	7175	1.12739885919333
10313	10904	1.12603325201136
4729	9276	1.125624099224
54331	5781	1.12324385760723
4729	6647	1.12321889031232
10804	3861	1.12100632416578
223	518	1.11944537382873
10249	9926	1.11896964704752
400916	5160	1.11877407684728
729359	8322	1.11847366947096
286753	8322	1.11823664365794
1340	27258	1.11796318563065
5502	729359	1.11789101891714
2819	4023	1.11774073061295
6160	6235	1.11485180785385
112487	23788	1.11475768643554
128	847	1.11425697512068
10134	2879	1.11360004559858
7384	9377	1.11351040134308
388698	84525	1.11306586690853
22808	54928	1.11277747891494
4694	54539	1.11271099018777
51248	529	1.11233582472132
100287932	8566	1.1114378016452
11261	5160	1.10959870786178
6152	6155	1.10904050162987
317649	4128	1.10840834800083
2632	5525	1.10733961890118
2673	50999	1.10693956214924
1738	4522	1.10661983837222
1825	3848	1.10641882718539
285550	4724	1.10532521131413
284071	80228	1.10319913329256
10273	55122	1.10273887586969
11145	9588	1.1020452758981
3295	64960	1.10150380428547
2821	5160	1.10135413024975
115908	4958	1.10080863301794
157	5236	1.10031015320373
7404	9086	1.09966419452367
10964	3434	1.09941295569948
4695	4729	1.098548195697
1891	64757	1.09770906335064
23788	54928	1.09747956256446
1487	54921	1.09692640965664
219972	2213	1.09520847433731
10907	51367	1.09457622126532
2357	4332	1.09444942950739
150684	7265	1.09432622379486
567	6187	1.09427678761527
10134	5236	1.09260547920429
5502	8932	1.09217862797963
10804	2810	1.09184973075246
285550	7347	1.09066199100309
6169	6170	1.09065452265533
10313	8322	1.0905890453751
2821	7532	1.09002755536726
4711	7417	1.08922681336529
25979	5537	1.08894048008955
255027	283933	1.08845917558041
1629	6439	1.08753158624188
55884	81037	1.08689317912656
22931	283	1.08664839511241
10134	7386	1.08632404415023
10075	2512	1.0857907281129
51650	9453	1.08562236213941
55207	7905	1.08309355332953
224	8802	1.08297468688546
2810	8626	1.08236926230123
1915	9349	1.08058866256222
1337	1349	1.07762547779815
4710	84418	1.0772766592098
9527	9972	1.07704139929694
1738	64757	1.07556984255804
56937	5860	1.07529813661484
6205	6233	1.07441153228647
4302	4854	1.07353038921654
10987	84064	1.07326837739078
1340	4708	1.07255925856619
4694	7251	1.07255169421632
3043	6205	1.07202004451774
55207	8615	1.07198884719294
2124	4688	1.07166642465417
3178	6194	1.07102495797796
154807	23433	1.06980156985451
10079	23593	1.06889517295994
3849	93099	1.06838838847349
6169	6201	1.06786422189478
55967	7251	1.06718638163796
5205	5228	1.06653969290948
1050	5537	1.0642665490388
1050	9377	1.06217593034199
4694	6282	1.06172202295897
1329	4696	1.06161836412742
2192	4313	1.06077789666253
57104	5792	1.06016508568271
10437	8635	1.05908956218216
1289	5118	1.05852802138505
23788	8566	1.05795928224189
5236	7086	1.05732101192593
10262	4035	1.0568941645834
10555	5468	1.05572957011522
140738	1979	1.05542718134266
55771	9253	1.05347973224853
3837	84726	1.05325579328814
10284	85437	1.05278020044559
5693	80212	1.05236051378519
6160	6209	1.05199549266803
10580	5824	1.05158782508044
153339	7347	1.05073816983298
150684	3295	1.05007471213695
2107	51699	1.0493664211472
10555	29911	1.04925643623065
10964	129607	1.04881784266829
3045	6521	1.04809153173008
6160	7431	1.04805489688947
23531	7086	1.04760240761074
6146	6201	1.04755947018205
22808	2819	1.0474245861383
2821	506	1.046118857414
2512	7178	1.04501933976935
6888	7263	1.04454302012286
130399	5824	1.0439206902441
10476	4724	1.04390603006747
2109	84152	1.04369115019855
23650	5268	1.04018762691835
2632	48	1.03936687037516
1823	2810	1.03921912955583
26985	51714	1.03822524762129
10134	84883	1.03819014490061
63924	7360	1.03806233345627
5226	5236	1.03785169281167
1337	4695	1.03688831908203
7373	83468	1.03611844670422
826	8933	1.03607136281952
204	4715	1.03559016189475
445	5792	1.03428322267707
10730	51247	1.0311159582435
10776	51699	1.03107523831525
55186	60560	1.0308562798883
10247	54675	1.03005911880165
1337	26355	1.02965991235814
11261	48	1.02879556654741
283298	56944	1.02802697715713
348235	509	1.0275773396327
7332	8682	1.02749724394
1351	81892	1.02729411398135
10381	7280	1.02665563389915
5714	83606	1.02629580666406
100129792	5205	1.02498877983593
4694	4695	1.02343164927122
6764	9260	1.02338605621052
25994	29058	1.02258215474169
1823	1825	1.02148095417899
3849	3858	1.02132840753642
6597	6892	1.02103360210595
51227	9868	1.01989030056846
1340	4729	1.01933578907488
1368	23593	1.01757613833299
27258	3094	1.01673474436212
4666	6206	1.01624973850011
51714	55505	1.01562545638836
1337	8802	1.01561281649942
5441	9868	1.01526698134838
10099	1891	1.01375319763144
1739	4702	1.0132970173378
3861	999	1.01247689427955
7347	84233	1.01090766017221
1351	7251	1.01043071554237
2184	2821	1.00725479378048
4729	9453	1.00585218341305
23788	6836	1.00445682502979
6229	7114	1.00414159002783
170960	23181	1.00396121968508
