1915	7178	3.75812711421711
6187	7178	3.75178100732083
1915	6187	3.75058475765312
10376	84790	3.7491004304703
4736	6205	3.74874097840902
1915	6168	3.7479038760894
6168	7178	3.74482161859217
6168	6171	3.74421425006128
6175	6206	3.74371760893099
1915	6156	3.74291640546894
567	7178	3.74253569053367
6175	6209	3.74194558084485
6156	7178	3.74190461673
4736	6156	3.74184084776461
6132	6188	3.74111735260967
6191	6222	3.74083718536133
6156	6187	3.74018096708931
6161	6205	3.73978138455606
498	6194	3.73814371002397
6156	6205	3.73762925686409
6133	6222	3.73680276676674
5478	6175	3.73630502736162
6161	6222	3.73582903029164
6175	6194	3.73492081311666
6161	6191	3.73440768514625
6187	71	3.73410909571224
4736	6222	3.7330082400221
6187	6222	3.73256638346228
498	6175	3.73146076689234
6129	6194	3.72980290559502
4736	6187	3.72964223979515
1915	567	3.72895751660586
6205	6222	3.72886733023091
6138	6194	3.72852621925305
6204	6234	3.72727531962178
6133	6187	3.72691232444636
1915	4736	3.72677758646656
4736	71	3.72582834356247
4736	6161	3.72529331127301
71	7178	3.72461274741463
1915	71	3.7240589887572
4736	7178	3.72357006761907
5478	6206	3.72233375554012
6156	6222	3.72202958730317
6138	6204	3.72186035963181
6175	6222	3.72148474771
6209	6234	3.72144094286386
3958	6187	3.72141516246283
1915	6171	3.72130924274808
6205	6228	3.72045826301936
6133	6156	3.71933099702888
6138	6146	3.71839675423092
292	3960	3.71804651069621
6167	6205	3.7177682523594
4736	6191	3.71672952703667
6129	6204	3.71664047434927
498	5478	3.71570115690217
6132	6223	3.71520895975421
6133	71	3.71514976235061
6138	6175	3.71507906280944
6222	71	3.71499764060045
3958	7178	3.71474354302322
292	498	3.71265654216774
6194	6206	3.71233710290623
498	6129	3.71180738888089
6129	6138	3.71171743115996
6206	6209	3.71098879864746
6129	6161	3.7108455538207
3958	6156	3.70968491803726
6171	7178	3.70921891074319
567	6187	3.70918040967284
6191	6205	3.70826993585813
6156	6170	3.70704419172944
6222	9168	3.7066420224913
498	6191	3.70610240268067
6156	6167	3.70583144501362
5478	6209	3.70553820402316
498	6222	3.70518458807153
6204	6208	3.70453724331756
6175	6204	3.70413356548694
498	6206	3.70214204333341
1915	3958	3.70169820676091
6129	6175	3.70116512337568
6188	6209	3.70062963827659
6187	6205	3.70024665820199
6175	6191	3.70016616412622
6204	6209	3.69992176496883
10075	6222	3.69974899822216
5478	6194	3.69931826597205
6168	6187	3.69927057736396
6129	6191	3.69923694013929
6167	6170	3.69877410456006
6129	6228	3.69785102498332
6187	7314	3.69721441015759
1327	6138	3.6949294906826
4666	6146	3.69339130760886
6187	6191	3.69334195503065
6191	6209	3.69273546932979
4666	6138	3.69269610139703
2597	6175	3.69248763721169
3958	567	3.69234751889704
6194	6204	3.69208949657547
6128	6175	3.69205925132276
2597	6206	3.69137819892262
4736	6133	3.69098362382245
6156	6191	3.69069977531807
3178	3958	3.69025953938232
6209	6217	3.69010228877993
6206	6222	3.6899033299613
6128	6138	3.68969550356892
6129	6222	3.68909579014242
1327	6204	3.68880261144383
3958	6133	3.68827708071728
6152	6155	3.68813713906878
1915	6133	3.68663177847724
6175	6188	3.68661095076903
6156	6168	3.68561132091937
1327	6194	3.68522413927776
6146	6208	3.68516094103477
6133	6191	3.6846422409799
6161	6204	3.68255451139371
1327	498	3.68173775217895
3958	6222	3.68123785309725
6156	6161	3.68046506845532
6175	7316	3.67923126167889
1915	6222	3.67917778506525
4736	6228	3.67877292428013
292	6194	3.67821997676047
567	6168	3.67761511632219
6167	6222	3.67751010381642
6133	7178	3.67637075559746
5478	6217	3.67513561066257
1327	506	3.67433440390058
6194	6222	3.6739374984853
6175	6217	3.67173181025977
6161	6228	3.67069758378439
6175	6234	3.67021781095473
6133	6175	3.66942117188233
6138	6188	3.66784182401959
5478	9168	3.66783582703124
6222	7178	3.66667322488478
498	9168	3.66623123347467
6146	6204	3.66594713639825
6191	71	3.66562513073216
55872	9787	3.66550943831001
6161	9045	3.66504743235796
498	6209	3.66459342821354
6188	84790	3.66451401140332
3178	6222	3.66341279282473
7103	7178	3.66202844498696
1915	6205	3.66195333803003
2597	5478	3.66177606417844
4493	4494	3.6616565745429
7385	8802	3.66104889802324
498	6128	3.66073855335917
6194	6209	3.6598362751479
10376	6175	3.65974782789548
292	5478	3.65936597230339
6228	9045	3.65728719411714
498	6161	3.65710952337196
1915	6147	3.65702517315179
4736	6167	3.65579247055924
5478	6222	3.65515083921427
292	5250	3.65435222139831
6170	6222	3.65349474169478
6156	71	3.65149219837998
567	6156	3.65133067600519
1327	6129	3.65121513972782
6161	6175	3.65035863323014
6206	9168	3.65033907469618
7178	7314	3.64991165343838
6205	7178	3.64967600160372
6188	6194	3.64937558897367
6209	6222	3.64926644834232
3958	6170	3.64914776586637
6161	6167	3.64865191688718
3958	71	3.64860831556719
6133	6205	3.64756422770569
1915	7103	3.64745262127736
6128	6188	3.64718832892023
3108	3122	3.64586987978042
3178	6133	3.64548706533935
5478	6191	3.64545575459598
498	6133	3.64518227089182
6138	6209	3.64362110090145
3059	7805	3.64354574620102
10376	6188	3.64260250508213
3178	6187	3.64110890531738
3178	6156	3.640944022579
6175	9168	3.64089401570869
3960	498	3.64040771005013
3958	6191	3.63988497937558
6161	6194	3.63898244918863
3178	6170	3.63897199177017
6133	6170	3.63805256428034
6160	6204	3.63710067457718
6133	6161	3.63462433783951
6188	6223	3.63349552860252
6176	6204	3.6334319814279
6129	6205	3.63342929854088
4666	6204	3.6331265984221
6191	6194	3.63274080429157
6147	6187	3.63244206941443
6191	6204	3.63242082310537
6194	9168	3.63188053367625
6191	6228	3.63108099539692
6175	84790	3.62782642506154
6156	6228	3.62759422913597
498	71	3.62695986729255
71	7314	3.62643582631187
10075	6187	3.62441882707801
498	6138	3.623728330979
6205	9045	3.62351214582848
6161	6234	3.62322978463802
10376	6217	3.62317174625314
6167	9168	3.62251506012594
3106	3107	3.62071053819441
4736	7314	3.6198653638044
6201	6205	3.6194279883189
6128	6194	3.61783864266345
567	6171	3.61782403404887
3161	9787	3.61710648441101
6129	6133	3.61562848092262
6188	6217	3.61506869650895
1327	6175	3.61456971106744
2597	7316	3.61453103108359
6161	6187	3.61443532188394
5478	6129	3.61276012340564
3178	6191	3.61176285154112
6205	71	3.61129819592582
10075	6133	3.61002915525429
567	71	3.60974325138299
4736	6201	3.60941049975477
6194	6234	3.60738873948487
6147	7178	3.60665707447204
6138	6206	3.60599270292274
6170	9168	3.60515821149782
498	6204	3.60498403504117
6175	71	3.60489426722998
6138	6223	3.60467125534036
6170	6187	3.60446553403579
6128	6129	3.60411286128314
6191	6234	3.60371122003369
6167	6228	3.60306754190501
498	5250	3.60262577249916
5478	7316	3.60215004201083
6147	6156	3.60205847103218
6209	84790	3.60186190378798
6136	6176	3.601859921441
6222	6228	3.59981962686555
6217	6234	3.59955057235739
6136	6204	3.59824255224857
4736	6129	3.59651811172092
6129	6209	3.59524600838634
1915	7314	3.59507245523069
6222	7316	3.59490897814711
1350	84833	3.59470757541442
6187	7103	3.59437414231199
6191	9168	3.59367324117878
6132	6194	3.59226940582935
6204	6223	3.59066141580009
6204	6222	3.59012053259633
292	6175	3.59005550663828
201163	23671	3.58984424970104
6194	6223	3.58921398560779
2597	6128	3.58882418317511
6156	6201	3.58876632483173
6191	6206	3.58843674310425
6176	6223	3.58843299819387
6167	6187	3.58842093829163
6152	6228	3.58837814066287
6209	7316	3.58706755745192
6158	6208	3.58689418843204
8287	8653	3.58681307251307
10075	3958	3.58678869764219
10075	3178	3.58629926133587
6167	6191	3.58574844008774
6170	6191	3.58435566820133
6206	6234	3.58385358946375
5478	6188	3.58369452081921
4736	6170	3.58363956837276
3958	4736	3.58328239304964
2597	6209	3.58307915731888
4494	4501	3.58142979216504
10376	6132	3.58116778104092
6132	6176	3.57997338194149
6156	6171	3.579803216667
3958	498	3.57941615127694
6191	6217	3.5789904709762
6128	6206	3.57892863487471
3059	64333	3.5788659464224
6191	7314	3.57868964994063
1915	3178	3.57679812988104
6201	6228	3.5759681945876
10376	2597	3.57595354269537
6176	6234	3.57521714747427
1327	6188	3.57373553466766
6161	6209	3.57354462506697
10075	1915	3.57344007164312
6129	9045	3.57316557916758
1327	6128	3.57243255071274
292	9168	3.57097891613473
3178	7178	3.57075325132083
6170	6205	3.57062213671801
4736	6168	3.57043645838757
10376	5478	3.57020663671456
6208	6234	3.56972566266451
71	7103	3.56961453325135
6129	9168	3.56758988869272
5478	6234	3.5658577982195
1327	6209	3.56573174771029
2597	84790	3.56486396222699
6188	6204	3.56300246786578
6176	6188	3.5624085896815
1327	6223	3.56185077039971
6152	6156	3.5618176930896
6136	6138	3.56131959021376
10075	71	3.56107978222419
6146	6159	3.56085924622464
4736	567	3.56023388090277
6128	6146	3.55944730824786
1327	6146	3.55875828427712
6129	6160	3.55840858927326
6133	9168	3.55823654286655
5478	6204	3.55811962755728
4637	498	3.55713415696035
6146	6175	3.55708568925897
6138	6234	3.55666434746159
4904	506	3.55609014514796
6176	6194	3.55478132470232
10376	6209	3.55412116492007
5478	6138	3.55343210154654
1327	292	3.55328641672197
6222	6234	3.55293527241164
6147	6168	3.55261323167419
2633	6772	3.55116858989628
1327	6234	3.54950720238236
498	6188	3.54835121216412
4736	6147	3.5482552923765
3958	9168	3.54785650933799
6133	6206	3.54718211486721
2597	498	3.54605793069118
6132	6138	3.54559610920988
6133	6209	3.54492375645009
6129	6188	3.54435841443824
6222	7314	3.54338889823721
6138	6161	3.5422681583007
6138	6191	3.54105586926512
1327	3960	3.54092270928292
6161	9168	3.53972802450576
498	6234	3.53878266877525
6170	7178	3.53670207062407
5250	5879	3.5366030842119
1327	4666	3.53543031098248
4666	6223	3.53409274074262
4637	6175	3.53392165671167
6206	7316	3.53358105016775
6138	6160	3.53325080629741
6192	9086	3.53283787798228
1380	931	3.53217503512596
6132	6209	3.53146091340841
3958	7103	3.53134558073898
6205	9168	3.53018491013639
1915	6191	3.53011500692718
153339	91137	3.52942979994485
1915	6170	3.52923366033479
6191	7178	3.52672352484301
6129	6176	3.52645027936699
6204	6206	3.52554700980977
3958	6167	3.52446965887636
6217	84790	3.5237304798624
4666	6159	3.52358886711168
567	7103	3.52354453696194
5478	84790	3.5227770374799
6129	6234	3.52276515642742
4736	498	3.52209904186096
498	7316	3.52149966570175
6122	6194	3.51663885225325
3659	83666	3.51611658529942
292	6206	3.51336675542308
6156	7314	3.51290658812047
5478	6161	3.51196017249792
6161	71	3.51063944161563
6209	9168	3.5104032013574
6147	6222	3.50933084561746
6188	6234	3.50923383965639
6129	6146	3.50915649408558
6176	9045	3.50915112159683
3178	498	3.50681983988061
10635	983	3.50596023785785
292	3958	3.5059370395705
10075	6147	3.50321225709637
293	738	3.50303053708204
6223	6234	3.50283598272759
3420	4723	3.50108278008104
962	963	3.50094394634597
3958	6147	3.50091176242363
10075	7178	3.50009049780554
6128	8031	3.49947902987093
26986	6206	3.49692370650434
6133	6167	3.4959938772838
10075	6170	3.49541028345053
6194	7316	3.49479554785548
5698	9246	3.49387139765829
292	506	3.49352079511685
3958	7314	3.49338835307826
2197	4694	3.49302887160656
567	7314	3.49290357381046
6194	6217	3.49235942900466
6132	6175	3.4902979225689
6161	6170	3.48994445996259
3958	3960	3.4894731009298
6133	6147	3.48806063813066
6171	6187	3.48709396879586
5478	6133	3.48505666182426
292	6129	3.48463486807736
6138	6208	3.48442627783168
3958	6168	3.48419916489429
4736	9168	3.48318888965745
4493	4496	3.48179963709887
10075	6206	3.48055563248603
10075	7316	3.47680810958893
498	6205	3.47664105884779
2597	5879	3.47648746993282
6133	6194	3.47637026646046
6206	6217	3.47522260696587
3958	6205	3.4746815701858
3178	6167	3.47321816351111
6133	7314	3.47279369062041
6160	6161	3.47244547818005
4904	6132	3.47182211233127
2197	6223	3.47015434431448
6176	6209	3.47014710323678
5478	6128	3.46992886245094
6132	84790	3.46893661804213
26986	6138	3.46849727958685
7316	84790	3.46831752788831
6205	7314	3.46823004943019
6161	6206	3.46794308118747
6146	6194	3.46741709131591
6191	9045	3.46722790795755
3937	963	3.4665612865058
6168	71	3.46517161537938
2597	6188	3.46493147995325
1327	6132	3.46426278053331
2597	6194	3.46336620009417
6152	6205	3.46279900788641
4666	6194	3.46244270130481
5250	5478	3.46207066092205
1439	5552	3.46205501066166
6129	6206	3.46184348355434
4666	6208	3.46133753627432
6152	6201	3.4605979806452
11151	3932	3.45993326469499
6155	6228	3.45959567936907
6128	6209	3.45602571324812
6217	6222	3.45479264356553
6188	6206	3.45465739086332
3960	5250	3.45416686841465
3059	397	3.45333811829741
1347	84833	3.45272404153273
292	6222	3.45252377144963
6129	6156	3.45230212903423
6132	6217	3.45185873482723
6132	6204	3.45126402619469
6201	6229	3.44871865413418
498	506	3.44811014182853
293	5859	3.44787212953948
6187	9168	3.44783141741893
1048	567	3.4477580720571
2215	4332	3.44724832539265
3936	7805	3.44653894058338
6194	6228	3.4452456947653
7386	8802	3.44364330256525
10403	9787	3.43906399790385
6204	9045	3.43817057780924
25879	6059	3.43808150998044
6168	7103	3.43790501771277
6129	6223	3.43777462563042
498	6228	3.43773113477661
6204	6205	3.43765045983966
6799	6817	3.43724568871881
506	7384	3.43560064892635
26986	6175	3.4355541355587
3059	963	3.43476368062976
292	5879	3.43200980143967
3178	6161	3.43037657753236
6152	6167	3.43024939560947
498	6170	3.42884038202323
6176	6217	3.42881693709101
71	7316	3.4265472103452
6159	6193	3.42535779055772
6204	6217	3.42501904911421
7805	963	3.42473766027507
6164	6234	3.4228613792552
4494	4495	3.42257881893534
6175	6187	3.42142451458162
6239	80005	3.42069024604235
6204	6228	3.41920707179868
10075	9168	3.41918281790137
10376	6194	3.41775188490792
10075	6156	3.41666611492248
2197	6132	3.41562469064765
498	6217	3.41545280041724
6129	6170	3.4147431774033
3161	55872	3.41397797934701
10576	5901	3.41261550380566
6167	7178	3.41185290548623
4736	6175	3.40986247024412
6138	6222	3.40902671457041
1349	27089	3.40855222926419
6175	6176	3.40776200015045
6191	7316	3.40755722709605
4666	6188	3.40672005376864
6156	7103	3.40573562655984
6156	9168	3.40487111187642
3875	84790	3.40484672131444
6147	71	3.40249752101232
6159	6208	3.40158438660087
6217	7316	3.40125233767402
292	7316	3.40086894315384
6132	6234	3.40069418560149
397	7805	3.40066795523532
219285	6891	3.39806597978802
55872	9833	3.39348862008475
4637	6209	3.39348581837832
6129	6167	3.39341252543027
3437	83666	3.39287309360655
6146	6188	3.39214286879104
4637	71	3.39069415284319
10075	6175	3.39012674039615
10376	6206	3.38976971814342
4637	6234	3.38967793238342
2597	5250	3.38840902263566
1327	5478	3.38658588185834
6161	6176	3.38455633554387
4494	4502	3.38433670320964
71	9168	3.38365064957149
1211	7384	3.38363516351822
4637	6206	3.38274895936507
498	6187	3.38271449034948
4496	4501	3.38248125716241
6133	6228	3.38241460246451
3960	6175	3.3822768569325
498	84790	3.38166513342025
6176	6228	3.38113808275186
6138	6176	3.38100086974541
1327	6208	3.3797098832357
3178	6205	3.37743817381013
7284	7384	3.3769293892665
2919	2921	3.37621810639854
2597	8031	3.37491916486286
226	7167	3.37483627939167
3059	5880	3.37475122960642
6147	6205	3.37339007943093
6205	6234	3.37282559059153
2597	292	3.37281700815084
51386	6138	3.3708863448084
6170	71	3.37039152965767
2197	8721	3.36970730614777
506	6194	3.3695794118475
10376	498	3.36835920185761
10980	2547	3.36763576094356
7316	9168	3.36373458838372
5880	7805	3.36335909726204
4736	9045	3.36278413455099
498	6156	3.36214768994532
7385	7386	3.36073462369086
6146	6223	3.36067260082864
6133	7316	3.359224398185
6204	9168	3.35893541926684
4736	6204	3.35865132553534
6167	6204	3.35779197981051
10434	81542	3.3558352247035
6176	6205	3.354874459043
6175	8031	3.35475918058644
4191	7284	3.35273032030399
1915	6167	3.35033484274315
6146	6209	3.34994485503586
6209	6223	3.34927940158215
6206	84790	3.34844825330921
6170	6228	3.34790169655323
6155	6167	3.34632967387437
4736	6152	3.34493771734633
5859	738	3.34445982240642
3553	5142	3.34158850715424
1915	6161	3.3414704757546
10075	6191	3.33962345015152
55226	8662	3.33452907168475
10574	5710	3.33142185328179
4493	4502	3.33111233320609
5478	5879	3.33083515628521
567	6133	3.329178000899
6161	6201	3.32893942631244
3178	9168	3.32740196029224
6209	71	3.32619518973139
26986	6128	3.32577190124365
6175	6205	3.32541813735162
3178	6147	3.32499956762634
1327	1340	3.32052591729236
5478	71	3.32012559746432
567	6222	3.31999638894164
6167	9045	3.31942277702445
4666	6136	3.31772580047729
567	6170	3.31673747986254
55486	6132	3.31633842231879
3958	6161	3.31630509518376
4666	6129	3.31570887266696
3960	6222	3.31566641319906
6128	6204	3.31350485979782
3960	506	3.31174598057374
1645	1646	3.31138906283258
10574	7203	3.30934768952755
506	7386	3.30822232218322
397	5880	3.3078725761844
1936	2197	3.3078282105201
6136	6143	3.30616069622898
10376	506	3.30602331941307
2597	6217	3.30520941043089
1345	1349	3.30507291907592
6133	6204	3.30407024609503
6129	71	3.30390420917558
6188	7316	3.30287385479924
6194	84790	3.30283569565484
6160	6227	3.29994228055322
26986	6194	3.29936543058553
515	54205	3.29895647707181
6138	6217	3.29889554899119
8671	957	3.29886360061434
4494	4496	3.2979013694585
4637	6129	3.29657482397433
6208	6223	3.295590129138
4637	6191	3.29546962062408
302	84790	3.29543013213511
6147	7103	3.29490306036878
4637	5478	3.29469133710042
6217	9168	3.29466674034166
6194	6205	3.29372228561166
4493	4501	3.29328931213427
3960	6194	3.29246955745735
55165	55872	3.29229600079818
1327	6206	3.29062672495687
3059	3936	3.28983443668002
4637	6222	3.28890466906592
6147	6161	3.28707189009937
4666	6132	3.28510430260583
6122	6138	3.28377215033186
4191	7384	3.28328288269794
5478	6132	3.2828283917191
6133	7103	3.28219273240883
6206	71	3.28216819816771
6160	6194	3.28076085559262
4637	6194	3.27780152037807
6129	6217	3.27691974852817
4501	4502	3.27621661919447
117289	3937	3.27446828609072
6187	6228	3.2733022410539
6167	6234	3.27280706907056
6164	6204	3.27224891847279
1266	92482	3.27168206343479
6161	7178	3.271366190002
3178	4736	3.2711858866466
6152	6161	3.27023061101478
201163	4994	3.26948392531211
3960	6133	3.26859672789262
6147	6191	3.26822332365628
10376	4904	3.26815389282094
4666	6193	3.26725232504184
26986	5478	3.26239497526239
4495	4496	3.2615368198202
3958	7316	3.26068951477495
226	5223	3.2585896282023
1892	2109	3.2580767663225
6176	6222	3.25763155485086
6168	6205	3.2571233296298
3958	6175	3.25464415229322
10376	3875	3.25322604157341
6187	6209	3.24915530182589
6129	6208	3.24898001232376
6129	7316	3.24745009484293
6164	6175	3.24625589502452
3178	71	3.24552738502105
6146	6234	3.24405632448052
4904	7384	3.24332896798045
6227	9349	3.24326620717932
498	9045	3.24311831652768
5478	6176	3.23879663860423
2109	4723	3.23838113152269
6129	6132	3.23745242313023
7167	7384	3.23742396625079
1340	4715	3.23500822030925
4666	6175	3.2324092184054
2197	6176	3.23223438684157
6128	6132	3.23220412895925
55635	7272	3.23119889942764
6234	9168	3.23084372669285
567	6205	3.22703100080252
6228	9168	3.2256198852937
29997	6132	3.22461900185388
6205	6209	3.22461292540994
1327	6161	3.22389357951102
6194	9045	3.22207262263574
509	515	3.22167660475487
506	6132	3.2211040399012
3958	5478	3.21939786076484
1915	6201	3.21838751993053
4666	51386	3.21829633854269
6192	8284	3.21804829997037
6147	6170	3.21584781512424
6136	6188	3.21547182605275
2597	9168	3.21420895511499
3958	6171	3.21107176358476
6136	6160	3.210893675934
2937	7284	3.21006690968967
6228	6234	3.20875052933655
6176	6191	3.2077811622209
4736	6171	3.20709869958065
5250	6175	3.20708468670236
29997	51386	3.20701457092767
9787	9833	3.20662996945848
4637	6133	3.20641785084525
6222	9045	3.2042598118587
51372	6155	3.20334422350491
6208	6209	3.20225956771324
6188	6191	3.20152800171242
4637	7314	3.20086144825297
6632	908	3.20028331989751
4666	6160	3.19866820416821
6129	6136	3.1979317142903
3689	7940	3.19747670539309
6132	6136	3.1946815228896
506	6138	3.19426800404022
10075	498	3.19425586474025
2597	6138	3.19155464059196
6147	6228	3.18957359451629
6152	6170	3.18915292594906
4904	6188	3.1888692508006
498	8031	3.18849746776568
10403	890	3.1884611879882
292	6191	3.18721780350978
6122	6129	3.18569947042486
6171	7103	3.18529709944336
506	6175	3.18491739229046
3178	5478	3.18306867273632
3937	64092	3.18110117743503
3320	3329	3.18102605286201
6164	6206	3.18094811191013
6175	6223	3.17873178106462
23671	4994	3.17615296815723
11331	27335	3.17337748616012
55165	9833	3.1729537063918
6160	6223	3.17233398881869
6161	6164	3.16999947582319
6772	94240	3.1699212668369
4904	6194	3.16933845404098
29997	6234	3.1679618604222
27069	7360	3.16790854897213
3553	6279	3.16767351586414
10376	7316	3.16697872924516
10075	567	3.16646918416603
6167	6176	3.16592473869417
2597	26986	3.16576689194631
6234	9045	3.16385230145023
6175	6208	3.16362293770985
4637	9168	3.16355167173221
6138	9168	3.16257833431711
29997	6158	3.16251410864004
6147	6201	3.16036124528444
3960	71	3.15611477030136
1892	4720	3.15391857013334
4736	7103	3.15368264885519
3108	972	3.15286306657863
55165	9787	3.15278826758968
4666	6209	3.15104475852928
5478	6205	3.15095334926919
2633	83666	3.15069741112519
256329	79444	3.14945683590062
4708	51079	3.14941232489607
4666	6128	3.1492156730139
10273	738	3.14874694692842
1891	2109	3.14871360617845
4666	6234	3.14826876856902
3105	3107	3.1476994437978
6164	6222	3.14739337608874
8653	9086	3.146504489415
6228	71	3.14622406012659
6136	6194	3.14615947648981
3178	567	3.14581729068309
5788	9595	3.14570036050289
6160	6176	3.14549973456064
6187	6206	3.14274143000646
1915	6228	3.14215989676612
1670	1671	3.14111404328017
292	4637	3.13981039857877
890	9787	3.13954388212625
55872	57082	3.13878515334606
6168	7314	3.13845245942599
5478	6187	3.13831709217286
10075	4736	3.13422213946956
6136	6223	3.13175453893665
8284	8653	3.13153531358258
498	6167	3.12808705308438
6161	6208	3.12606677320475
6193	6223	3.1259433075544
6155	6205	3.12346323854236
51070	8721	3.1229709609999
1350	4707	3.11932220381925
4904	6138	3.11849884443745
6192	8653	3.11814842484936
6201	6222	3.11784977146269
6128	84790	3.1167666863468
3960	5478	3.1150837113166
4495	4501	3.11441037820895
3178	6228	3.11432207320455
498	6132	3.11179596163552
29997	6223	3.11099394807778
6167	6201	3.10987853044928
4736	6234	3.10962804894595
6138	6159	3.10810669141416
10075	5478	3.10791936909599
292	6209	3.10575885507244
6188	6208	3.10445198674809
6201	7178	3.1036218294241
3960	9168	3.10298582368181
4723	7284	3.10229848885589
6206	8031	3.10096474281922
6129	6201	3.10096469173558
1048	7178	3.10055615612816
5788	963	3.09957852626075
4637	6161	3.09918734567282
11224	6227	3.09874314712445
6160	6228	3.09515011872798
6161	6217	3.09492707735317
4707	84833	3.09472177045515
6133	6168	3.09334849215216
10376	6128	3.09202131572832
4637	6204	3.09065559765815
2215	6279	3.08813984551964
6155	6201	3.08751222697369
3958	6129	3.08749037368929
54443	55165	3.08547767126336
6158	6234	3.08422526692214
1327	4637	3.08332694275931
3937	5552	3.08302271069312
29997	6188	3.08255850033675
259266	57082	3.08218798751522
3960	4637	3.08020545125114
6128	6191	3.07882640916478
4736	6209	3.07732515765665
6176	9168	3.07160078670861
6168	6222	3.0705297865774
6164	6209	3.0688985723079
10376	1327	3.06799809724985
506	6128	3.06589920992112
5478	6170	3.06564461595171
6147	6167	3.06506346117031
11331	57017	3.06484166384287
6122	6176	3.06337098298058
6167	6209	3.06229167198521
6176	6208	3.058376679168
126328	738	3.05782892314137
6161	7314	3.05748621046721
3178	6175	3.05653298033784
6170	6206	3.05580390316867
373156	7384	3.0534385230582
6160	6234	3.05326369128418
6136	9045	3.05312533042525
6168	6201	3.05255131360353
506	6188	3.05070125602206
3832	54443	3.0505010459453
219285	2633	3.04990442594853
10980	5695	3.04987075870186
55872	890	3.04904814449815
60675	6279	3.04759641055159
6128	7316	3.04723528736229
6133	6234	3.046556391193
116496	5552	3.04643811463661
5923	79444	3.04637249520916
221154	51444	3.04635953107516
3178	6194	3.04617531265171
6188	9045	3.04495417501687
6170	7103	3.044546801448
81704	91526	3.04352029384269
292	6133	3.04243667276511
6146	6206	3.04158469335928
6187	7316	3.0385965658623
6136	6208	3.03526281807473
6160	6208	3.03405027625729
6132	9045	3.02994725992268
6167	6194	3.02752734084846
498	6146	3.02717927666381
405753	50506	3.02536322672003
5552	64092	3.02295797213925
3958	6228	3.02236268673843
7456	9459	3.02211462645308
3178	6206	3.02195552517462
6122	6175	3.02041265261355
293	6132	3.01835050344318
4191	4715	3.01696481441356
6156	9045	3.0149510128262
5478	6167	3.01350614994435
4736	6194	3.01266991907282
4736	5478	3.00821403261896
1048	1915	3.00766907626925
1327	6191	3.00738769000685
6128	6223	3.00728979616765
567	6167	3.0064680715761
116496	5724	3.0062747189394
29997	6204	3.00473020225431
506	5478	3.00441684391654
3958	4637	3.00309895513158
1327	6160	3.00296129631866
10632	55967	3.00287049014277
6170	6209	3.00141490436963
6279	6280	3.00116676014643
541578	91966	3.0011213725443
1441	5142	3.0003800380436
10403	55872	2.9990389086531
3960	6206	2.99854038391671
51203	9787	2.99718354823186
10320	7456	2.99145591873482
1327	9168	2.99133842273983
567	6191	2.99077132554096
6152	9045	2.98680885327939
1072	6168	2.98599311281986
6164	9168	2.98445583419655
6228	7178	2.98432803464296
57082	890	2.98324340583593
506	8802	2.98313406076455
4715	51079	2.98227797120453
84833	9168	2.9812626661321
4495	4502	2.97941498047471
3178	6129	2.97401135790486
5880	64333	2.97302803615207
498	6164	2.97100677934213
3960	6191	2.96816405795559
3936	397	2.96750221720466
506	8031	2.96729472317092
6160	6205	2.96627812962866
6129	6187	2.96522260622449
6155	6156	2.96478687574743
4085	890	2.96331217344253
6223	9045	2.96259877219562
4637	6170	2.96230374878797
10653	7009	2.96151594001034
2633	3437	2.96050957545572
6170	6175	2.96047885114748
5788	64092	2.9600758954076
6772	6891	2.95907839197216
2197	4666	2.95827216681133
29997	6176	2.95694112135255
1327	84790	2.95639708322561
6147	6171	2.95566414521033
397	963	2.95437792747904
10598	7203	2.95371783528837
4637	4736	2.9526613025772
567	6147	2.95048082993426
5250	6206	2.95003149779001
6164	6194	2.94819389731712
5250	6194	2.94567104975376
4191	4720	2.94532541186985
6161	6188	2.94521745449082
6209	8031	2.94513251358877
5250	7316	2.9395354720732
4720	7384	2.93819244516212
2919	64332	2.93767932167779
8519	9246	2.93763163011014
3958	5250	2.93611098763604
6194	6208	2.93546019342229
4493	4495	2.93215550469271
6132	6206	2.92952451565131
6170	84833	2.92934838055352
226	967	2.92555168524288
10527	6059	2.92458219635963
6129	6152	2.92447096136126
6175	6228	2.92384736692611
2197	6234	2.92343493451172
3115	3122	2.92272348583564
60	71	2.92262433625393
7544	8653	2.92074540992279
5879	7316	2.92036361505571
6167	71	2.91964216618398
5160	7386	2.91864131848369
6160	9045	2.91820947733735
4904	6128	2.91727609931351
51386	6159	2.9165185398105
10376	6204	2.91648724982704
11224	5204	2.91371498022146
1048	6168	2.91316750444835
10376	6234	2.91291536757243
1211	4904	2.91103722536491
3320	6194	2.90785974856871
292	6138	2.90663867049345
1349	3094	2.90655497590105
914	915	2.90643563188573
6194	71	2.90643502830071
6158	6223	2.90590737422594
1439	64092	2.90382736182251
2197	6136	2.90257513167893
1327	6222	2.90193891156397
226	2597	2.90183215996129
5478	6228	2.89958317800967
8284	9086	2.8969998559735
10403	83540	2.89673296163914
10075	6168	2.89647029148758
6209	9045	2.89639304747479
4496	645745	2.89419926764161
5478	6164	2.89414486084305
26051	7805	2.89379660660771
2597	967	2.89343106733213
5478	6146	2.89197475114411
10075	6167	2.89008635396973
2597	4904	2.88890977238384
10075	7103	2.88883119612237
6187	6201	2.8862580788149
6171	71	2.88427439884824
6167	7314	2.88359729317857
4283	9246	2.8805645412827
6167	6175	2.88047892751965
6279	8843	2.87927795283269
6171	6235	2.87609947743334
3108	3109	2.87540099245532
1653	5901	2.8751230444503
6152	6222	2.87386188783245
4715	7386	2.87343876705513
64581	6515	2.87163951493383
226	7384	2.8681088768017
325	441151	2.86774560371332
1327	8031	2.86583652668092
5245	7284	2.86538320998299
10376	6138	2.86532771786649
3960	6129	2.86233435179114
2597	6222	2.86226299423723
10320	124460	2.86226025398253
10598	51603	2.86080561617947
8287	9086	2.85984409691845
117289	83593	2.85857560218328
4637	6205	2.85843957310762
292	6204	2.85793206260403
57017	7384	2.85769824957011
6156	6175	2.85661487304938
3161	83540	2.85466886896565
10273	22980	2.85149655199836
4715	506	2.85077033488632
3960	4736	2.85056884152329
2091	6628	2.84921940905811
2547	293	2.84706828205329
51386	6146	2.84637442417662
6128	6222	2.84280731202858
2197	517	2.84133814713398
71	84790	2.84115440561051
6188	6222	2.83909423568991
2896	4043	2.83687521296603
11151	397	2.83609630343807
1915	9168	2.83201894392832
1327	8802	2.83149097570932
3958	6209	2.83142356955434
6138	7316	2.83071901842218
1350	6160	2.83041682757708
6138	8031	2.82903559510778
292	6217	2.82845109358938
498	5879	2.82818654266854
55297	79982	2.82718248732656
1915	498	2.82704206405342
3553	6280	2.82583183651004
10376	292	2.82563970842613
6133	6164	2.8254177358
6122	6222	2.82294283083252
4723	7384	2.82239265191542
7178	9168	2.82145287775545
3939	5879	2.82088588684809
399	5880	2.81958496001758
7456	7852	2.81950629255387
51386	6128	2.81841824556854
6194	8031	2.81787870716466
6128	6161	2.81741676478685
6161	6223	2.81658465863479
6234	71	2.81560812495851
201163	9719	2.81509742298809
1211	506	2.81391145383154
126328	2197	2.81351809136584
6136	6234	2.81229294182384
10075	6194	2.81200874007636
292	6128	2.81184559142305
6133	6138	2.81089613209659
3420	7284	2.80937387975663
10403	3161	2.80692350371254
6205	6206	2.80655874661444
3178	6168	2.80617905557837
6136	6227	2.80566296328265
26986	498	2.80490613702678
5724	7940	2.80481366399246
11224	6223	2.80025095603912
116496	5142	2.79940066989458
6171	6201	2.79851659755409
5684	5685	2.79757539439082
10075	292	2.79564599643764
2109	7284	2.79239468660166
397	5788	2.79186552834874
126328	51079	2.79072489726815
23671	65249	2.79036580978004
10075	6205	2.78992562180555
515	8802	2.78979308713365
1439	23643	2.78869616544397
10075	6161	2.78287902962733
6122	6132	2.78192977629259
1441	3553	2.78064735107275
6217	71	2.77917990144883
4637	6187	2.77567870332575
3958	6194	2.77444698169565
6217	6223	2.77292945300896
6158	6204	2.76926617218203
498	7178	2.76902600488391
1327	1350	2.76878125020868
1072	6171	2.76744968332518
5788	7456	2.7651530246808
3960	8031	2.76356959740903
7103	7314	2.76250069917433
567	9168	2.76096628081038
55165	891	2.75985521152769
6222	7103	2.7584545261016
10436	4830	2.75832136652574
3178	6209	2.75723278298344
2633	6891	2.75602968602476
6132	6146	2.75248027342206
6164	6191	2.7514868443925
3420	5245	2.74714000425826
6136	6146	2.74579708977322
1327	4715	2.74262292048789
5478	9045	2.74201833573705
2109	27335	2.73895845127991
4736	6206	2.73866411738924
498	6223	2.73857870569632
1891	4723	2.73385288536211
2597	6132	2.73272722967401
6234	84790	2.73099459826873
2197	6204	2.72801265849131
6204	84790	2.72758489338457
506	6204	2.72701963477146
4191	57017	2.72227581237661
3958	6206	2.72130818187031
1836	63928	2.72022233746138
29997	6136	2.71982105114316
6188	93621	2.7197823360029
6209	6228	2.71919233378392
6156	6235	2.71861309015884
219285	83666	2.71746200910013
6160	6191	2.71589206606018
6143	6223	2.7135249589999
4708	84681	2.71190142532022
64333	7805	2.71174248997184
226	7009	2.71150880232027
4666	4904	2.71117897888799
1327	9045	2.70939346788524
397	83593	2.70887665241055
115352	931	2.70708185832086
29997	6138	2.70657969599504
6138	6228	2.70634143182855
27335	4723	2.7050784548151
6133	6217	2.70467113024278
292	6161	2.70352633814755
4637	6128	2.70315277865642
1327	5250	2.70209865753921
4904	6223	2.70191124501198
2597	506	2.7004909981845
1349	522	2.69912683029269
292	3178	2.69505637973687
6138	9045	2.69458704920078
55024	931	2.69413667866442
498	6176	2.6934703924077
6170	6194	2.69122526480964
26986	6146	2.69070863419989
57082	7272	2.69026164538044
27335	64965	2.68945340157383
3187	6239	2.68727340129601
7805	83593	2.68673764535176
3178	7314	2.68454134098588
6129	6147	2.6842828338902
397	64333	2.68423507125408
6167	84833	2.68172893164684
292	6727	2.68144499361402
6164	6167	2.68027038439584
6122	6143	2.67975351686081
891	9787	2.6795241496729
7456	81704	2.67920229475389
302	7316	2.67872739265398
506	5250	2.67794884540181
292	84790	2.67599235485439
26051	3059	2.67553917161815
10273	293	2.67493084432149
4637	6167	2.67417713445048
51079	517	2.67202809237799
7544	9086	2.66900847697118
29997	6208	2.66634461524397
5250	8031	2.66592805758761
10075	6129	2.66481636697546
506	84790	2.66471969117687
1327	6217	2.66441938212918
6138	84790	2.66255811497454
8802	9377	2.66212790998763
2937	3420	2.65989432338785
6159	6223	2.65933226517394
3960	6204	2.65925919034521
7316	93621	2.6584423419813
7544	8287	2.65689957617823
10653	3856	2.6568237642504
2197	6158	2.65646138358938
6175	7314	2.65625068118485
219285	6772	2.65580621336563
51762	7903	2.65548505159732
2006	5429	2.65360402317579
1327	6136	2.6526639140786
6122	6188	2.65161568886142
2633	94240	2.65075115963799
55486	6188	2.65002207940313
1329	51079	2.64962172360279
1230	719	2.64781260117698
6128	6133	2.64499738095463
6217	9045	2.64491361622845
201163	65249	2.64159582787753
2215	366	2.64059797867123
498	7314	2.63950349304127
2597	6191	2.63808477845695
5879	6175	2.63777796251036
1327	2597	2.63737838326587
567	60	2.63638947140601
22980	2896	2.63391774801374
5341	597	2.63220464637099
10273	9158	2.63119019833814
2109	7384	2.62783734444409
6152	6235	2.62751660831333
115361	3627	2.62621530993068
7366	7367	2.62524857991871
10376	8031	2.6235847394497
3182	5901	2.62147270347828
6167	6206	2.62089600300272
1327	6176	2.62039642889842
3113	3122	2.61712843512998
201163	729059	2.61464004388949
7456	89857	2.61332882398464
6136	6175	2.61269959943259
83540	9787	2.61150891586315
6161	7316	2.60561547185412
6188	8031	2.60536427271032
4904	6175	2.60529896103205
6152	6191	2.60504651486723
60	6187	2.6042829860057
50999	6049	2.6031100362227
5478	6727	2.60306156913411
6209	7314	2.60251583277105
84790	93621	2.59999759500581
6133	6201	2.59946046899341
6222	84790	2.59432094426107
3161	51203	2.59430164888918
5478	6122	2.59205047326944
1327	4904	2.59122652087783
6146	6160	2.59035294469994
3553	8843	2.58971215640087
27335	7923	2.58963297518764
10383	3692	2.58878191568883
55651	5695	2.58833930955561
1892	7384	2.58528506631363
4191	506	2.58515853325531
10403	891	2.58307740376153
6146	6161	2.58272623120738
293	29997	2.58262304215394
6128	6234	2.58058257094958
6138	6193	2.58028562240371
6175	9045	2.57912076194742
6128	6217	2.57899643705039
8031	84790	2.57869785517576
397	962	2.57779088210068
6209	93621	2.57750329397414
10980	5705	2.57687267218183
1048	60	2.57681651745396
1121	55297	2.57499031695315
6170	6204	2.57439724794445
51368	738	2.57427816206384
3178	7103	2.57311062703279
6136	6159	2.57298671531386
1048	6171	2.57225488172342
506	6223	2.5700720711013
7805	962	2.56869067654998
6132	7818	2.5685041830495
3320	6129	2.56530131803148
397	54440	2.56372495233658
1340	1350	2.56109492324223
5724	9473	2.56041612281705
115352	5079	2.55660394562274
26986	6188	2.55606069014511
54453	92482	2.55559550555672
3960	6161	2.55453871606718
83593	963	2.55184708735915
117289	963	2.54530456952363
4694	8721	2.54517170836392
29997	4666	2.54494672981306
3960	6209	2.54239850198547
5478	6156	2.54233763472336
3420	5160	2.54046150774492
6143	6227	2.53825199297357
4904	55486	2.53811575103516
6191	84790	2.53802628551699
201163	6239	2.53536354826986
2197	51079	2.53439650919912
2197	6188	2.53367730788172
292	84833	2.53176515934382
116496	597	2.53120741082554
6152	84833	2.5307558699323
1048	7103	2.52943425807387
2197	6227	2.52762887507244
5478	6223	2.52724394237037
2547	4904	2.52650352614024
50999	91137	2.52337728977244
1834	348180	2.52246930638433
10273	4723	2.52171883768812
397	54518	2.52169693937828
6204	71	2.51863102002903
6168	6235	2.51705954439044
4666	5478	2.5168693623574
6156	6204	2.51679886756633
4994	65249	2.51654929313666
168537	5788	2.51585710837057
10594	5297	2.51531979572837
1439	3937	2.51248205860614
121536	79577	2.511053918483
10376	6222	2.50527820184772
26986	6129	2.50317948726819
5879	84790	2.50251418968168
10575	1653	2.50221326451644
292	6170	2.50214042033909
4640	7429	2.50134651150982
10075	2597	2.49952736265817
6143	6176	2.4977837451744
292	71	2.49450121141865
2109	2937	2.49390647921138
6176	6227	2.48991345566569
4666	6206	2.48941811678684
113829	3420	2.48926059315608
10376	302	2.48884118332347
1211	4191	2.48875642654953
221545	5827	2.48820354636307
1072	7178	2.48579374444742
10190	50999	2.48357117634161
6143	6204	2.48341381876687
3615	7203	2.47926714940609
2633	3431	2.47918781428766
2547	6132	2.47846981531403
4694	517	2.47518282813266
6156	6194	2.47489728676898
6187	6234	2.47358430559944
6155	6170	2.47183365793969
1327	6133	2.47138475239185
10632	1350	2.47085166822804
6136	6209	2.47085021699825
292	8031	2.46994717038814
6136	6228	2.46826876140262
4904	5478	2.46816155587105
57082	64105	2.46592116295065
6128	9168	2.46549589349665
27089	9556	2.46515086918239
293	51386	2.46439052493751
6156	6209	2.46417278248919
6138	6205	2.46206066137126
4085	55872	2.46185395951674
6136	6217	2.46114811982504
2109	4715	2.46033484543788
3320	84790	2.45960557879265
6170	7314	2.4590464734546
506	6209	2.45751137975273
6194	6727	2.45640833163114
4723	5245	2.45376340047383
6158	6176	2.45211625755054
2109	4706	2.45079977534389
2597	5223	2.4500002979229
6152	9168	2.44962038261463
1350	6152	2.44840628497934
54566	9588	2.44750817997702
1340	51079	2.44598477019853
6890	9246	2.44488930947001
6122	6206	2.44455423264787
6234	7316	2.44439301368102
26051	397	2.44049761660473
6165	6227	2.44006293764583
6191	6201	2.44005485433455
4666	498	2.43858156920153
84266	84331	2.43670087531895
4666	6143	2.43656931973118
5827	622	2.43592296232116
1350	55967	2.43537591779268
3960	6156	2.43426524112609
5250	6209	2.43422135211792
2937	4723	2.42984535856984
6129	84790	2.4280708542831
292	6188	2.42709720855025
4736	6217	2.42645836962796
2794	441151	2.42629514276249
5142	8843	2.42604616127558
3326	9343	2.42321229791101
60	7316	2.42306558981606
10376	6129	2.41661256043954
292	6234	2.41534552998025
10576	1653	2.41495513987374
6160	6210	2.41457485864206
10075	6209	2.41320624225635
1892	4191	2.4122023466266
6143	6160	2.4115155770246
4723	57017	2.41081848979859
2597	4637	2.40955916598453
6176	6206	2.40910294296865
10592	890	2.40875840146448
6143	6194	2.40823154573283
4694	51079	2.40800623042332
4642	79154	2.40769540917545
11224	6193	2.40747343963342
10403	11339	2.40724273151118
51079	84681	2.40705180159115
6122	7316	2.40619762791021
6160	6222	2.40550913828753
498	6122	2.4054171798956
10223	3856	2.40539455374343
1350	3094	2.40494401834727
1048	3958	2.40413646593892
6168	6170	2.40324951717244
3326	5725	2.40261191352586
4191	4723	2.40235465942597
6129	6164	2.40235215038638
57082	9787	2.40167336566546
4666	506	2.40049645146823
114769	9246	2.39802743606266
2197	51070	2.39716237967588
11331	4723	2.39641848484853
3122	972	2.39503309122715
4723	8402	2.39491622539779
51181	54998	2.39432444902379
6187	6194	2.39227362922898
117289	6402	2.39170749881415
1211	5714	2.389585110114
51386	6188	2.38871395996202
3937	5142	2.3886068261423
293	6223	2.38631955149668
5478	93621	2.38311193720176
293	6159	2.38256055824991
6160	6167	2.3823155055862
6122	6136	2.38079659136878
3161	9833	2.38008574398746
226	4946	2.37961274124056
4637	5250	2.37921308766109
1347	6155	2.37841713837728
3320	498	2.37791695136576
151636	83666	2.37765590434595
116496	3937	2.37754050164971
6171	6205	2.3762619127155
498	93621	2.3732860535067
6159	6204	2.37219769555151
10075	6171	2.37215149585778
6208	6228	2.37145346537635
293	4666	2.37139139078813
201475	3187	2.37084212366666
4706	7384	2.37042743151143
3134	3135	2.37029537379104
3161	4085	2.36903375358949
5250	84790	2.36738635511791
6205	6217	2.36497356172856
1936	51070	2.36465240619439
26986	4904	2.36431547263754
6167	6168	2.36261954455089
4706	506	2.35980610731045
1048	6187	2.35858763877414
4637	7316	2.35693754177063
26986	6209	2.35688160131188
2547	7384	2.35638124440137
6193	6208	2.35571178840865
4191	7386	2.35490269064222
10109	10487	2.35365253305267
54443	9928	2.35330291748537
6132	7316	2.35246204437021
29997	6160	2.35205746957438
3960	6187	2.35037048446102
6206	6223	2.34987358179152
2197	6209	2.34925717264476
2597	3939	2.34867079466461
3178	7316	2.34728011816576
4637	6228	2.3455247533518
3420	57017	2.34481360793476
6146	6191	2.34480628599704
515	689	2.34393172159917
3431	3437	2.34294036739827
1230	6515	2.34209491650475
10376	5879	2.34121224137955
10575	5901	2.34046562770621
23671	6239	2.33829525253232
6164	6205	2.33810563926095
11339	3161	2.33747463261113
1349	9556	2.33739159982272
5250	6128	2.33648432383572
6136	6161	2.3359651266868
3960	6170	2.33339175753054
3553	3576	2.33188902094693
4736	7316	2.33030591825703
10574	10980	2.3277694808878
9444	9938	2.32748698721452
3689	963	2.32690397643432
1340	55967	2.32626190556532
26517	65993	2.32529198027494
116496	5937	2.32526989392772
4191	5160	2.32401987186867
515	7419	2.32262045575272
22827	4809	2.32109821915328
6205	7316	2.32067594298536
4694	4708	2.3196286867694
7272	890	2.31843578403395
5250	9168	2.31750172474837
3172	54621	2.3173000427202
10376	3320	2.31495690276603
10673	117289	2.31352033635217
4708	517	2.31340949355666
1048	71	2.31120181195019
6217	93621	2.31003158024375
7456	9938	2.30785638373749
3936	963	2.30729096230305
5142	6279	2.3072846339102
201163	63973	2.3071744233889
5724	8303	2.30712322715824
2547	3875	2.30632484691865
3937	9444	2.30562741903608
10376	6191	2.30505688700462
2357	6280	2.30423714752445
27335	4191	2.30207279092343
1891	738	2.30175319083893
10376	71	2.30116771512545
6168	6191	2.3004294198177
293	6188	2.29986614921822
51386	6223	2.29871444801032
3178	6152	2.29857148928133
1350	6204	2.29831116205829
1019	2091	2.296640589034
84790	967	2.29534932321402
1915	6152	2.29211587764053
6132	6208	2.29196732421452
292	6228	2.29138472287033
282809	5286	2.29122225822793
57017	7284	2.29089084802943
4201	8721	2.29068804907561
4706	4715	2.28907259780919
115362	3937	2.28439985587569
1892	4723	2.28344324102702
4637	6138	2.28206767351201
6136	6158	2.28174893331026
506	6206	2.28133842095076
201163	23620	2.27890304689684
6188	7818	2.27675381301095
10376	6223	2.27653900184969
2109	3420	2.27644463154459
27335	5160	2.27450446707299
6217	6228	2.27417295260641
4736	6176	2.27138115795879
5879	6217	2.27056171228081
26986	6204	2.27045550519001
64333	83593	2.26907094324483
51762	7456	2.26730764381934
7314	9168	2.26430155421387
1350	51372	2.26355202411134
4496	4502	2.26328389187716
29997	9045	2.26278461173345
3178	6164	2.26250727038598
131566	201163	2.259450036528
3689	7805	2.25827416939188
1327	6228	2.25667201563308
4994	9719	2.2541250036442
10575	10576	2.25367291966881
6171	6222	2.25248034739557
6160	6193	2.24980478209155
6176	7316	2.24972260250192
3958	60	2.24970948317333
3187	9589	2.24835987469059
11224	2197	2.24786200265941
55872	983	2.24395070921424
6050	9158	2.24168511013227
3576	6280	2.24020278243372
6160	6175	2.2389187049879
27335	3420	2.2386339909013
3420	8402	2.23766827851891
55486	6223	2.23617982821
6132	6161	2.2342312620587
6156	6206	2.23402035070024
6187	6217	2.23335800649186
4637	6156	2.22990786962825
6160	6201	2.22828304695142
54440	64333	2.22670342135838
6138	6143	2.22640502756637
10026	81542	2.22401159551366
117289	2533	2.22356139743478
6129	6143	2.22153139562302
293	8665	2.22035066195822
51491	9533	2.21807904774553
10376	6176	2.21728130694145
7456	7903	2.21711603529949
1915	6235	2.21647924164536
517	84681	2.21319372472209
738	84331	2.21301543593785
6128	71	2.21260193862435
5725	7203	2.21074487710056
63928	79154	2.21072891195916
55635	57082	2.21021010354899
1441	2357	2.20659118793025
1350	6129	2.20544585861582
3958	6152	2.20531453881997
3659	51513	2.20266882558822
9045	9168	2.20022967853771
4706	4723	2.19910708451678
5788	962	2.19821320907655
2634	3659	2.19777227834236
116496	1230	2.19765175981896
6155	6235	2.19645900146453
6129	6233	2.19636091811579
6128	6208	2.19623353689446
1327	6159	2.19323190650321
226	5879	2.19172120576421
6155	84833	2.19111773731758
1327	55967	2.19061145260507
6772	9246	2.19043244248237
4715	5160	2.18906000905362
3161	890	2.18902317759174
6228	6233	2.18797649571199
5552	963	2.18706514529662
3937	83593	2.18605435333165
3613	84152	2.18600330702244
3059	3689	2.18500172319683
2597	6129	2.18220535003743
1155	200185	2.18211215187745
5879	7170	2.18209711831867
116496	963	2.18181233200314
6132	6158	2.18078382206016
6122	6223	2.18041979976149
292	6167	2.18031313219007
5693	5705	2.17975472438923
4715	7384	2.17918876305409
6730	7165	2.17909576301601
5245	64965	2.17902458022002
4904	84790	2.17873261072697
3958	6201	2.17857052034203
4722	51079	2.1768517781946
567	6235	2.17639064058705
11331	1891	2.17637384833477
22937	54795	2.17629191191748
1892	7284	2.17611150407133
6129	6155	2.17429312763317
1173	9784	2.17318698840817
6201	9045	2.1729767254482
4722	4723	2.17232946611244
54664	81542	2.16529767616958
54566	55450	2.1640417673857
1444	64852	2.16393922683719
11180	26205	2.16214890731731
1340	7263	2.16205229051089
51181	6182	2.16189396630957
6234	7314	2.15998236505612
6188	6228	2.15965862828973
60	7178	2.15814364360492
10223	10653	2.15814063913377
4904	6206	2.15746261571215
4736	6138	2.15712133079415
26986	51386	2.1568258907344
4191	4706	2.15637677511506
27333	5500	2.15597032025127
2215	60675	2.15281790049906
4722	7386	2.15203760742783
2597	71	2.15137805186598
2547	6188	2.15129048692119
51116	8666	2.15126992271503
6156	6234	2.15125621657258
11331	6159	2.15098067461839
115362	597	2.15064600168829
4726	8721	2.14557059011293
5229	55161	2.14397715182831
6170	6234	2.14351089684393
1350	6167	2.14019311531133
2512	4946	2.13740693225219
3553	50486	2.13668291165341
10501	30818	2.13343023983427
498	6147	2.13297272597663
6204	7316	2.13276833057683
29086	6050	2.13034821414757
1327	26986	2.130075576034
6133	9045	2.12989733484549
1329	4695	2.12969038520449
54443	57082	2.12715375304002
4194	4214	2.12630912087126
2633	6890	2.12592342902932
27089	3094	2.12549057312
113115	55872	2.12430297915909
23047	3187	2.12416932072978
6132	6191	2.12389602818171
4751	55165	2.12143063517605
5552	5788	2.1184130321556
5478	8031	2.11822211889635
5478	6136	2.11561312394553
11224	4666	2.11456799539334
5142	5341	2.11442138853921
3937	5724	2.11407987494132
2794	348180	2.11327332393631
3936	5880	2.11289243082282
2597	6133	2.11277863108405
6228	7314	2.11231241407905
27335	57017	2.11156938702351
4067	4332	2.11139290750893
10320	51466	2.10982620701418
283869	4994	2.10892310220743
50807	51762	2.10846291293614
2597	302	2.1069530645986
54664	8411	2.10376567508398
738	7923	2.10353599503647
1915	6175	2.10327690429616
3178	5250	2.10250092316875
1211	4714	2.10097382474529
6133	84790	2.10085274348601
348180	91869	2.1004584380999
7419	8802	2.10039524358488
3960	6234	2.09960029241606
5880	83593	2.09821581304181
3960	7316	2.09736974026051
1350	6155	2.09729720305411
24148	84364	2.09724444185098
1915	6129	2.09537887965064
51018	6059	2.09532855218488
6239	92482	2.09348432981448
4946	5879	2.09294267145299
6192	8287	2.09181448759172
56257	60314	2.09055369802998
23262	8723	2.08827805763123
4736	6160	2.08610889887396
11151	5880	2.0847503645934
6194	93621	2.08427141537721
11339	9837	2.08233557789776
23671	90485	2.08227198351806
373156	6132	2.08041761606597
84916	9221	2.08021986272621
506	6217	2.07903097920673
55872	83540	2.07857912350122
6772	6890	2.0784315977111
6146	6193	2.076714523153
6205	7103	2.07564493186742
7398	9184	2.07562048855232
5788	7805	2.07511937101315
79577	80006	2.07414729745959
55611	81876	2.07375881978
1345	3094	2.07327324192036
3059	6402	2.07143322793711
1439	597	2.07014991491273
6138	6164	2.06963856463866
4637	6164	2.06922345161249
23157	54440	2.06879497297575
10376	967	2.06835242309775
3187	64224	2.06496386357247
2197	4708	2.06454989639988
51428	60314	2.06405424652475
4666	6217	2.06350422879318
6122	6128	2.06311663010515
2633	54739	2.06227808049935
6187	6204	2.06221843802714
6175	7178	2.06106378598546
1072	1915	2.05886517276702
155038	3937	2.05857427369537
2109	7923	2.05828296291184
5879	60	2.05822582404842
2533	3937	2.05658357394442
4736	6155	2.05622981158417
3937	5937	2.05530037797305
3320	6128	2.05480676474018
4642	957	2.05466210387384
191	51253	2.05417488075509
26986	4666	2.05392809370708
506	6146	2.0535987593732
6138	6167	2.05170389717919
26986	6161	2.0509477963133
6122	6217	2.04986997789031
440574	7263	2.04846505546553
6191	6208	2.04810429910295
3960	84833	2.04756350227093
6155	9045	2.04630724260234
397	9595	2.04585381964259
4258	51264	2.04165433825886
4722	7384	2.0411267565913
282618	348180	2.04032790413507
3320	5478	2.03991429976835
84152	84331	2.03855496123181
27335	4706	2.03738206179795
506	6129	2.03686376747573
3420	51537	2.03586895078944
6133	6152	2.03517367270574
5478	7314	2.03486413814752
5937	9444	2.03404912712223
26986	6122	2.03404027962212
51386	57820	2.03312073297342
55967	84833	2.0313130373966
5552	59345	2.03065505279809
1327	51386	2.02973589153252
23547	58157	2.02670167311362
1327	7316	2.02576789923545
256987	55161	2.02550014509071
6205	6208	2.0241110799374
4809	83443	2.02292786109542
5079	931	2.02048665756777
1211	293	2.02039381298594
10075	60	2.01982596822401
374291	54998	2.01951439490263
366	6279	2.01913943457888
283349	6239	2.01904925991437
6223	6227	2.01767076757211
5479	5693	2.01656800390137
10376	3960	2.01535138145731
55450	8824	2.01478456156908
4191	64965	2.01279457346176
4706	7284	2.01230006592534
2197	6217	2.01197539591529
4666	6161	2.01162672819668
30817	64581	2.01117507060591
292	6187	2.00986394673492
6164	6217	2.00949300666198
4723	84681	2.00872341593083
10434	79982	2.00762366563305
11151	54518	2.00618879353468
2197	6138	2.00497202934951
4666	6176	2.00485037609682
6146	6217	2.00270017798472
6147	6175	2.00214956149366
29997	6209	1.99981477660452
7940	9473	1.99948183561936
6122	6204	1.9991888844941
293	517	1.99895993640684
11331	4191	1.9985816990596
11151	3059	1.99831524147527
292	4736	1.99683576873711
3576	6279	1.99558602511838
219285	3431	1.99450374861876
4637	7178	1.99422212904507
3420	4706	1.99267053436825
4720	4723	1.99183200771094
498	6208	1.98823340920159
27335	51650	1.98797213205481
10376	226	1.98694735665825
4717	4722	1.98654306707764
26986	6222	1.98339618845031
4723	51079	1.98241578063154
221154	51534	1.98167236000919
51762	79627	1.98086336300593
1230	5724	1.97989111443169
2109	51079	1.97973332609387
10075	3960	1.97880943118001
3059	5788	1.97779598597351
25876	6693	1.97721781005107
6890	83666	1.97590188020231
113115	57082	1.97253687590247
6136	6191	1.97247919875395
6210	6227	1.97240306980392
54443	890	1.97191277215714
51650	6227	1.97055115151101
5725	9343	1.96967740366032
113246	84266	1.96914656031729
6129	7178	1.96842721061823
2937	57017	1.96579279185836
6188	9168	1.96578749259989
3059	399	1.96514670463497
1211	57017	1.96508856520843
3937	597	1.96493458314017
293	4904	1.96442122302373
11151	7805	1.96401839418924
149951	6208	1.9633030643277
3326	7203	1.96223551737171
1173	439	1.96130515340129
5250	71	1.96067930673261
55303	8477	1.96040996889536
3960	84790	1.95988528359113
10121	7165	1.95905931055086
738	84266	1.95821001737504
1834	64852	1.95795250311608
4637	6188	1.95705030758409
6204	6227	1.95686529744099
6201	71	1.95685700354879
125988	54998	1.95549479299446
1340	4694	1.95521089119837
5478	6208	1.95493080692935
10436	10576	1.95360732876695
51372	6152	1.9531581162166
6187	9045	1.95242298835785
1072	567	1.9490690513973
6132	8721	1.94863219442192
3958	5879	1.94640440797781
6206	7314	1.94588176926571
51614	738	1.94535443998492
26519	83443	1.94523069791244
6217	6727	1.94447431414262
5142	6280	1.94190818958041
23560	51605	1.94170595041016
6155	6160	1.94055562660995
60314	8260	1.93783282478574
1327	7386	1.93662148211864
29940	59345	1.93585903761178
6208	9045	1.93582926481406
6208	6217	1.93492608623055
567	6201	1.93316581515757
1936	8721	1.93198107290777
292	6156	1.93153128608045
26051	5788	1.92971149984416
23456	80006	1.92956954322655
498	6152	1.92923325691635
259266	3832	1.92888034417719
3960	6138	1.92701974570026
6147	7314	1.92695202844539
153339	50999	1.92616500876826
498	6160	1.92574760878922
1537	57017	1.92399475919411
1444	1834	1.92114698514782
2000	81876	1.92105002107019
55052	5693	1.92103394530626
4637	5879	1.91822671257858
6133	6171	1.91819258764205
2547	3615	1.91746345984163
1891	293	1.91697433017518
6158	6159	1.91696952199574
29100	9784	1.91254095155241
11151	64333	1.91225126982025
23376	29766	1.91133570086216
509	84833	1.91022134596703
506	7385	1.909567374119
5698	7453	1.9095586009772
2794	773	1.90864223427584
3420	7923	1.90798248172726
4723	51181	1.90748969601137
10592	57082	1.90324087962076
4714	55052	1.9029126743595
55902	726	1.90286848071693
6133	6188	1.90272476242088
6152	6233	1.90131396740591
3960	6128	1.90111766986356
6152	7178	1.89997818155182
10195	10273	1.89983135958972
55872	7272	1.89832566984985
4637	6217	1.89715084224145
6235	7178	1.89623567208944
3320	6175	1.89588177330168
509	54205	1.89260980258475
6155	6161	1.89260234115786
6727	9168	1.89203775915442
10121	51428	1.89189434385526
3105	3106	1.88996462283598
1891	7923	1.8898527312144
64333	864	1.88954133564896
6170	9045	1.88939021045253
5349	9588	1.88780238847933
2547	506	1.88706503978593
10376	9168	1.88695607751257
2207	7305	1.88591243352209
373156	7167	1.88288875751252
3059	9595	1.88235697924311
6122	6161	1.88081084467902
533	55111	1.87992197132071
6164	6187	1.87933364536889
3320	6188	1.87925570903045
4694	51264	1.87835475916887
10598	4809	1.87781814122563
51234	5695	1.8764327649804
6132	7384	1.87476614726019
567	6228	1.87467659562389
1327	6205	1.87297398560937
1936	6158	1.87163090151525
11331	64965	1.87145551967455
6132	6160	1.87095123895529
3178	3960	1.87073090060345
2597	6234	1.86857208373326
10935	6726	1.86851088697641
353514	57636	1.8685027153969
6143	6193	1.86540010564394
3960	5879	1.86204223440488
6228	7316	1.862009725461
1340	84833	1.86034210315195
4708	54998	1.86021478369621
292	3320	1.85964117704327
1537	4722	1.85769298031684
2597	3960	1.85764521866289
4717	51079	1.85668629132505
5142	597	1.8562209316223
3936	83593	1.85519775595027
1327	3320	1.85504821661023
10075	6122	1.85342413787826
506	6234	1.84892520937963
26589	5245	1.8484663649033
3960	7314	1.84761198716259
26986	2778	1.8471160165815
6191	6223	1.8461637098668
6175	93621	1.84581439478123
539	8802	1.84484509861059
51079	7384	1.84481429292349
1327	4736	1.84456998424991
3875	506	1.84382934580879
6167	6235	1.8425937413321
4694	4715	1.84123357091729
1834	59335	1.83931284227714
103910	3958	1.8389705934175
2109	738	1.83876747496702
283869	65249	1.83847466164303
1211	373156	1.83718849068574
4751	9787	1.8360593945831
65993	7284	1.83587243487542
23180	397	1.83521004302115
1915	60	1.83499205809282
10434	79886	1.83492147224285
1891	27335	1.83451888805917
373156	51160	1.83311599013913
56978	5914	1.8304195686269
6122	9168	1.83003113026312
3329	4869	1.82956707455797
1892	506	1.82845726602174
5696	5699	1.82667788188
4736	6208	1.8260734879969
4809	80308	1.82550433483331
6164	9045	1.82507952062048
126328	517	1.82360532438684
2123	283897	1.82347913101113
6050	79001	1.8233094765812
5879	6206	1.82311445314912
4726	51264	1.82069322451979
4714	4715	1.82017852297503
6147	6152	1.81868093435737
55303	914	1.81867960742856
3107	4946	1.8185759477472
7805	92241	1.81829072239852
1327	2197	1.81781372327113
126328	4708	1.81765015682349
2207	64581	1.81716261611956
29780	6196	1.81693056187161
26986	9168	1.81421335450311
10273	9380	1.81386294854168
51079	84266	1.81313490887141
10376	5250	1.81257212022134
6152	6160	1.81179209950541
1836	957	1.80939530583731
4644	7903	1.80935514770353
4085	983	1.80662388384893
1936	6132	1.80594997963181
201163	283869	1.80574272739242
10574	5693	1.80547541194315
6201	6235	1.80531095204636
5689	6634	1.80449008431433
6206	93621	1.80394080179057
1340	440574	1.80311504576491
6193	6194	1.80144631864627
23643	5552	1.80057381458209
8477	963	1.7995420491591
84790	9168	1.79931986311282
2109	2874	1.79919268122262
3059	83593	1.79908519722899
4637	6176	1.79857500018499
292	6122	1.79674335654818
6152	6187	1.79622302417713
4688	5552	1.79572810233112
7009	754	1.79539206600953
6160	6209	1.79442551363188
6155	6229	1.79320118575821
6206	6208	1.79309721188565
2597	93621	1.79184096479046
3832	890	1.79182236902922
6206	6228	1.79101636812597
2109	4191	1.78711980001414
293	7384	1.78502129029834
6147	7316	1.78465442047154
1350	6228	1.78172079037903
6146	6222	1.77955527523817
292	6132	1.77912363660462
5250	6133	1.77862945648201
3430	5699	1.77785902032794
3615	6132	1.77783174409169
302	60	1.7745915483934
51386	6132	1.7736703976933
59345	64092	1.77347796964965
4904	8031	1.77268234222933
3932	54518	1.77256346671046
5349	8991	1.76844115522341
1350	9168	1.76740142992601
23787	51506	1.76625981423047
1329	27089	1.76586180005141
57017	84331	1.76575988243473
7456	91526	1.76473051323999
1266	6239	1.76466881644875
6129	84833	1.7639623579136
1915	7316	1.76374875466601
1230	597	1.76232477711882
2155	91179	1.76192956683687
6191	8031	1.76189168415642
51203	55872	1.76184298239447
26986	6132	1.76163778867847
6167	6217	1.76031270942635
6155	6210	1.76021730096476
4904	6122	1.76019977692662
1327	293	1.75929859479791
79886	81542	1.75774707233908
4642	51196	1.75679556957693
2197	6727	1.7555647607797
4904	498	1.75548263356237
2621	738	1.75545867304985
2547	55486	1.75542051057478
6122	6191	1.75471460602993
498	84833	1.75363613712541
2357	26253	1.7533452451236
11224	6208	1.75297506064568
1327	55486	1.7515027973292
1213	8031	1.75078747167845
3187	9819	1.75036584866754
293	79002	1.75008785661432
55486	6159	1.74875056377145
10273	128240	1.74695075530989
1444	59335	1.74664756531503
2197	293	1.74512875822478
292	6205	1.74489799333743
4706	51079	1.74445605355429
57863	654429	1.74406188046094
6143	6234	1.74271218733293
3178	93621	1.74131783339668
5879	6194	1.74030354971505
2268	7940	1.74010907183154
6208	6222	1.73976109264376
10632	11224	1.73914222648004
115350	931	1.73871319674845
27335	4715	1.73858752146096
51203	9833	1.73662225318506
10598	2091	1.73513559769091
4666	6158	1.73512780446504
117289	23643	1.73503810342441
1892	7263	1.73453440357484
51386	6204	1.73442833866606
79159	8893	1.73284700639291
4994	90485	1.73240114829971
6136	6205	1.73233678624695
2357	3553	1.73107316593015
6164	6170	1.73100883174946
26022	84279	1.73051457497239
6191	7103	1.73001149611381
1915	3960	1.72919496347982
5879	967	1.72867214093609
1441	6280	1.72848059676706
292	7263	1.72827151488344
11339	9133	1.7276297184943
6787	79577	1.72692004799091
83540	890	1.72663991585132
126328	65993	1.72495792144958
1441	50486	1.72469004197514
6193	6204	1.72414146101548
11224	6136	1.72341524738922
1340	2197	1.7229230743095
5880	92241	1.72186724044425
10434	8411	1.72153787627978
348180	79444	1.72036176803489
3934	629	1.71948010868181
51368	84954	1.71695882023668
6158	6227	1.7149581984361
6170	6171	1.71453749721082
51264	8721	1.71381829239425
4666	6727	1.7134797621845
54205	7419	1.71318637698438
10403	9133	1.71305729811726
126328	8721	1.71289616118996
51035	51070	1.71281530770503
1211	55111	1.71255698731884
6165	9349	1.7120149524162
6167	7103	1.70904360663034
5245	5695	1.70827591126445
115352	1380	1.70695725383683
3960	7178	1.70450134462231
348180	57863	1.7044223090807
4869	5478	1.70420276813411
4637	567	1.70209404401333
5552	597	1.70152538867286
26589	64965	1.70147145793881
4723	738	1.700834105631
1327	84833	1.69965582272586
6727	84833	1.69923339412388
6164	6176	1.69796303966613
10121	9026	1.69795738498586
10980	55651	1.69496076749089
1915	4637	1.69378776286498
3937	59345	1.69378545409831
10733	55872	1.69342448326106
3960	6205	1.69342062527607
6170	6201	1.68983220242537
3094	9556	1.68909015669753
5250	6222	1.68903237073392
348180	773	1.6842101179765
5879	6209	1.68364095768959
226	23787	1.68323053283181
11224	6159	1.68178369301626
7052	8542	1.68141797079061
293	8721	1.67989129799819
3883	79444	1.67832624571514
10434	55297	1.67821868710043
4714	51264	1.67668707248978
6176	84790	1.67668652312337
6138	6727	1.6763023263922
1892	3030	1.67605031982625
7178	7316	1.67589776656925
6191	93621	1.67482458070516
2091	5245	1.674632835525
2597	3958	1.67460720473962
397	6402	1.67450601476078
4723	84331	1.67307516103179
4191	8802	1.67296005826723
506	57017	1.672955324638
29966	64844	1.67078328204703
2937	4191	1.67006317357267
6132	6143	1.67003342477342
517	738	1.66987219457138
6158	6188	1.66892590437248
5725	9221	1.6688660848654
6891	9246	1.66803492853169
117289	597	1.66800458755265
29896	4194	1.66629138902728
6171	7314	1.66589330662339
1211	3182	1.66424834331526
6132	6222	1.66371426888449
10075	6217	1.66243955221999
55967	7386	1.66228454255275
5142	5937	1.66079010805217
117289	3059	1.6602408206126
6157	6239	1.6590509947463
6170	7316	1.65465731785682
6147	9168	1.65455085201449
6156	6164	1.65342103545746
4736	6164	1.65232817385453
4771	79039	1.65210130305444
10026	160418	1.65079672871458
51433	8665	1.64874325013664
7316	8031	1.64713603082998
3420	84331	1.64629980671467
10135	3576	1.64593827579119
6152	6194	1.6455540240383
11339	9787	1.64545333729663
117289	5788	1.64465932209114
11235	54951	1.64298429568151
5478	84833	1.64250968314734
2580	79903	1.64246405793173
3875	6188	1.64243139270328
29997	6161	1.64088487148034
5725	8662	1.64087783353121
10980	29086	1.64023988485233
1834	654429	1.63972464520294
10673	6402	1.63756819024329
64743	83547	1.63668704893352
11339	9768	1.6364832591406
3832	55635	1.63630452730369
10574	3615	1.63519484929983
3832	83540	1.6341450266201
1977	9908	1.63321853804709
23671	9719	1.63218240479618
1340	8802	1.6319629187257
6188	6205	1.63145092127529
55872	891	1.63072121929697
4691	5901	1.63047957486755
27089	4695	1.63016047772412
128240	51614	1.62979681802779
1891	79077	1.62937845256499
51513	83666	1.62904930242684
1266	27333	1.6282678594631
1327	71	1.62665444604633
5552	7940	1.62611023292329
6164	6228	1.62581168141275
1891	57017	1.62506939440894
29127	55872	1.62483789771286
6194	84833	1.62457045840899
10261	2268	1.62439504730142
3960	6167	1.62395874184149
6161	6168	1.62371337389029
6146	6158	1.62247739315607
498	567	1.62220172175303
2919	6279	1.62218881003605
2794	9883	1.62114711886447
6152	6171	1.62092674427366
293	3615	1.62044512645546
1892	4706	1.62018823257657
6138	71	1.62003958005969
10574	29086	1.61982155941631
6201	9168	1.61936747518555
7940	963	1.61839206841514
3320	4869	1.61723893706036
7384	7386	1.61579364217544
6597	8241	1.61546251641047
55967	6146	1.61443566590475
64092	9976	1.61427802116377
27335	738	1.61291794939483
5250	6191	1.61249919922497
4751	54443	1.61108914670766
284106	3420	1.61015290928281
10632	1329	1.60904703904075
5788	6402	1.60855118143997
4869	6128	1.60848535356262
3178	6171	1.60803837308844
3420	4191	1.60799323844388
256329	5923	1.60752469974557
533	550	1.60578362072568
6156	6233	1.60491843040905
2358	26253	1.6045910402574
51386	6208	1.60384686256397
1444	90668	1.60347597787661
3932	9404	1.60297250818749
1347	6152	1.60274326140303
3832	57082	1.60261426129321
54205	689	1.60225843637423
79624	91137	1.6018800618111
1327	9167	1.60118709921325
6160	6165	1.60031240873341
4994	79867	1.59662442700962
126328	293	1.59649344430289
4751	55872	1.5957296524275
11315	4869	1.59544900899102
3431	83666	1.59451596521513
10273	5859	1.5943811625847
6158	6193	1.59405034748696
3420	7384	1.59231915901801
5355	7384	1.59207644122498
11331	7284	1.59002735118066
50999	81542	1.58785994405563
54440	54518	1.58760564994679
23262	91137	1.58716530146241
2215	4067	1.58525155213645
51264	5693	1.58522438186171
6122	6228	1.58500381194421
8662	8890	1.58475106836828
4689	64581	1.58472776508037
6239	9589	1.58339768149309
2358	5142	1.58281915303331
226	3106	1.5820219682658
10273	6050	1.58081667188987
5879	9168	1.58073596674264
10403	983	1.5802482493464
4495	645745	1.58005417909404
11224	6135	1.57820891299595
55450	957	1.57756387190176
9246	94240	1.57683640073043
10284	11224	1.57663578191971
51056	6772	1.57663308052118
1345	509	1.57560514505154
506	55486	1.57511955997466
10175	60592	1.57443382801284
4751	51203	1.57438268219384
1834	51308	1.57367159911475
891	9833	1.5733949472288
6156	6160	1.57332637495745
2642	90668	1.56992336902988
1350	6194	1.56953303975728
10376	6146	1.56916690796921
5429	79444	1.56807777221665
10273	51293	1.56737847602687
1327	6167	1.56730965860567
55111	9217	1.5658359873577
51386	6193	1.56501121610579
50999	8411	1.56443761326886
5859	6132	1.56346524812153
11315	5223	1.56282957397418
63973	7380	1.56192331408946
2357	5142	1.56181077590816
2633	9246	1.56113838536682
7314	7316	1.56033115603293
3832	9787	1.5584383843937
10376	4666	1.55756662495434
1211	4722	1.55750851145339
3108	3115	1.55672338786944
151903	293	1.55331537764624
25824	5245	1.55238138593968
2123	80342	1.55093723907665
23671	63973	1.55092314810602
2197	6194	1.5508288867384
57019	9221	1.55022494764303
3937	7940	1.54778865094388
1441	5724	1.54767657168923
292	6176	1.54728366073724
6143	6165	1.54713252581837
1350	3960	1.54641072683708
51596	55182	1.5463394824919
115361	3437	1.54567539235891
2197	29997	1.54546261009838
293	373156	1.54499203848078
6136	6165	1.54307569688057
201163	8092	1.54275700496633
10598	3326	1.541816351092
10576	26589	1.54165950962642
6146	6176	1.54027252249938
4637	6208	1.53938234070248
4706	5245	1.538879422456
2597	7170	1.53638920152132
4236	6730	1.53515915127674
65249	90485	1.53486471355815
1230	64581	1.53467629701721
2794	79444	1.53438973340892
3960	6228	1.53242399990652
2324	3581	1.53148304729893
4191	7385	1.53113546242057
103910	5250	1.53043747140505
3875	6132	1.53042619019391
3059	92241	1.53014825152067
1915	5478	1.52948603281579
50856	5341	1.52630122448483
6168	6228	1.52622360995788
29992	353514	1.52593021680673
3936	399	1.52515704685541
3178	9045	1.52395785081933
4637	84790	1.52238025753333
10075	6228	1.52090518269691
129401	25879	1.52024852127848
30818	4635	1.51960334113879
6194	6201	1.51901764727759
4493	645745	1.51723767443046
3178	6217	1.51492121265147
1211	2547	1.5147508787127
3937	5341	1.51182680469307
10899	6159	1.50964304352729
6133	6176	1.50849583573076
6152	6204	1.5082599256074
6208	6227	1.50823459251252
5250	6217	1.50791200841035
4666	6191	1.50753883324959
51228	9588	1.50735504756014
4706	64965	1.50602998049513
10376	6161	1.50602101647732
57017	64965	1.50521558296449
3958	84833	1.50408483723136
3313	85476	1.50354480635711
54951	60592	1.50268742652653
10383	22827	1.50256988644
10591	3421	1.5024552626583
23787	55182	1.50164915282498
3937	6351	1.49893735571089
10673	2533	1.49808614420249
128240	738	1.49801438782279
51079	54998	1.49797352070263
1327	6143	1.49774901234686
11140	51428	1.49770901578518
6146	8031	1.49643195124811
55620	8991	1.49596901267786
200576	51742	1.49326225611659
10899	4714	1.49288590355242
1211	7284	1.49273308862383
5250	6129	1.49239598563621
26127	64645	1.49215641440283
2597	3105	1.4914828022426
23203	51116	1.49119483928359
292	4904	1.48940581509116
3627	3659	1.48844027665516
1329	1340	1.48828680229616
28987	56652	1.48729579651711
64844	79982	1.48699119872157
4706	5160	1.48522118757922
1340	506	1.48520197258105
79646	817	1.48385833864542
5204	6227	1.48382949840703
2006	441151	1.48268350161705
4869	6194	1.48268177148187
2937	7923	1.4809721457717
26253	6280	1.48031294501236
196383	7940	1.47994838811325
4723	64965	1.47936682804603
29997	6129	1.47825902556936
26355	8802	1.4768055594193
6128	6159	1.47670234497998
26051	962	1.47369313835199
302	6175	1.47291184236326
6156	7316	1.47159236530008
6205	6235	1.47102117891185
6159	6194	1.4708836635726
3627	83666	1.46974586112211
155038	60489	1.46965291721293
10273	550	1.46943939777749
5817	8021	1.46830977214324
1351	51079	1.46655534750419
29966	79982	1.46648187907149
4771	7156	1.46632572270135
115361	83666	1.46625860316848
55486	6128	1.46450637123339
1211	6132	1.46377513000762
4869	6206	1.46341859765418
4736	6128	1.46332683637537
10273	2873	1.46206258740492
567	7316	1.46182250503877
79867	8092	1.46124763858197
3958	9045	1.46063627726272
567	6161	1.46015737925048
11151	83593	1.45991188360813
373156	7284	1.45921239428458
6159	6188	1.45835716373248
5245	54948	1.45833398976302
64224	9819	1.45809778719388
3112	5579	1.4576154052303
158	6628	1.45689300518394
5074	79886	1.45670646994766
3420	4722	1.45663184953745
3939	967	1.45592125130275
4666	55486	1.45519595975594
23620	57795	1.45496765372247
1347	1349	1.45485662991672
302	5478	1.45369489368097
103910	292	1.45282014669851
55111	7384	1.45187944660122
55172	889	1.45186364719006
2597	6204	1.45078602445087
2533	5788	1.45042949533568
1915	6206	1.45013629954167
515	539	1.44965587937836
6195	79903	1.44952576570122
283897	7456	1.44695745820431
50486	5142	1.4469067542489
4332	6279	1.44520621219653
890	983	1.44460868150883
55024	5579	1.44453125573903
26073	3420	1.44405361493354
103910	5879	1.44280152169586
10653	7384	1.44254368607879
6223	84790	1.44091871063865
4904	6146	1.44006655553487
4201	51070	1.43943345584512
6223	6228	1.43868186049021
10195	550	1.43846956930189
4715	8802	1.43834052732005
498	7103	1.43785281512963
2597	7009	1.43690405629868
10899	4666	1.43604499035421
6143	6159	1.4344203851371
6164	71	1.43415523920681
3613	7923	1.43362115934642
10980	3615	1.43266556622287
6188	71	1.43260163032406
1135	57636	1.43232128924925
57082	83540	1.43202726623214
3155	4723	1.43050049025561
6132	93621	1.42864300955863
26986	292	1.42684255624436
6175	6727	1.42539318695572
5901	7203	1.42519789252194
3689	6275	1.42403223399214
55814	84146	1.42373429597396
205147	256329	1.42237779873273
293	506	1.42120343520812
285613	348180	1.42108360436208
374291	51181	1.41991942254273
5724	64581	1.41917457596996
4726	55052	1.41732321374922
2197	6160	1.41703489688273
2155	57863	1.41576380421513
55111	81932	1.41463727893801
10574	7818	1.41453763123315
3553	366	1.41419274191753
6727	7263	1.41411644239939
55759	9933	1.4132616401249
113829	2873	1.41313378782119
128822	57795	1.41285782007685
6143	9045	1.41157026742905
113829	22827	1.41150819999016
397	92241	1.41100004957312
6132	6159	1.41051559320302
6228	6235	1.41011073778111
10121	51547	1.40942786277275
1439	7940	1.40848630289444
4502	645745	1.40817903584181
26986	6223	1.40801940667736
27335	51079	1.40795036982094
1439	5142	1.40589236228012
7805	7852	1.40577594934964
51264	55052	1.40574521259475
4723	8209	1.40562809654239
3937	5788	1.40483681672548
55165	890	1.40440584430847
3958	6204	1.403405516498
4723	84266	1.40332724278902
201163	7380	1.40271967474141
23277	25823	1.40229944736522
3106	4946	1.40199037079357
11224	51650	1.4010582377229
11235	153339	1.40024053619694
6170	6233	1.39956701509494
10980	51234	1.39875914470678
54905	79444	1.39833641313058
56882	9589	1.39803014045751
51124	57092	1.39703919548157
3958	6234	1.39699538173106
3752	50506	1.39509046556623
6201	6204	1.39509029749847
338324	441151	1.39464462077176
29086	9158	1.39408244457196
1135	64852	1.39229204429209
1891	3613	1.3916958652572
3437	3659	1.39073513882247
5696	5721	1.39060797776462
11140	29100	1.39049397044475
64092	963	1.3900116474732
128240	2621	1.38988667144262
3320	6132	1.38893298784085
3182	4904	1.38822923263081
3958	6164	1.38740636787721
1936	6223	1.38676990902893
140823	84316	1.38674497704617
4869	6146	1.38638773500849
27335	6159	1.38584603728305
51160	7384	1.38514601932682
10376	6133	1.38482769728889
3420	6182	1.38411805938789
51181	84681	1.3837867140489
3875	7417	1.38270145684908
3320	6138	1.38201101726475
51168	9108	1.38186298778949
6147	6194	1.38095586790986
11224	6146	1.38093399224715
2597	3107	1.38076840180855
29997	6143	1.38022081100146
26986	4869	1.37830456717147
1211	50	1.37704672294417
116496	7940	1.37660772309608
79591	79594	1.37603436261861
55165	57082	1.37562717843577
3059	8477	1.37558247727845
1350	6170	1.37503142064702
116496	1441	1.37466495602496
6891	834	1.37448966333956
3620	9246	1.37438026056311
5901	6427	1.37425934727824
348180	9048	1.37410230850045
55739	63917	1.37371116915434
26253	5142	1.37321052821306
1434	23234	1.37318012798579
10980	4904	1.37169761573723
64856	80781	1.37148802415969
71	9045	1.37140623662463
1340	8721	1.36796431017618
54443	55872	1.36767951939744
3883	610	1.36765693838057
6170	6235	1.36690343309729
60	84790	1.36642474039044
3937	8477	1.36589533358168
6141	6158	1.36585419008024
10598	55226	1.3655756086382
5250	93621	1.36548265685234
4706	4722	1.36475986955694
51428	8893	1.36439239905555
4714	8721	1.36402970403136
117289	5142	1.36363829197542
6143	6228	1.36356995585634
5250	6188	1.36349322275927
27000	84549	1.36154617977616
6133	6160	1.36153921234534
221154	34	1.36092134936956
5478	7178	1.36035973957856
6146	9168	1.36033749601444
517	6158	1.36029541325857
153339	23262	1.36009115509216
515	7385	1.36008392487527
6222	6223	1.35947656094012
26589	64983	1.35877751162038
10809	84279	1.35827533907112
6161	84790	1.35790631673728
60	6222	1.35575355867853
226	2547	1.35546313000476
5788	59345	1.35498020362773
293	6138	1.35476676264021
54069	9133	1.35456550917238
6176	6201	1.35392326843393
4694	4714	1.35369318488746
57082	9833	1.35336973068254
2319	9026	1.35185077172847
6129	93621	1.35011662433365
55486	6138	1.34839458680979
373156	506	1.34743629083658
6158	6209	1.3473012144508
4771	57731	1.34689861820854
3932	397	1.34600683557243
4706	6132	1.3445396048041
6222	8031	1.34442950839039
3178	4637	1.34439513894097
506	7284	1.34431969483538
140823	6923	1.34426256122952
302	71	1.34405915471879
3937	64581	1.34148209084697
6206	6727	1.34055567733385
285672	84272	1.33921962819828
151246	57082	1.33894217916961
2597	6122	1.33889169120477
7923	84331	1.33837556664447
6167	7316	1.33786606783385
3960	6217	1.33782630788253
4085	9837	1.33708107815126
113246	517	1.33698033594617
293	6136	1.33659760048667
5245	7384	1.33464624729767
2197	6208	1.33426508525832
81615	9448	1.33354195152311
10197	10598	1.3327148532298
26986	6234	1.33160245309417
3094	6227	1.33146603027319
10273	51181	1.32993595567119
3581	54905	1.32944002632091
3291	79154	1.32872962723425
292	9045	1.32859039072407
4904	6159	1.32854551884194
11315	28972	1.32819523633581
2937	5245	1.32785018466046
64333	963	1.32770259651324
115352	55024	1.32552403030766
517	54998	1.32526106164087
10075	5250	1.32380487561048
1349	7295	1.32376685013985
3329	7419	1.32228717499714
84833	9167	1.32177626845468
1211	7386	1.32170881197513
1211	4706	1.32039672990048
64965	7284	1.31943806342484
3958	6217	1.31902630332431
4128	54566	1.31897037221867
23787	293	1.31726270780307
498	6727	1.31700866538321
11151	54440	1.31610521328063
2109	645	1.31604397546552
6170	6217	1.31477604178733
4723	54998	1.31475126417175
2109	84681	1.31341082676226
6201	6233	1.31308881540025
11282	8824	1.31283846181096
3094	55847	1.31198411674284
8664	8666	1.31045316580014
3320	7419	1.31003022551208
4715	4722	1.30936214773697
6128	6176	1.30807223432974
3178	6204	1.30794025184949
6155	9168	1.30779131115638
55024	9214	1.30728713828845
26986	6191	1.30588860633592
55079	65249	1.3053788141274
498	6136	1.30501969483502
23787	8721	1.30491243106068
10591	5694	1.30449474004583
6164	7314	1.3038144131907
3437	4939	1.30373327414566
1836	55450	1.30354795088572
293	55486	1.30341948682786
6222	93621	1.30285914041643
6146	84790	1.30182528516946
23096	441151	1.30045246189001
8284	8287	1.30004201671943
23096	5076	1.29999902422098
57731	79039	1.29985777919699
2109	57017	1.29941685352992
54756	5733	1.29879330746692
348180	56171	1.29764209147176
4085	9787	1.29666021361959
25824	4723	1.2964202163238
51386	6175	1.29635397270476
6503	89790	1.29632380039258
5160	57017	1.29554755461313
1029	80003	1.29496831553965
6152	6168	1.29493438202823
55916	8723	1.29339785000394
126328	4694	1.29320436327212
51116	60314	1.29314748234459
10980	7458	1.29242352832206
738	8665	1.2922179112159
51398	738	1.29063835117211
3856	7384	1.28913907625339
506	5879	1.28860371111485
23671	8092	1.28785582498429
4283	6772	1.28746245329788
440574	7385	1.28611224899259
23376	282809	1.2860983173072
5194	79624	1.28595509231816
4191	4722	1.28533606088464
23262	8411	1.28339182329757
466	6787	1.28308713626817
6206	7178	1.28277138613885
10598	80308	1.28244536753267
51202	7268	1.28121812832926
11337	23787	1.28106160315089
3178	6201	1.28039656476766
27335	84331	1.28014042315599
302	6209	1.27953466906903
4332	8942	1.27896939754654
10632	1340	1.27896921746223
10376	1211	1.27888855940206
339834	83698	1.27854169515771
2547	8721	1.27774726491877
125988	5694	1.2773190463392
10403	4085	1.2762486031149
3115	972	1.27584920112621
128240	7923	1.27511106342712
3856	9961	1.27485384243733
1936	6188	1.27473486729363
2919	3576	1.27440743362162
1499	80005	1.27374229334203
55486	6146	1.27357475840698
26517	7284	1.27278459676599
201163	80005	1.27199788996419
57122	5984	1.27085191036481
26355	5160	1.27076021635225
2794	54905	1.27075725200167
10594	24148	1.27005344846402
6143	6161	1.26946727219865
689	8802	1.26941723057062
6160	6188	1.26929500370962
466	80006	1.26606089475396
3320	4904	1.26365931835913
259230	90	1.26330343286908
25828	5694	1.26323468960838
23608	51567	1.2628361180766
7431	7805	1.26145579031577
348180	441151	1.26122067771569
11339	54069	1.25772790342162
1719	890	1.25747739414784
11331	7386	1.25711969322256
6138	6170	1.25707780962778
1327	6727	1.25676028983223
10376	2547	1.25654301267478
5429	90668	1.25639842036343
6136	6167	1.25540454779801
6209	7178	1.25531450641317
57017	7386	1.25514587510259
5142	9444	1.25510224024167
10223	50	1.25479526682075
4072	6171	1.25354143774847
9168	93621	1.25352525766502
2896	51614	1.25328313128085
27335	293	1.25272760302663
51329	5694	1.25150833318632
55052	7203	1.25080314036858
1834	5914	1.24991447900772
6146	6228	1.24987240104024
10861	362	1.24881581492869
140609	55297	1.2485537783899
2197	4706	1.24819360444405
10320	91526	1.24672146282709
1266	3187	1.24631743704884
10592	54443	1.24598741247435
6138	6158	1.24596197415692
131566	63973	1.24547249843832
55486	7384	1.24508007308558
134288	5076	1.24488115942219
11320	51	1.24475564953613
1211	3420	1.24433044245964
103910	3960	1.24371705093255
6217	8031	1.24359834904185
125988	4723	1.24303811844191
10381	10383	1.2421730918143
10075	4637	1.24190480924088
1350	6138	1.24128538818431
6167	6171	1.24072039809549
1327	29997	1.24070341953415
4666	6122	1.2399396795732
29997	6146	1.23876142758357
125988	25828	1.23676473594931
506	6727	1.23553650069937
10175	54951	1.23507173620645
4637	8031	1.2338662327033
6164	6208	1.23253872513675
4191	51079	1.23212917839236
201501	8165	1.23193395242521
3613	64965	1.23153861399535
6160	9168	1.23150271527127
5160	55620	1.2313955025867
4700	522	1.23052213145343
6223	8721	1.23049225797094
10376	93621	1.23032792879762
83593	864	1.22911220843284
11314	64581	1.22873058360162
5142	5552	1.22767611337255
6204	84833	1.22705156562169
10134	7167	1.22650224555284
11224	55967	1.22638629682031
1291	83700	1.22633396011329
126328	51070	1.22581929004731
6161	6233	1.22484307176335
10574	55651	1.22459689021228
5500	6239	1.2245256867287
5500	92482	1.22439768759393
60	7103	1.22408365066815
117289	50856	1.22339060201466
7852	963	1.22320642367774
1043	11151	1.22288222083162
1087	51316	1.22269219585699
4994	63973	1.22177249780121
29095	435	1.22141919370578
10376	6122	1.22139316149931
3689	3936	1.22132039015657
4191	4258	1.22125796560288
1327	6170	1.22083159941067
10261	1439	1.22052069484227
10733	9833	1.2203577697807
6208	9168	1.22032233788801
302	5879	1.22029401801321
10594	221496	1.21889374834468
1891	3420	1.2188054301255
25879	51018	1.21858208741853
50807	6515	1.21821808656659
5698	8519	1.21773206119595
890	9833	1.21772665572766
11331	3420	1.21738175873716
55194	79444	1.21598599146007
7431	83593	1.21596899056108
51637	5689	1.21490277856921
366	4332	1.21465686745166
10899	51506	1.21447190133903
51079	7284	1.21345726196533
5250	6170	1.21309741761678
117289	5341	1.21148239727488
293	9710	1.21135977994017
517	8721	1.21128312215618
10980	5710	1.21120263535486
5429	5923	1.21094357214536
5683	8520	1.21041608111749
60	7314	1.21025784709662
11224	1936	1.20962872332203
506	56649	1.20934743217622
29100	60314	1.20908033426833
57175	8985	1.20862722678421
146429	441151	1.20723728228073
284106	7284	1.2066386472371
3320	6206	1.20657336324348
3105	6209	1.20588629796111
55486	7818	1.20570472127412
11224	6160	1.20570441655975
10075	6138	1.20565046931625
3182	4714	1.2054361851575
4717	84681	1.20424061882695
2197	4714	1.20398440811221
11235	50999	1.20377827746842
1350	6227	1.20347551606147
1213	4677	1.20333509982001
23350	6059	1.20310766429534
115352	933	1.20245534068755
2357	3576	1.20115478178067
4869	6188	1.20114008201417
51386	6234	1.20067957659652
112	9920	1.2004748959796
3178	6234	1.20006743660294
1653	3182	1.19973118738234
6146	6164	1.19825248434087
2547	7458	1.19783430394523
5142	5724	1.19749585277727
6749	7203	1.1968615921239
506	5160	1.19597025616283
4771	56905	1.19564617505711
5250	6138	1.19522573832351
4666	9045	1.19522107730958
1230	2212	1.19483615131725
4704	4723	1.19285249697777
498	6201	1.19283534316623
27243	7263	1.1924793134226
373156	65993	1.19221017049297
259266	7272	1.19134971583812
51181	517	1.19089446868332
126328	84681	1.19080026106667
56171	5914	1.19077555576861
1043	3932	1.19073528449841
23658	5440	1.19031743155467
29100	51428	1.18915620730454
51386	5859	1.18766428424073
6129	7314	1.18648180402703
55635	890	1.18645461033926
10223	506	1.18621095287625
4720	4722	1.18594292450414
474344	9595	1.18476524266048
129293	92211	1.18447798528931
11331	293	1.18348268445672
26027	84187	1.18277772468779
11224	6138	1.18198959986832
226	84790	1.18175942884906
219285	94240	1.18150116604669
259266	55635	1.17844734254937
2109	3030	1.17827052571139
51386	6194	1.17752619295174
117289	64333	1.17727818034848
1347	509	1.17727455270437
23787	2547	1.17699440641333
56915	83443	1.17625879156733
6128	6136	1.17612552502556
2324	6886	1.17480109522415
1537	7384	1.17436743133472
6206	967	1.1727160446505
5923	84449	1.17205004682185
11219	56834	1.17171073865464
292	6223	1.17147977465377
4325	6899	1.17131539360281
4332	5142	1.17111466286908
23262	84333	1.17094108673888
1811	84419	1.17091514196081
4332	64581	1.16997514142156
11331	4904	1.16957356350108
387	5230	1.16952031467006
4869	6138	1.16914202189679
226	4904	1.16886867558308
293	6158	1.16885105362777
5223	967	1.1681122045135
6122	6160	1.16776656937037
23157	5579	1.16722646165194
4720	7284	1.16715833649237
149951	6158	1.16709143753579
4736	6235	1.1669115860786
3431	9246	1.16688424207119
10438	55297	1.1667204187633
126328	7284	1.16667895538094
226	3107	1.16622415735588
1836	79154	1.16620140373975
10287	83593	1.16612505108462
2705	83986	1.16515876343629
2197	4715	1.16465373910872
23549	4723	1.16383681504903
7385	9377	1.16358817592434
24144	83931	1.16331905881689
5683	5685	1.16322686595898
6129	8031	1.16266794138142
10376	4637	1.16230780447285
158	2091	1.1600192364389
11151	26051	1.1599531347181
2533	963	1.15991955370408
29997	6175	1.15790481377506
117289	155038	1.15773144648444
26355	7386	1.15766639912336
1048	7314	1.15707120072401
55052	55651	1.15645690675636
26051	3936	1.15613918682756
29997	738	1.15535717969643
81611	83540	1.15379961638724
6217	7314	1.15366553561533
55450	9588	1.15261171171753
10642	4994	1.15216542121203
26051	64333	1.15179125165439
84279	84331	1.15113143665587
6136	6222	1.15048302856165
4637	6146	1.14956402358748
2215	3579	1.1495335884123
6239	9819	1.14942429445358
2547	29086	1.149274909866
219285	3437	1.14917212943652
4694	6234	1.14902704080429
27089	4707	1.14828716547165
348180	51308	1.14755066344864
5710	7203	1.14681144044171
55226	5725	1.14518910486562
6160	6206	1.14514045474263
54518	83593	1.14499492084919
153339	54951	1.14416270242281
466	84146	1.14387031366137
1002	30818	1.14361991050315
3178	84833	1.14337468759119
3161	57082	1.1429601867521
1891	3155	1.14282511377726
10899	79002	1.14246334767173
5693	7203	1.14174210163366
11224	6204	1.14147719366893
4723	7923	1.14137636355949
5879	6188	1.14016397492816
56978	79444	1.13990758244673
22984	7536	1.1397615166539
56882	6239	1.13967315929718
6155	6191	1.1389965652108
5879	7417	1.13879500201339
3420	51079	1.13854827207637
3676	5788	1.13809939744644
10197	55226	1.13711217306751
148867	55236	1.13664345151159
10121	5998	1.1364903225222
8079	955	1.13589358321279
126328	4723	1.1358275509956
1441	4332	1.13580636754921
10155	10594	1.13483181655926
515	7386	1.13407895884632
441151	5076	1.13398011624612
2109	506	1.13382952221012
201163	57795	1.13368326268953
6204	7314	1.13335538639037
23671	729059	1.13322483046697
55297	64844	1.13287849280106
10084	22913	1.13084071274883
5160	54187	1.13062012447126
11140	9784	1.13025975071091
2794	29886	1.1295171889888
10899	4904	1.12892391968915
6135	6208	1.12815134152102
10273	79002	1.12795343156609
533	79002	1.12664617884196
26051	963	1.12664483644431
55052	5901	1.12623460646582
10075	7314	1.12537762994973
117289	8477	1.12525449341876
51614	5859	1.12521730854482
2621	51433	1.12404984888097
64922	79819	1.12361772980181
6156	6176	1.12344194841718
10635	29127	1.12336897980821
226	506	1.12291339815311
6147	6206	1.12254337884705
3094	84833	1.12091560944957
6209	6727	1.12091057406879
10438	9039	1.12085074871825
494143	5781	1.12042349925178
51762	9859	1.12005332510221
4869	6175	1.11925670637085
6143	6158	1.11867732820635
115362	5341	1.1185847259764
2597	6161	1.11849965034741
2634	9246	1.11846627792588
10084	2873	1.11839645732332
10084	6810	1.11776310224361
2597	4946	1.11677590035365
6133	6146	1.11645749808062
6132	6727	1.11609536745329
1266	5500	1.11497953868957
1622	7263	1.11386575508103
259266	9787	1.11360285891669
2109	4720	1.11340833732484
506	9168	1.11282044238629
10273	54998	1.11252516992412
4904	6204	1.11087981238965
301	8942	1.11064135017468
283349	3187	1.11035823614412
6141	738	1.10999346457018
10273	22827	1.10937709683811
226	3875	1.10887404005682
6122	6234	1.10851395286519
3094	51372	1.10832688858213
4736	6233	1.10822156533116
302	967	1.10776234830054
2597	4869	1.10747678196931
11315	4904	1.10733095944263
1915	6209	1.10671549762833
3178	6138	1.10635699448229
3832	55872	1.10619845836176
1072	7314	1.10596386260286
1350	292	1.10550258393776
293	55182	1.10522749200274
4708	4715	1.10510170756734
3105	7316	1.10468068862306
6187	84790	1.10337644586506
29966	55297	1.10292562243338
3689	9444	1.10290110354018
6890	94240	1.10277523980447
117289	9444	1.10205665249905
10175	81542	1.10185012740817
3615	6628	1.10161121969798
115362	3431	1.1012294787331
10994	2937	1.10118521782569
1121	1633	1.10088637010674
10561	4939	1.0994043488955
146206	79444	1.09932121217184
51282	55611	1.09866783025877
4715	7284	1.09829273698657
4715	4723	1.09824622775001
2528	57175	1.09798731804962
10197	10726	1.09786412275896
6133	8031	1.09764364762731
1340	7001	1.09757623819295
148870	338324	1.0975594924964
10574	5695	1.09732968907044
6128	6205	1.09632433996936
155185	5923	1.09585139432099
10273	374882	1.09527371934358
148362	2332	1.09526786410165
51529	84316	1.09341589958274
6402	963	1.09203488474071
7316	967	1.09197487584448
6132	9168	1.09164505251827
155185	3883	1.0914117317207
2040	330	1.09083792016914
6138	9167	1.0893519982219
57215	6944	1.08915813879658
373156	4720	1.08908983622467
2597	6146	1.08804867673446
1350	6161	1.08795793721238
4904	7284	1.08716355480322
2109	4708	1.08685851747615
5142	7940	1.08579187080933
10775	440574	1.08555994008618
51088	91526	1.08507546825382
55967	6204	1.0844642134112
6209	967	1.08364961352845
4736	6188	1.08321426426571
1347	51372	1.08285407001274
3187	80005	1.08198971263899
348180	79165	1.08186156627282
205327	79886	1.08151818159573
6204	8031	1.08138564395601
60314	8893	1.08107667439584
10320	81704	1.08016590771584
10463	8540	1.07794339944217
1048	1072	1.07754585448129
3937	864	1.07739011296512
5250	6727	1.07719206966024
8662	9343	1.07561654936121
6122	6205	1.07546770805204
597	6402	1.07347871411933
3059	3937	1.07335038867186
59345	7903	1.07325605094087
6204	6727	1.0731492474238
6129	6727	1.07271361778811
140803	84281	1.07249671508005
23180	3936	1.07195882234488
2197	9045	1.07145481003328
51762	55454	1.07123276858047
10632	51650	1.07105055675556
29997	9710	1.07094016529339
57455	83697	1.07086797820865
1349	509	1.07068557342343
126328	51596	1.07047372204476
55226	8890	1.06963011535372
1135	9048	1.06950989122732
115362	3437	1.06924599944514
388558	90668	1.06908498387889
374882	51293	1.06725243133472
2874	738	1.06699949395066
5250	54205	1.06616221061383
51124	81542	1.06534586796623
10409	4067	1.06457749994962
689	7385	1.06387133155746
6223	9168	1.06378732027988
1327	4706	1.0632845885583
126328	26517	1.06310621572058
26205	29948	1.06297379928028
153478	610	1.06214889650725
29088	64983	1.06178050996137
27335	4722	1.06073635704574
23180	26051	1.06037804228821
11339	890	1.06019827128699
94240	9636	1.0590534418622
4128	55450	1.05851528131958
23787	79002	1.05839430677169
2633	4939	1.05778603849807
6227	9045	1.05727208570366
4191	55111	1.05722754883497
26986	6133	1.05718678742147
51762	54557	1.05716789932494
3112	55024	1.05693345300734
293	4191	1.05686331979921
10134	373156	1.05638421248701
79001	79002	1.05621753794966
10809	127262	1.05612754752283
7103	7316	1.055871942429
6727	7316	1.05562025815363
51196	957	1.05547848150973
201163	496	1.0552156814844
5579	84824	1.05502317647345
22827	3692	1.05478247474227
7009	967	1.05455436568097
6228	93621	1.05363466487335
4723	6182	1.05317402818583
10248	6217	1.05286426484058
51372	6228	1.05263311385858
23787	529	1.05163554792805
26355	5827	1.05092108142489
284352	79444	1.05041529158576
1439	963	1.05018218520722
4869	4904	1.04840949076891
5250	7417	1.04630241822626
10897	9158	1.04474113329005
11224	6176	1.04463822192009
10179	92906	1.04427361548371
27335	5245	1.0441813468428
10906	3437	1.04399525308682
10592	9787	1.0437994009216
226	373156	1.04371197924715
1340	6204	1.04328717186253
2006	90668	1.0431792942676
1891	84331	1.04298846695035
11224	51690	1.04296709668837
10799	9221	1.04275583256087
6210	6228	1.04269959554658
54948	64965	1.04143057770717
1441	3937	1.04079197442548
3094	509	1.04029347032897
10434	50999	1.04018404330714
2597	3178	1.03971859713393
10284	6159	1.03950759204283
126328	1340	1.03931615609268
23478	6138	1.03916876319291
10288	2357	1.03904328747327
5788	8477	1.038794329781
3059	962	1.03807231982199
51374	5204	1.03791417772008
890	891	1.03596247204418
1892	2937	1.03535944308869
6152	6229	1.03523991557799
4904	6209	1.03515665189206
125988	126328	1.03477011211861
130507	79886	1.03436437802407
6427	9221	1.03413158847637
5160	8802	1.03189604310559
6161	84833	1.03060680560365
6155	6222	1.03037328708329
2215	3553	1.03014592957288
23671	283869	1.02997750784849
10075	84790	1.02990533470699
2319	4125	1.02946239288292
148870	348180	1.02923119496289
38	54566	1.0291813688291
6167	6233	1.02916594335264
10403	51203	1.02844059800543
567	6175	1.02833705585726
3182	55052	1.02816730708795
348180	64852	1.0274536288622
126328	6227	1.02698392079224
25915	51181	1.02686372733424
10899	529	1.02619921507479
3421	51181	1.02610739119986
10376	7384	1.02584062062792
3437	54739	1.02558481825188
6402	9750	1.02516634726624
151188	1633	1.02504427650604
6204	6233	1.02470503271645
4666	84790	1.02436398821514
222171	23052	1.02416445958882
10574	55052	1.021606631436
4085	64105	1.02026283771828
171558	91039	1.01960909333083
1380	5079	1.01955134149016
2597	3875	1.0190391517656
11331	506	1.01856403414909
4705	5160	1.01805955525365
6122	6209	1.01803305169126
6152	71	1.01708419643588
2633	80830	1.01671024962301
506	6191	1.01670474800921
1891	7284	1.01649903521198
1441	366	1.01642035313494
2597	6223	1.01622623626923
51762	5788	1.01617687113562
1380	933	1.01546789344592
51264	6634	1.01476258747482
1340	6223	1.01467046023094
5859	7384	1.01446065189718
4067	8942	1.01429566806625
6176	6187	1.01350682179476
440574	5689	1.01263959124289
51142	51181	1.01245634657463
11339	55872	1.01209163956521
27333	92482	1.01148069425049
126328	84266	1.01142985738651
22980	23787	1.01086646959901
23478	6727	1.01022257061034
26986	506	1.01012718097631
5341	8843	1.01004192629778
255488	50486	1.01003128796539
5478	6160	1.00993183329692
23303	55665	1.00966955826153
1230	3937	1.00963659262299
4715	55486	1.00946247702955
3326	9221	1.00905975397585
2547	5695	1.00871427194517
116496	604	1.00840170345473
3553	4332	1.00766992114784
6132	6228	1.00752237076278
6147	9045	1.00688976419513
27335	54948	1.00685499731188
116496	29940	1.00640917624962
6136	9168	1.00637229553878
4706	51142	1.00613258581817
4666	4715	1.00599410923988
55651	7203	1.00582318139947
226	3856	1.00574853748821
26355	539	1.00471164441901
51160	65993	1.00441222094773
50486	5724	1.00414580181656
5160	9377	1.00400206955793
2633	2634	1.00263736737933
4830	5901	1.00234174758495
259266	54443	1.0021578476591
4478	5552	1.00207177107291
27089	522	1.00110205011884
4695	55967	1.00063991220001
3421	5434	1.00042953385218
55052	5705	1.00033651260211
