11224	6152	3.38172756579695
1645	1646	3.38134571252139
4105	4111	3.38096571047582
6152	6217	3.38038575122837
11224	6217	3.38034694932305
6152	6194	3.38030706037031
6194	6217	3.37975053637359
6152	6210	3.37943508966118
4666	6217	3.37901080408344
6193	6210	3.37845921039211
11224	4666	3.37824445822122
6188	6229	3.37821997222519
6194	6210	3.37744986357212
6135	9045	3.37729349924914
6191	6194	3.37702655995152
4102	4105	3.37666341132745
6135	689	3.37659158625461
1915	6176	3.37635004088135
4666	9045	3.37625152083653
6191	6217	3.37592839175106
689	9045	3.37565421592227
2512	6204	3.37561583204082
6147	6171	3.3753623906732
4666	4869	3.37530164878208
11224	6210	3.37458713608574
4102	4111	3.37446840719282
11224	4904	3.37446359788277
10410	10581	3.37431558240058
1915	6229	3.37430415902597
11224	9045	3.37407181163933
4736	6210	3.37391984295492
10075	1915	3.37335778521732
4736	6194	3.37332416587284
1915	6222	3.37308307659712
6132	6156	3.37293767850561
1915	6191	3.37277187454831
6201	6209	3.3726621084644
6188	6204	3.3722630189245
4736	6191	3.37198958678393
11224	6194	3.37196385835411
6191	6210	3.37176352044222
6152	6193	3.37147585958124
4666	6201	3.37124171894965
4666	6152	3.37111188689945
1654	6434	3.37108053268575
1915	6204	3.37059754653903
2617	833	3.37050312905026
6152	6191	3.37033918566618
1915	6156	3.36988201217255
6217	9045	3.36975698450059
11224	689	3.36941255054127
6152	6201	3.36939297747321
6206	6217	3.36927728368306
1915	6194	3.36881525365219
6171	6208	3.36825995019246
6152	6209	3.36785000256337
1739	8452	3.36778659687626
11224	6135	3.36774545106003
26227	5106	3.3676989848373
4736	6161	3.36713274956704
6146	6167	3.36712693010589
11224	6191	3.36701260435629
6135	6217	3.36663459381395
6209	6210	3.36631381377495
6129	6217	3.36623228744784
4493	645745	3.36561302258702
4736	6152	3.36543971028602
6217	689	3.36504419419209
6161	6210	3.36466032221263
6161	6209	3.36442053878634
6167	6217	3.36429076259021
11224	6206	3.363780946614
1915	6161	3.3636149901968
4869	6152	3.36355631193946
6194	6223	3.36318410961428
6193	6194	3.36303113985378
6210	6217	3.36295338884483
4869	6201	3.36276482420892
4666	6210	3.36241277907339
23014	23369	3.36160894710351
6132	6167	3.36140652039553
6191	6204	3.36139900654248
10075	6171	3.36134666973951
6204	6223	3.3609820128521
4736	6204	3.36083857142894
6191	6193	3.36051849225629
6191	6201	3.35999483888345
6132	6176	3.35962843272717
440	5106	3.35955270583048
6193	6217	3.35936444064239
1915	4736	3.3589845320114
4666	6191	3.35873724298344
6191	6235	3.35836725325978
6161	6193	3.35803449297891
4869	6210	3.35745558651435
6152	6159	3.35730054641558
6176	6232	3.35708053533217
6141	6152	3.35661865331635
6194	6209	3.35619304273372
6147	6161	3.35602115738957
6176	6205	3.35569501423303
6188	6201	3.35558590623459
11224	6193	3.35550760945675
4869	6209	3.35442916892221
2512	6191	3.35397214258326
51659	7298	3.35360825356709
23753	7873	3.35298010570788
80267	9525	3.35285202989351
6152	689	3.35254943329079
2512	4666	3.35254144757043
6194	6201	3.3522594123986
4869	6217	3.35217562097525
4736	6193	3.35185866969604
1915	6188	3.35162000693112
4666	6167	3.35154940514993
6206	6235	3.35148878224932
6201	6210	3.35087776842695
6191	6206	3.35037730102722
6152	6206	3.35031739880993
4736	6147	3.3501835633321
6201	6217	3.35015771766689
153830	85461	3.35010605772745
3183	689	3.34987876745255
6201	6229	3.3497821968015
10075	6222	3.34942955349267
6135	6152	3.3487865943014
4869	6161	3.34866058404625
6188	6191	3.34832833059163
6129	6176	3.3479389620877
6146	9045	3.34793140496684
6167	9045	3.34775315956987
6201	6204	3.34761252438863
1915	6223	3.34729134972315
6193	6209	3.34726307184795
4666	6194	3.34687525514132
5431	7874	3.34650025876708
1915	6193	3.34646313182497
6156	6176	3.34642960543069
6152	6223	3.34606926948439
6217	6223	3.34563594208047
6141	6210	3.34502117681381
6159	6217	3.34500196602364
6129	6135	3.34498410667223
6141	6209	3.34456190056043
6141	6194	3.34450398045722
7586	80146	3.34445505976418
11224	4736	3.34402421151868
2512	6176	3.3437885336599
11224	6201	3.34369475351986
4666	6204	3.34244286246971
4666	6146	3.34090097741117
11224	6159	3.34045029463895
10075	6229	3.34005230998736
153830	79888	3.33921408087665
4736	6159	3.33882713932627
4666	6206	3.33835271772631
6129	6232	3.33822748796261
6147	6229	3.33810187551848
11224	6167	3.33787395089586
6191	6232	3.33764763353973
6152	6165	3.3370521675211
6129	6233	3.33652130859876
6156	6204	3.33611917118093
6194	6206	3.33595935507939
4666	6193	3.33587445791887
23466	3189	3.3357746462903
6193	6223	3.33539063591648
26227	440	3.33524168479321
54851	8772	3.33517057340751
6176	6191	3.33511375354381
114932	222658	3.33511177964513
1965	3308	3.33487724341176
6217	6235	3.33477926697082
6129	6206	3.33455872910155
6176	6217	3.33455620693667
11224	6227	3.33428803324723
6135	6206	3.3339749667921
6217	6232	3.33371765426377
6176	6204	3.33344661434092
2512	6217	3.33331893002662
10767	8452	3.33217262557409
4736	4869	3.33203028500305
1915	6210	3.33155260923607
80146	9525	3.33082246219423
6161	6229	3.33072565936511
4904	6152	3.33000552221268
6188	6223	3.32975532614002
6152	9045	3.32873730878596
7184	7873	3.3286150904633
4869	6191	3.32851087324582
6161	6204	3.32789579102392
79675	81839	3.32750887688852
6204	6217	3.32749687140151
6156	6223	3.32652849790326
6146	7311	3.32632560286595
5464	689	3.32603225252562
11224	6204	3.32586923583354
4666	689	3.32570466393805
6146	6217	3.32561394265172
11224	6223	3.3255757971417
6204	6229	3.3255473025501
3178	6227	3.32550381983119
6205	6233	3.32435568491065
6156	6188	3.3240259980944
4666	6159	3.32344079335221
6191	6229	3.3233949138364
22856	9231	3.32188664194165
23471	4925	3.32127281446859
11224	6146	3.32056406072693
1739	200576	3.3196929413739
10075	6208	3.31962360486032
6193	6204	3.31873292162669
11224	6141	3.31797499155114
6206	9045	3.31728924919587
1915	2512	3.31693339345406
6156	6229	3.31643833910868
6203	7311	3.31629561039685
6161	6194	3.3161916039682
6167	6206	3.3157582972447
7874	81034	3.31444886524081
6161	6201	3.31427884631332
6204	6209	3.31418258546145
6165	6194	3.31409140303807
4666	8668	3.31342852800396
6201	6223	3.31334015715326
6161	6171	3.31311247711573
11224	6129	3.31310293253616
6135	6232	3.31298010714525
4904	6217	3.31263343235855
10075	6161	3.31217276218646
6210	6235	3.31175739507279
1915	6132	3.31134784423542
11224	2512	3.31096788394735
11224	6209	3.31036015741692
4736	6217	3.31005592692104
7874	8452	3.30977289113648
7332	7334	3.30941097232084
11224	4869	3.30880121962389
10525	79174	3.3085211564923
6223	6229	3.30832461599526
6152	6235	3.30769123496536
3178	6135	3.30736838396461
6176	6206	3.30679987155297
10767	3189	3.3066703544288
4736	6209	3.30651418545412
6194	6204	3.30621231173585
4666	4904	3.30542403886307
4736	6201	3.30501129279494
6206	689	3.3049345231469
54851	54995	3.3046669121623
55326	57563	3.30459110964593
6210	6229	3.30409912703554
1915	6232	3.30216034724331
6167	6176	3.30121124100372
222658	9724	3.30074247077409
4869	6194	3.30048585934164
6146	6227	3.29973430167019
1337	292	3.29918805886983
4501	4502	3.29918555735479
6159	6194	3.2987819751813
6203	8667	3.29867078658373
2512	6146	3.29853945675295
4666	4736	3.29709230964485
8668	9045	3.29625834808945
6165	6217	3.29606696170597
6205	6206	3.29332334076744
200576	7586	3.29314163727237
6171	6229	3.29271961881744
6209	6217	3.29261778267386
6146	6234	3.29254468057016
11224	8668	3.29241283248588
11224	6132	3.29158457437314
6152	8668	3.29138210016469
2512	6167	3.28956946942264
23328	9877	3.28889246169848
10075	6147	3.28857821249461
4493	4502	3.28807043344541
6193	6201	3.28703692869247
6235	689	3.286736585018
6194	6229	3.28586393616671
4904	689	3.28550257105791
10767	5431	3.28456748688045
23466	54838	3.28297259958213
10130	7184	3.28267022211601
64326	8065	3.28261108629853
6129	689	3.28235048366479
6205	6232	3.28217300075043
200576	57700	3.28208643109428
2512	6188	3.28198909727458
29968	8140	3.28160418406125
23369	55727	3.28100836441255
114932	80146	3.27920362089567
4502	645745	3.27903820699958
5884	9724	3.2788211792874
57470	9240	3.27810597228134
6160	6229	3.27808325755879
6132	6146	3.27762426375871
4869	4904	3.27702160213849
4904	9045	3.2762432877544
11224	6235	3.27507254396389
4666	6209	3.27451695185779
6165	6201	3.27450772458481
6161	6191	3.27449922041957
6201	8668	3.27398625782294
140707	51603	3.27355176197731
1739	23328	3.27200034481555
29923	94107	3.27128327818546
6152	6204	3.27077134165494
6191	6227	3.27018605259265
6434	7874	3.27012243455881
6129	6194	3.26974974671641
6147	6208	3.26974280337738
54554	9665	3.26940427849021
4869	6193	3.26920088062497
6132	6204	3.26906948532943
6135	6191	3.26846315353478
3189	6426	3.26805154793309
4736	6229	3.2678497271153
6132	6206	3.26776660292098
6165	6209	3.2674751735658
1915	6217	3.26737315757344
6146	6204	3.26722764062154
11224	3178	3.26712014186049
5431	8452	3.26684933746551
6176	6223	3.26679839712473
6217	8668	3.2664822180473
3178	6206	3.26600857267537
1654	29855	3.26495430095649
16	6301	3.26396839712947
10284	9318	3.26209224762267
6205	6217	3.26163798250667
6209	6223	3.25921871401794
6634	6637	3.25840742448291
10452	5036	3.25779444476954
2512	6160	3.25738736207332
6160	6210	3.25680913869729
4666	6165	3.25543901440426
2512	6201	3.25413086061825
6147	6209	3.25392234177261
6132	6217	3.25345884011831
6129	9045	3.25274404761431
23405	57563	3.25226972496407
6194	6235	3.25194974435942
6132	6191	3.25114146738862
91574	9778	3.25095649899968
292	4736	3.25055129196996
6176	6194	3.25020468700917
23014	57472	3.24996159497055
6160	6191	3.24753255488121
6165	6210	3.24715860086202
5464	6135	3.24683517382015
6193	6229	3.24638653884287
3189	8452	3.24614620422698
6191	6209	3.24484897900704
6194	6232	3.24386529728151
1915	6152	3.24210686392024
11224	1915	3.24129505251892
11224	6165	3.24054049885213
7311	8667	3.24014404634597
23091	5431	3.23954364620187
6167	6204	3.23702451915132
4925	54431	3.23697356166974
6135	6194	3.23673842280801
5170	9231	3.23494796706996
29855	317762	3.23448853478555
6135	6227	3.23445199177827
6152	6161	3.23442307479282
29090	3189	3.23422993305308
6426	7874	3.23350864332148
4494	4501	3.23332405070374
10277	3189	3.23319887720801
23753	7184	3.23309154901875
22856	5170	3.23247090587444
3189	55326	3.23230573437483
153830	22856	3.23083610077139
6132	6188	3.2288738043438
29078	56902	3.22886370784696
6159	7311	3.22829820365925
51659	55388	3.22826892346209
6191	6223	3.22811000758464
10672	9015	3.22798578722606
2512	6193	3.22748944962623
10277	8452	3.22510909168121
3189	5431	3.22497648488907
2512	6206	3.22477081611653
2512	4904	3.22473161869163
27327	5326	3.22469095792789
4869	6165	3.22362902984537
4904	6210	3.222972013763
1915	6147	3.22284989896735
6191	6205	3.22218502938093
1915	6201	3.22149161222405
6210	6223	3.22103796457776
55326	92597	3.22101537844501
79174	9601	3.21983235991773
26586	83461	3.21939206502335
10443	9724	3.21911557620485
6135	6235	3.21601663434365
3183	9045	3.21574007402573
6141	6217	3.21463070624621
200576	8065	3.21459775923082
29855	9778	3.21284456367304
192286	5204	3.21221049958941
1350	6146	3.21207573949973
6188	6194	3.21026014281169
4666	6160	3.20861726574833
1739	64326	3.20817488952774
4904	6201	3.20816102920741
6222	6223	3.2076559219583
29923	85025	3.20622107885317
6217	6227	3.2060083742029
689	8668	3.20580484735821
4666	6135	3.20176638944827
7559	7994	3.19975279513777
1915	6205	3.1984542000283
114932	3189	3.19697967756794
6156	6167	3.19639131179361
26060	6683	3.19630584953008
23760	6426	3.19605608531629
54851	5980	3.19470557059593
6167	6191	3.19404213228401
2512	6152	3.19228772064132
10767	1654	3.19217618677257
23137	51747	3.19177632617672
4666	6235	3.18992129252081
1654	81034	3.18875228590741
6146	6191	3.18814590787523
1739	8065	3.18807984359491
4666	6188	3.18763827867254
6176	6222	3.18669432700025
6232	6233	3.18597617546296
10210	84078	3.18314600039899
29923	5980	3.18248930753125
10112	83461	3.18225593675197
6132	6193	3.18188806190492
6210	689	3.18170963003634
5339	6305	3.18098100589723
4869	6204	3.18066622861629
6156	6222	3.17959918079762
4904	6146	3.1791287417268
6204	6210	3.17859045504775
6160	6188	3.17854669163702
54545	63939	3.17839883171642
6165	689	3.17721678928171
6146	8667	3.17704371780365
148867	889	3.17491173991952
1654	23592	3.17408617426135
4666	6223	3.17305686244832
10767	8065	3.17213099048028
10042	57532	3.17114451985467
10743	221937	3.17066312365288
114932	56829	3.17036049592664
6135	6233	3.17024899890638
79675	9836	3.17007033215833
221937	9231	3.16953203068693
4736	6223	3.16927312558849
2512	4869	3.1683641100585
10767	1739	3.167033838238
1915	6208	3.16688427741098
6210	9045	3.16613146360454
4869	689	3.16576856090286
6159	6210	3.16462576718021
3178	6217	3.16452838151127
6159	6193	3.16246031852792
6147	6204	3.16147174170857
6206	6210	3.16137907480746
23466	57470	3.1604389477267
29855	9231	3.15900433371043
23471	54431	3.15883764034981
5696	79027	3.15816001534468
57551	80267	3.15611890981386
200576	23328	3.15602919006639
6188	6193	3.15583964745081
403313	7586	3.15478594716488
4736	6141	3.15323971549342
6129	6205	3.15301027842963
10767	27336	3.1524098468927
342909	54407	3.15200528735825
10263	5034	3.15147920701311
23351	64326	3.15142240911072
26986	6146	3.14758032328984
6141	6191	3.14622484304689
6129	6152	3.14597385969849
1915	4666	3.14593248797148
79159	8533	3.14498376218448
114932	29090	3.1442670923648
23463	7027	3.14372122135198
6146	6160	3.14158725157708
23328	59338	3.14126748965136
11224	6176	3.14018403053613
6235	9045	3.13976232104245
6159	6223	3.13953947209071
6193	6235	3.13941668959328
6206	6227	3.13934615792258
4904	6135	3.13865948716966
6683	92597	3.13832402048319
23161	8065	3.13699098609429
4904	6227	3.13697447017154
163049	9724	3.13680971324948
11224	6232	3.13569833855312
23369	84247	3.13527930925183
1739	23351	3.13462841169902
6132	6205	3.13421788783906
2512	6132	3.13286088614932
2909	84247	3.13272444241705
4904	6191	3.13027932860403
1915	6171	3.13021338800781
6191	689	3.12873741576132
6147	6201	3.12712319880206
6209	6229	3.12689671406091
6160	6193	3.12589095935552
23645	467	3.12532414905383
23014	84247	3.12278753142314
1915	6160	3.1218498816147
1182	6655	3.12176949222939
10075	6204	3.11995700166896
6165	8668	3.11979261967037
51386	8668	3.11931345072678
6176	6234	3.11882381125275
6188	6209	3.11794281237485
6509	7453	3.1170564789155
2512	6234	3.11657323452251
6239	9456	3.11544915200297
6132	6194	3.11473642336496
163049	5884	3.11404178138469
162681	841	3.11267781099848
6147	6210	3.11261475551999
699	9787	3.11081707063726
2512	6229	3.10976857197425
6152	6227	3.10939712653943
6132	6223	3.10924080456757
7586	9581	3.10714145449179
4863	9529	3.10679775354863
5631	9898	3.10645274145454
3189	54851	3.10511369510612
2923	5034	3.10503642978167
59338	9778	3.10378014504299
60491	79888	3.10367441773541
4666	6161	3.10229046983738
6159	6201	3.10078605585183
6141	6227	3.10054237252232
6132	6227	3.09852307101767
6159	6191	3.09812186738452
6222	6232	3.09661343201371
6176	6188	3.09481764794228
10767	7874	3.0932769771065
10277	23466	3.09203956680111
28974	5439	3.09136146695897
11231	4925	3.09107294051228
6194	6205	3.09080905625129
6147	6188	3.09004766820833
1915	6209	3.08894710285439
6159	6204	3.08855386967024
6159	6165	3.08675306647961
6146	6206	3.08640889351173
6141	6165	3.08497459020421
4904	6194	3.08338315007173
22856	2909	3.08329979842971
6206	6232	3.0812046653485
6203	6206	3.08083740710349
292	6210	3.07851028655984
23185	23760	3.07582000462066
222658	9778	3.0752514559671
6160	6217	3.07461627013375
10042	51735	3.07312763912838
10767	3066	3.07242823568823
150678	5441	3.07181367411927
57551	80146	3.07107603518221
23211	9231	3.07052856218164
2063	8019	3.0690584734537
26521	51318	3.06901488652393
6146	6176	3.06869401514323
6191	9045	3.06796871025952
8621	9583	3.06718591865223
9375	9581	3.06637415366845
6204	6227	3.06484182098255
81034	8621	3.06442466530012
6135	6210	3.06373431090098
6132	6152	3.06371100078162
6161	6188	3.06223442614669
6146	6188	3.06203236436171
26060	79718	3.06183402144742
1654	7874	3.06180442275889
4493	4501	3.05863751097842
6683	8725	3.0584744645237
790	9647	3.05753293182997
2512	6232	3.05741390228922
5347	84722	3.05732927952489
4695	4725	3.05698535604563
4666	6132	3.05572388816781
1175	6633	3.05486556739827
2512	6156	3.054708684815
6188	6217	3.05397866307165
6129	6191	3.05146900979927
58497	94107	3.0496945404927
6152	6167	3.04947632544247
6156	6194	3.04814925750618
222658	56829	3.04798942057225
2512	6161	3.04797822566134
2512	4736	3.04607408767495
163049	54407	3.04576975643309
6147	6194	3.04522801203997
6161	6208	3.04403828391005
51118	64216	3.04365894160279
170506	8065	3.04352908956518
6167	6235	3.04343332564334
390916	9231	3.04285148458777
6161	6223	3.04260197822664
51504	6749	3.04258423254308
57551	9525	3.04194106193095
10443	54799	3.04100838760277
116987	5339	3.04083805301774
5464	9045	3.04056906388344
6160	6176	3.04036562230294
6167	689	3.03951402310252
29090	4236	3.03939987349715
10884	8559	3.039271751604
7586	9375	3.03893886562466
6152	6229	3.03817152338361
81034	9583	3.03640203738674
6146	6203	3.03619306904148
10277	1739	3.03329333073478
4869	6188	3.03217867961013
5714	8668	3.03149573423903
4904	6204	3.03125062339137
80267	8491	3.03069657820318
23367	7559	3.03058613338753
6223	6232	3.03033039269414
4736	6165	3.02887666719395
25972	79161	3.02868875368363
6141	6206	3.02776701363124
5876	84759	3.02666120197319
6132	6229	3.02650199056773
3183	5464	3.02650095733165
10075	4736	3.02523792990898
4173	5982	3.02425328033287
7994	91574	3.02380071603051
51082	6203	3.0227975950807
80146	80267	3.02099311286977
57470	8452	3.02068491284264
51659	7027	3.02028392405927
6167	6205	3.02021114732557
57563	5813	3.0192262869885
6156	6193	3.01901167548015
374986	80267	3.01881058793094
3178	6203	3.01683286071611
339287	9794	3.01597831767598
6167	6193	3.01592574492293
23014	57533	3.0130059831353
54838	8452	3.00764897806046
64326	9665	3.00709440112426
699	983	3.00679717670857
56902	64983	3.00550342457829
11224	6156	3.00531948005072
29090	55181	3.00491651275019
292	4869	3.00277654229757
23185	23367	3.00201396034578
10112	3832	3.00127138275508
6232	6235	3.00109405447058
23405	55326	3.00045400298285
63939	7733	2.99923731963376
23592	57700	2.99770369201675
4869	9045	2.99659307083023
163049	222658	2.99545760867719
64326	8824	2.99533723472939
58497	79038	2.99467137183379
10042	55181	2.99332148149736
142	29090	2.9932998697973
10237	23753	2.99253312315408
23592	9778	2.9916361318483
4736	6188	2.99061069015406
60	6171	2.98911510278931
51264	5700	2.98894760513844
2909	7994	2.98743957594633
52	6767	2.98731895999741
6141	6235	2.98721684685566
10410	7041	2.98707575911553
23590	79675	2.98640512651098
1654	9778	2.98517441484068
6204	6222	2.98483672758703
6208	6229	2.98339408398669
6194	689	2.98329405968605
4173	79902	2.98233702676557
5204	7311	2.98200072102892
10075	6188	2.98129441119337
6160	6235	2.97940936389747
6210	6232	2.97938906654062
27336	51747	2.97920507903885
3189	54838	2.9791769359605
4904	6209	2.97832322801893
6146	689	2.97609828425251
1994	79075	2.97520802112497
29855	6434	2.97444075801007
4666	6176	2.97389288455577
6146	6156	2.97334195617944
23014	23499	2.97328836897449
4666	6129	2.97321560941936
1340	6633	2.97278274306974
23369	2909	2.97261893321678
1398	9877	2.96974762090506
23013	8621	2.96861153536362
332	83461	2.96851886550441
6129	6167	2.96825146684308
6141	6193	2.96778274138704
6167	6227	2.96569702550218
3178	6235	2.96513117880804
5204	6159	2.96114281578746
6152	6188	2.95998116409358
8533	92856	2.959205958384
10140	54665	2.95869240780377
7153	891	2.95702613686479
11224	6160	2.95404141767597
23369	9877	2.95372062198598
10087	9877	2.95366824519483
196528	57551	2.95293785867497
23405	3189	2.95173988706135
27079	4144	2.95164900318606
4722	5700	2.95137363234246
6222	6229	2.95093601754793
1915	6206	2.95006057070925
196528	54665	2.94936831564586
23592	81034	2.94866703355364
4904	6159	2.94696525174303
6434	81034	2.94694166245638
463	54407	2.94663629008796
10980	5691	2.9454537277029
1327	1345	2.94518548624702
26060	8725	2.94505641198745
1033	83461	2.94496956028124
374986	8491	2.9449098329551
57583	7994	2.94310728458506
29090	79649	2.94308360702045
292	6235	2.94184598748719
3189	7874	2.94096384860151
6193	6232	2.94013153335308
6160	6204	2.9396612743417
3014	899	2.93881172709955
6129	6132	2.93750634813216
23398	23760	2.9366281593626
6176	6193	2.93647628301669
6203	9045	2.93608656878653
10771	6426	2.93532403704245
10277	54838	2.93517719481166
26517	79080	2.933629318962
23367	80854	2.93099160573614
6205	6223	2.9297379890654
10771	23760	2.92914097764377
27258	6637	2.92718033943812
387263	7586	2.92621903537273
6161	6217	2.92362404564073
292	6152	2.92360159984922
83461	890	2.92197951325149
6156	6191	2.92197291599703
4736	4904	2.92191489369677
114932	5431	2.92047288585386
2140	5441	2.92006022376494
6201	9045	2.91918027011528
6176	6229	2.91820822645839
9231	9240	2.91689414962162
55727	9877	2.9168033386548
10799	84916	2.91643410994672
57700	9778	2.91599905448523
23014	57551	2.91452383300221
4869	6206	2.91441157590127
201627	92597	2.91406215445265
11224	3183	2.91165520003137
11224	6188	2.91012092323577
51053	55388	2.90883033811636
6167	7311	2.90837437026401
6171	6222	2.9066520613606
4736	6171	2.90651648198922
163049	54554	2.90523097407673
4736	6235	2.90501789841109
80267	889	2.90365609637848
6135	6205	2.90360321583659
6152	6232	2.9035334935658
3189	80146	2.90315252763221
6146	6235	2.90293815450591
54407	9581	2.90239630521658
6167	9168	2.90212373680523
283464	5431	2.90113075276087
84916	8533	2.89835651323339
2512	6194	2.89741132337189
6152	6160	2.89644739295106
23328	9778	2.89557800155332
6194	6222	2.89503884445928
23395	81839	2.89264743105034
146923	23014	2.89239982609741
10771	57583	2.89073999288739
55783	8621	2.89057194359561
6132	6141	2.88929137089692
2512	6227	2.8875864691425
6206	7311	2.88621242653991
1398	55727	2.8861411717359
199857	9375	2.88603835740686
56910	57472	2.88508410197786
10294	64983	2.88485856591294
7994	94134	2.88374251314512
57634	9919	2.88360508396091
29123	6541	2.88297625144604
1739	54838	2.88057454931707
201627	222658	2.88002124334659
401505	7332	2.87787207750723
6159	6235	2.87757559450283
26060	92597	2.87754921630714
10743	9231	2.87730266892828
4666	9349	2.8772017652947
6146	8668	2.87715371142321
2512	9045	2.87510769086874
23328	23369	2.8748760687255
57470	9231	2.87225531209276
4666	6229	2.87196750062091
11044	2909	2.87088494941176
10277	25778	2.87070414524468
23137	9583	2.86668336478173
3178	689	2.86667848422284
4904	6633	2.8665266144841
4904	6223	2.86586691069028
6165	9045	2.86558106698477
440	83729	2.86514171259169
114932	55326	2.86298985245749
10574	5700	2.86295930702351
6159	9045	2.86192506800989
55727	7994	2.86105841610838
3183	6135	2.86086778799644
55326	81034	2.86040843041631
1337	6235	2.86010301576077
23328	8452	2.85964770402685
133686	5311	2.85945138375767
222658	80146	2.85601999252636
6135	6167	2.85441653731098
1739	7586	2.85431711184961
6227	6235	2.85403194175491
57551	6239	2.85399127093832
5464	6235	2.8537673712759
6426	6434	2.8527695919184
6160	6201	2.85150359655807
390916	55326	2.85091449471461
6193	6222	2.85080532876711
2512	6210	2.84999550615337
51735	5980	2.84914241714378
3189	9836	2.84513317569626
57472	63939	2.84283115383445
4695	5441	2.83994388060464
1915	4869	2.83650671018112
57649	91574	2.8341733584189
3310	3337	2.83371183814714
5700	7203	2.83151712435586
6204	6206	2.82990114402405
6156	6205	2.82952759076066
26524	9693	2.8284972261368
5431	6426	2.82739505978826
116068	221079	2.82732210124538
6132	6209	2.82664476701743
79888	85461	2.82465204476176
23014	9240	2.82388430733691
6152	6205	2.82366500047237
6146	6159	2.82362736884983
6132	6235	2.82341540090468
4869	6159	2.82188770942647
23351	54407	2.82149201059331
6167	6194	2.82135334432087
146923	55677	2.82005644384368
23466	9240	2.81890772257355
11224	6229	2.81802330647409
317762	6434	2.81782091900359
6655	9581	2.81763830982624
56942	6637	2.81641054828399
4736	6206	2.81618763018962
51106	5873	2.81320049555339
142	84451	2.81224294038694
1654	317762	2.81011209748855
4733	65005	2.80729740474207
11332	6697	2.80696076024752
1182	133746	2.80651677684268
6194	6227	2.8064775333546
23367	9778	2.80629682667167
6194	9045	2.80563335666562
3712	552889	2.80328196989769
6135	6146	2.80233567600784
5700	9861	2.80223704584892
23369	54471	2.80127441907529
60	6208	2.80117826174435
22856	55727	2.80082904752205
2512	6223	2.80025628449059
10614	114932	2.79967980935063
80146	9724	2.79930181186873
6217	6234	2.79909741429093
55770	8065	2.79823918481414
116541	6749	2.79805707093083
23367	57532	2.79789200590854
114932	54851	2.79732769300991
27230	29927	2.79631221174948
55326	7874	2.79601068936385
3178	6191	2.79566312734602
23367	91574	2.7950224997897
1915	6167	2.79255278329459
54431	84061	2.79240172156137
10946	6634	2.79195691491778
5431	55326	2.79170084984488
6188	6210	2.79131077610899
387263	552889	2.79040668012748
23369	2932	2.79033200905701
6232	9045	2.78908888671507
57534	7586	2.78905100686581
5691	5714	2.78892796039728
6156	6217	2.78873031218949
64216	8452	2.78852336674385
6167	6203	2.78384272891984
4493	4494	2.78243590420466
6160	9045	2.78078066698415
140609	163049	2.7806855248306
5695	65005	2.77800556630467
292	6159	2.77711622036346
55181	57532	2.77680760137697
3178	6152	2.77581234463316
222658	8853	2.77247105965776
51523	94107	2.77193183140671
6160	6194	2.77148059685933
4904	6188	2.76909532608973
23112	54665	2.76708472648837
2932	55727	2.76603726662059
2909	84747	2.76599285251161
23395	60491	2.7642937783025
1915	6129	2.76295949404574
6205	6222	2.76292872792099
64943	65263	2.76188087024416
6147	6191	2.76011947284661
29068	8019	2.75773004830147
6160	6232	2.75713085966363
222658	91574	2.75490848711759
23433	55002	2.75365972701438
10042	5980	2.75328784107689
63939	94107	2.751814429033
4173	7298	2.75149230086474
64326	7586	2.75135305860996
23185	6426	2.75102605866678
55326	57551	2.75078204265669
6141	6201	2.749784689426
200576	80146	2.74889794634407
11083	56257	2.74620709957042
5930	9583	2.74395700614933
4869	6229	2.743935765672
2512	26986	2.74377219917232
201725	26273	2.74321059405387
134553	26258	2.74318733328643
8500	93624	2.74243131253613
5980	80146	2.7422173349323
4736	6160	2.74147437167911
1654	8452	2.74095366556014
6152	6176	2.73957519223113
5431	81034	2.73904219256399
9375	9724	2.73745153841552
23091	7874	2.73517988525425
10767	6426	2.73336089262564
390916	57470	2.73270432238172
138151	23510	2.7318615979774
23367	55727	2.73140444493928
51386	6206	2.73026582260378
253461	7918	2.73007396729731
6191	6234	2.72561693809826
29090	79736	2.72499478606711
6171	6188	2.72485304663945
6132	6210	2.72166691635621
6129	6223	2.71999283176186
10694	1965	2.71945324224744
6171	6204	2.71845471137057
7994	9778	2.71844094543919
6502	9837	2.71810916987727
7586	9724	2.71765261970572
2140	5631	2.71661859368653
11102	23760	2.7162586402737
51465	6400	2.71550134285634
10499	79718	2.71432651562607
100287932	1965	2.71165931257826
317762	5431	2.71119532680596
51659	79622	2.71107902887524
10771	23185	2.71088815289768
3183	4904	2.70906552117885
4171	4176	2.70751809801297
79075	8726	2.70651578064127
2512	6205	2.70538048498595
196528	23405	2.70419695010062
3066	5431	2.70368292904087
163049	8824	2.70360167377726
10087	23328	2.70274860773055
1398	23369	2.70241092515313
23014	390916	2.70211780613787
5106	7453	2.70012594481804
54851	9724	2.69881496412224
3914	54676	2.69851696235242
56943	84337	2.69802811859776
6217	7311	2.69710768443107
1398	140775	2.69606569602793
6637	7334	2.69522503763145
1654	23760	2.69497999665167
1739	5431	2.69401510215468
80146	8853	2.6932307468477
23091	6434	2.68886655224899
6147	6193	2.68825387606278
317762	9231	2.68693912088192
5437	8892	2.6832604614533
1660	47	2.68104632357742
6210	8668	2.68082275734673
6161	6222	2.67946298280904
51386	6235	2.67868889556758
23367	23369	2.67656268916633
23328	80146	2.6764927847291
114932	5980	2.67637375054324
23466	25778	2.67636609207672
6167	6210	2.67629825307492
11083	57532	2.6754744953272
10443	54554	2.67520351984465
6203	689	2.674910408123
10694	4869	2.67415294459643
222658	51735	2.67398456951768
5036	5434	2.67319634884178
150275	23367	2.67147832621255
23185	81034	2.67104724033121
55388	7298	2.6696493489884
23328	55770	2.6690289342378
23369	9778	2.66804262338522
6135	6203	2.66474290232204
27101	3320	2.66351592309931
29855	64326	2.6617482276438
55605	80204	2.66142798846052
51386	6217	2.65981129859602
6204	6234	2.65842681000839
114932	23014	2.65633869653987
3930	57472	2.65504450216395
1027	134553	2.65450994916939
6122	6136	2.65439387542301
57182	64434	2.65307031914227
54545	57472	2.65269120120802
23376	889	2.65227041987431
390916	57551	2.65220869665672
10277	5431	2.65205512085581
3106	3107	2.65148061086448
6129	6210	2.65110917021011
84916	92856	2.6500496331745
57551	5980	2.6487863979088
54545	56910	2.6481766671161
55745	9529	2.64810841447126
26227	83729	2.64788917496923
23328	57700	2.64774049886356
6159	6209	2.64755582411875
29128	4175	2.64557986519995
6208	6222	2.64451424786899
11224	6205	2.6442895152133
1654	55727	2.6438271864141
8725	92597	2.64338434401808
22856	85461	2.64325589714976
4904	6160	2.64314257093611
6434	9231	2.64312182417577
10277	7874	2.64206858739828
29090	51031	2.64140263216064
54851	80146	2.64137319217742
10694	6165	2.64047768802134
6426	81034	2.64040652769131
4904	6193	2.63974033197883
6165	6633	2.63612653928983
23398	29090	2.63545847978975
4830	6633	2.63483516697074
51386	689	2.63352606176882
10087	153830	2.63153954865846
4869	6223	2.63014806887329
4738	5441	2.62948961417557
3178	71	2.62908607671641
7372	7533	2.62883332454643
10277	10767	2.62864948487386
94107	9836	2.62764174703068
1477	84078	2.62752945465151
6191	6222	2.62677866483632
1654	8621	2.62676779391524
10075	6191	2.62498625523321
79080	9791	2.62450703699326
6193	6206	2.62005738942481
6146	6152	2.61890039816543
10767	170506	2.61791406963682
10087	9778	2.61766691646189
10632	55611	2.61734594436686
23328	8065	2.6139635852988
22954	94107	2.61203327895802
1739	7485	2.61132674587647
5714	6749	2.61111515167967
55727	836	2.61078368721763
11083	9778	2.61027305362791
4695	4722	2.60857031706261
22834	51735	2.60690463031778
23014	2909	2.60579201693312
4736	6222	2.60382998183497
23369	54665	2.60345891297725
114932	7874	2.60264512876201
55181	5980	2.60191817566894
6141	689	2.60148706299929
4925	84061	2.60110167187118
10525	5034	2.60035239835588
10055	5434	2.59798870961378
1337	6227	2.59742510617883
3178	6232	2.59693385679126
3189	7586	2.59605331707632
4904	6206	2.59598632626871
23367	331	2.59269095440218
10743	29855	2.59234629166109
85461	9778	2.58895684559287
4736	6176	2.58730853016107
3178	9045	2.5861502279709
2887	6301	2.58467450478571
3551	51621	2.58339427822409
221937	29803	2.58260013648609
29923	54851	2.57989871326329
6147	6152	2.57891338173445
10767	23161	2.57853939962546
6217	9168	2.57767818690109
64216	7874	2.57701782489436
80146	9375	2.5765397181004
6156	6160	2.57618674910174
115509	8772	2.57579410255218
55727	80854	2.57521905307527
196528	6239	2.57345364813266
23351	9778	2.5729107462323
22856	23369	2.57139566246331
23014	57707	2.57046022001116
140775	23367	2.56407300783084
25778	54838	2.56329581297626
6132	6160	2.56284843376797
6205	6235	2.5620291357998
29090	9529	2.56015199301597
10055	2140	2.5566413400295
339324	55006	2.55616869739465
8824	9665	2.55576252872466
23395	79675	2.55540578900207
1033	3682	2.55508540463803
26521	9861	2.55301018844129
147015	339287	2.55255158094079
4666	7311	2.551479751865
54554	9724	2.5509058289081
6129	6235	2.54922312616906
7586	8824	2.54915608881935
23328	57551	2.54871272506682
54554	8824	2.54731536970776
10075	6156	2.54670506718324
140707	6117	2.54658951679223
6227	9045	2.54431975807127
22856	4853	2.54387961839689
8323	9581	2.5414323603095
133686	1654	2.54138755200427
11231	54431	2.53897406805871
79752	9702	2.53836771343606
51659	79077	2.53789874696941
10771	23592	2.53501731023849
79159	84916	2.5313176960889
2037	4102	2.53058579855073
3183	6217	2.52975413544149
51526	7286	2.52964424401716
6159	689	2.52950346955757
6206	6233	2.52949131351828
2512	9349	2.52914117986531
390916	79646	2.52855239114386
6194	8668	2.52807323400891
6235	7311	2.52758756999549
23369	65124	2.52741218639832
5700	5707	2.5273366520189
7586	8065	2.52645033660368
2887	6509	2.52374112023621
1337	6210	2.52372566169981
4666	8667	2.52364003200428
23499	9240	2.52239302790652
7027	7298	2.5193899037648
292	6209	2.51867092200187
10678	22856	2.51865431208011
10771	55326	2.51842628754768
23014	57506	2.51814203395241
114932	9525	2.51761479970388
54407	64326	2.51584601703151
29923	58497	2.51548837232044
16	6509	2.51332580349086
6135	6141	2.51180099929693
6135	8668	2.51132632555957
51726	56005	2.50871807288187
3281	7520	2.50827849923513
11224	6161	2.5075951244395
1739	57666	2.50530863282645
54995	83989	2.50441938842843
57472	94107	2.50229136679401
23398	6426	2.50177547252617
27069	8887	2.5015361057168
6201	6206	2.49997429561353
79038	8019	2.4995181664975
133686	23592	2.49395545118862
150678	4722	2.49288576535244
80854	84640	2.49199017452956
5106	83729	2.49027481421198
4666	6232	2.49018022832797
51735	841	2.4896457896594
23397	699	2.4894315606301
6167	6232	2.4885415295238
3189	9240	2.48837544435603
23351	80146	2.48703443042952
1337	8667	2.48665995317076
6146	6201	2.48575258094738
23185	80854	2.48142565655722
54554	54995	2.4754731727385
7290	9231	2.47222432301857
22856	23014	2.470949641331
9232	9787	2.4697114709795
10130	2923	2.46807685255069
5980	92597	2.46699183566495
6146	6223	2.4641837251769
1337	6203	2.4634722908759
10443	54851	2.46288458887318
1337	689	2.4621375915898
222658	55030	2.45974236254547
10296	1654	2.45835487362436
23014	55727	2.45751697943968
1398	7994	2.45293439556021
25966	5170	2.44804659931503
6160	6167	2.44754312041081
4869	6235	2.44607864663019
4722	51264	2.44605488916692
1739	9375	2.44507412245918
6217	6229	2.44439758219766
1739	80146	2.44438813735319
55770	91574	2.44376710708431
54838	84747	2.44349711586941
6165	6191	2.44146427035494
55032	8621	2.44137910161024
6167	6234	2.44128692678355
64326	9375	2.44054185872268
2512	6235	2.44049987251212
51386	6152	2.43976196878751
133686	7705	2.43891160656106
22827	6749	2.43782653784811
80267	9724	2.43657560157391
55170	7733	2.43656987131572
150678	2140	2.43361417007584
201627	23112	2.43357405329557
292	6191	2.4326674023776
29803	790	2.43074692568259
3070	51053	2.43052567831178
54554	54851	2.42948305196438
57700	9877	2.42805461511511
23367	23592	2.42787232830215
4494	4502	2.42639857470427
1936	6203	2.42601245190367
11224	6203	2.42565149296434
5696	8228	2.4255031494389
163049	5921	2.42476783635776
83461	891	2.42392971993395
22856	57472	2.42356070611033
11224	1337	2.42182496785648
6167	6223	2.41981633118663
331	7559	2.41921235553793
5884	9581	2.41686211315094
292	6194	2.4159222177719
4301	59274	2.41352078690829
1915	6141	2.41343725189321
6227	689	2.41336977956724
23367	56829	2.41209653401119
23014	23466	2.41174989463021
23112	59338	2.41172748779573
51504	5714	2.41088328722751
23013	23367	2.41028212178355
4144	9836	2.40339333705102
6146	9168	2.40308746505914
2909	57649	2.40155338345247
23351	29855	2.39983504176758
114932	29923	2.39968771821003
6136	6191	2.39932204950391
11224	6633	2.39909062786745
1654	9231	2.39830629151526
10743	23369	2.39805528385662
51659	51728	2.39513722335967
23592	7874	2.39459653374886
10075	6193	2.39368374428022
1398	23367	2.39324787164119
23014	80146	2.39318673399314
4666	6234	2.39175816630019
3183	6152	2.39076509933895
4736	6232	2.39005033360318
114932	57472	2.38965224941247
1175	4830	2.38479543080128
1739	3189	2.38418904424862
3178	6167	2.38384824450582
26986	8667	2.38258453892541
55326	57472	2.38077903321496
8853	9724	2.3774684897574
23211	9240	2.37702496825096
4925	56886	2.37514732502529
51386	6203	2.37276319651183
6171	6201	2.37243267355162
54471	6047	2.37064609188505
51386	6122	2.3654039308927
1654	9583	2.36466662437749
6167	8667	2.36343518750512
23161	23328	2.36249041161734
5980	6683	2.36192034020968
4666	6156	2.36006838462843
29128	4172	2.35528721259452
1398	94134	2.35496272673344
4904	6229	2.35367538661102
144699	81034	2.35078689330793
23161	8452	2.34946300197919
3149	55266	2.34850419578355
6176	6233	2.34818806704945
51728	7298	2.34715010017609
57534	8065	2.34696174602831
6156	6227	2.34693239346325
339287	54620	2.34587156687905
57472	57563	2.34549711115436
196528	22834	2.3453740363271
10284	64983	2.34526562403338
55330	64395	2.34377078385964
144699	8621	2.34349320162726
10767	81034	2.34271755224351
10564	8621	2.3406202751411
6152	6156	2.3402774852417
9581	9724	2.33856131518993
11083	8085	2.3384162005713
8772	9836	2.33839155865169
6159	6206	2.33739483592712
200576	23503	2.33656000242852
6146	6193	2.33650432821722
2909	55727	2.33554997710825
25875	50854	2.33435247762373
6209	6633	2.33394643023781
23203	4236	2.33374568809051
146923	84247	2.33112389853887
51031	57532	2.33100969617114
54407	9693	2.32897102277254
5170	6434	2.32877711300316
4666	6141	2.32840614675561
6122	8667	2.32824557851122
23014	54629	2.32726522732112
116987	29855	2.32672238813323
6683	80146	2.3255999084115
222658	5980	2.32502323397704
10447	5930	2.32285196926539
1340	5437	2.32262333176357
10694	54927	2.32199819552751
79736	79830	2.32099454602678
6193	6227	2.31926803868947
51386	6167	2.31924676893011
25879	64216	2.31897229237423
6204	6205	2.31799761093469
60	6204	2.31650181398163
1965	54984	2.31484667203982
54838	57470	2.31339741013169
23592	59338	2.31318937959581
23014	9231	2.31187682564659
6122	6234	2.31183574624645
6176	6235	2.30942869439901
6167	8668	2.30911084445633
6132	9045	2.30779805844083
222658	54851	2.30747551574857
5431	6434	2.30546508119267
6217	6233	2.30518680151939
84078	89890	2.30484580735318
55006	55745	2.30324616856285
10452	5725	2.30322475111878
6201	689	2.30040624949381
10001	9529	2.30029205544769
23161	5431	2.29925870838626
4666	6227	2.29813587789695
57570	6432	2.29703415783126
6201	6235	2.2959978059916
23137	27336	2.29532174237188
7334	7443	2.29526486648537
292	4904	2.29289928502661
54629	80146	2.29197579067367
27304	51031	2.29191707914536
339287	55677	2.29104138769571
10574	30968	2.29024258822112
3658	388969	2.28876040904408
2512	9168	2.28762055747791
114932	23592	2.28715837129425
23167	7586	2.28556847663092
29979	9373	2.28553561475351
196528	55326	2.28461786099817
3066	51071	2.28455544339298
23592	55326	2.28410523841719
5204	6749	2.28352325131905
4904	6165	2.28334678618622
6204	6232	2.28293086180406
7485	8452	2.28064378540188
29080	8669	2.27888026678017
6234	9168	2.27719338560776
23014	9877	2.27654071405968
222658	57508	2.27601448729276
5431	57563	2.27531750141181
5427	6502	2.27528312409748
1340	4695	2.27508465720395
27304	54554	2.27502881230121
23367	26039	2.27449277391712
5361	790	2.27357451725302
114932	27304	2.27231927409633
57472	57506	2.26937431087196
10055	6628	2.26780551788266
114932	80124	2.2669642083474
23071	54187	2.26585253052064
6141	6204	2.26504602360752
23161	64326	2.2645720385266
292	6141	2.26392458512493
4733	5714	2.26328148726267
23369	57707	2.26225692989687
23760	81034	2.26181193256969
5813	7678	2.26002887365204
79675	79736	2.25816744654715
6176	9168	2.25749187655604
6147	6223	2.25706449233646
11224	9349	2.25685394281582
1434	6240	2.25406863116003
4869	6147	2.25386343562812
5437	8833	2.25316990067684
23185	23592	2.25301627966464
23369	57472	2.25154566265577
23351	8824	2.24893548423168
440574	522	2.24892162815339
8491	889	2.24858657935866
56829	57532	2.24744142830674
58497	8266	2.24664646961027
23405	5431	2.24615046386432
6210	6227	2.2451432195223
26121	6652	2.24348993600881
26156	51082	2.2430492809527
140775	57532	2.23977063192858
10055	4830	2.23961088523594
23367	7994	2.23542835690984
23283	92342	2.2349843770272
6159	8668	2.23231013580853
222658	57532	2.2308251830504
55770	57763	2.23012425985187
54629	9231	2.22949143653155
2512	6209	2.22772291560488
6434	8452	2.22746455404026
23259	6683	2.2193406169408
5814	8085	2.21770389876143
7706	84962	2.2166095908173
10209	467	2.21534091613145
283464	5514	2.21517364321557
65263	9240	2.21290754149469
6141	6147	2.2113303169362
23351	5339	2.21081204254538
4869	7417	2.21059355177525
6147	6222	2.20973242525067
28987	83608	2.20957881234072
29090	5431	2.20776304473687
23760	6434	2.20670180977486
10140	10499	2.20569221692848
7559	9231	2.20473715179021
23283	85025	2.20199624065102
22841	7705	2.20174555365509
1656	57532	2.20134351407469
10946	6637	2.20115493070545
10075	6176	2.20052222530567
2909	85461	2.19978466414134
114932	8452	2.19776386995538
55178	79675	2.19626622093792
55326	8725	2.19482533210182
16	7453	2.19302960540666
6135	6165	2.19275101283978
114932	80267	2.19197661642021
2512	3178	2.19176613347739
4695	59286	2.19132678433957
1739	29855	2.1912298358416
285362	84181	2.18999391393224
889	9525	2.18794818220535
6206	6209	2.18690986317365
51071	5431	2.18633086375018
10410	79027	2.18571514148667
51386	9045	2.18551716110748
10443	163049	2.18173653685846
4869	9349	2.18065460338901
23013	9778	2.18050116031971
6301	7453	2.17847858843057
6159	6167	2.17815356118472
10771	23398	2.17723141807732
1917	3429	2.17633095319472
1739	387263	2.17595835797154
440	6301	2.17448000788136
10525	29927	2.17422575851739
4947	55723	2.17411567679971
23351	9581	2.17315249746362
23466	8452	2.17241403341891
114932	85025	2.17234371963281
27258	5700	2.17227958579487
6161	6176	2.17031138207332
4736	6156	2.16855994132105
8667	9045	2.16815070006197
1350	8668	2.16614106387973
6193	9045	2.16556117805699
23405	79675	2.1648990928766
6165	6193	2.16302198030157
54931	57050	2.16223108793746
162073	8323	2.16199170333962
10949	262	2.16160728939477
5431	9231	2.16080087110623
22856	6434	2.16028478503401
163049	5814	2.15925889429288
1915	6235	2.15679470963867
222658	85025	2.15506016610559
23211	23466	2.15346242684943
5573	92140	2.15325413032485
201254	5245	2.15300552144292
23014	26060	2.15284595922015
7586	8853	2.15004170025909
60491	85461	2.14884008830304
331	55727	2.14850270096002
10075	60	2.14790270822021
2909	4853	2.14781205072301
1654	7994	2.14628495230207
22856	9240	2.14326083906366
6203	6217	2.14039203326436
4869	6141	2.13905609263622
23328	23351	2.1388850069743
6223	9045	2.13814069120352
2140	5439	2.13642502980297
3189	54995	2.13473143135557
116064	6738	2.13385074684072
6152	6633	2.13373495472414
1175	7520	2.13270760951586
55326	5813	2.12963536699665
10452	26517	2.12949330441363
23351	4301	2.12929075242426
54545	79675	2.12904759584577
80267	8853	2.12896208171073
29090	54851	2.12745357673116
22834	59338	2.12744718215943
222658	59338	2.12734322900226
10075	2512	2.12652773870392
6176	6210	2.12495161106143
51504	6633	2.12442925810717
23211	79829	2.1227437547903
10634	6117	2.12228818994142
10556	4733	2.12047716528593
3178	4904	2.12047217310975
390916	54629	2.11961432562875
114932	81034	2.11834966091825
1654	6426	2.11716120198917
23367	94134	2.11694259159273
26258	663	2.11630673159026
116987	219771	2.11408479172782
29090	29923	2.11389683654217
29855	5431	2.11370257278126
7559	91574	2.11327485842224
163049	9665	2.11099479489151
10767	51071	2.11091892612795
55727	7559	2.11060400476765
1654	57700	2.11059533523631
292	4666	2.11033583203466
6135	6176	2.11002369646624
283464	51031	2.10945912329186
100131801	4696	2.10880291561236
121053	84916	2.10853276073408
6176	9045	2.10837525824667
3046	8910	2.10821207566104
10130	7873	2.10671248535981
387263	80146	2.10430196423429
7311	9045	2.10340850718492
27258	7334	2.10273465907492
5170	57505	2.10230860064673
57551	57659	2.10230161878183
4666	51386	2.10166057343203
390916	80146	2.10024451681447
3178	6194	2.09990788556515
23592	80854	2.09895811154771
64766	657	2.09769387709351
54407	9778	2.09761283044943
56829	9778	2.09317622875064
3107	4267	2.09263251434283
10799	64983	2.089575598065
54545	7733	2.08946372926828
3832	891	2.08891390666133
5170	57470	2.08797876393378
6217	9349	2.08768770731721
23014	57470	2.08455561902456
27304	29090	2.08449784202179
60	6147	2.08120660960062
55266	84816	2.08031310866991
23167	80146	2.07922125719091
1654	5431	2.07798950790486
6135	6159	2.07688736555965
80146	8491	2.07666258370228
1654	3189	2.0766055625996
57654	8621	2.07630407523576
22845	79102	2.07575341308602
1398	23067	2.07372002621145
23367	7705	2.07054715014127
2063	51523	2.06899128592162
200576	9581	2.06825872380548
7798	85025	2.0656162408366
147015	94107	2.06485406270078
23112	390916	2.06478631336216
29110	9583	2.06435822475207
10771	3189	2.06412836097094
200576	8452	2.06403236897263
6156	6234	2.06096456665479
55170	94107	2.06054364183485
6191	8668	2.06016958385328
7485	8725	2.06008568835428
401505	4678	2.05785022591191
200576	57551	2.05188398888003
29923	3189	2.05137766347976
1337	4666	2.05047259426683
114932	5814	2.05027877357462
4076	6240	2.04955890474687
4144	56910	2.04887242640625
23592	90459	2.04724915076879
4736	6208	2.0469247352296
51154	79077	2.04621775059149
51528	54880	2.04579296629918
10614	56829	2.04328978439574
2512	6159	2.04101529803799
10726	51318	2.03969133312164
6171	6209	2.03859392159785
23405	390916	2.03795684185966
3189	57472	2.03788743410788
29923	79888	2.03653009551879
6129	6158	2.03564787599469
1662	65117	2.03552169209946
79675	7976	2.0353377923634
6122	6203	2.03364982020136
1739	57700	2.03334164931705
84245	9324	2.03242507845412
10480	6230	2.03230401424384
6204	9168	2.03150727371476
10075	6201	2.03111383208609
57533	57666	2.02782680053123
339287	63939	2.02744945494684
3189	6434	2.02327772524805
1398	23014	2.02151550344058
4869	6160	2.01457898549173
25966	9794	2.01373172792201
23466	57533	2.01332225161615
114932	9778	2.01232463786474
1622	401505	2.0089135164065
10452	6625	2.00880821833531
134553	374354	2.0085585140833
10087	85461	2.00838115677858
7559	80854	2.00675209457521
126792	23351	2.00642375052615
10284	56902	2.00585207538373
23405	57472	2.00580329379205
6159	6633	2.00475472456636
27336	3066	2.00410568873583
23112	23328	2.00355918798271
10213	5695	2.00237047196604
11224	292	2.00189019236283
26986	6234	2.00050657949031
9778	9877	2.00029751725936
10525	2923	1.99896120229013
23369	55770	1.99723810492254
4501	645745	1.99638037347412
26060	57472	1.99577006286044
29923	6683	1.99569103303034
10524	51042	1.9926074599889
283489	94107	1.99225703790511
4998	7298	1.99131889779032
29979	9318	1.99102117640437
6132	6201	1.99041211269653
79038	80775	1.99009560858341
2958	3281	1.98852866518811
6209	8668	1.98663700703603
1839	3725	1.98589586490655
6188	6234	1.98502200362656
65005	8031	1.9834966447263
64224	8323	1.98333205764452
4666	9168	1.98312614945118
23369	7707	1.9821988995254
161742	54629	1.9821004772385
23161	7586	1.98065537240925
6191	9168	1.98025561291917
6193	9349	1.98015268898124
29923	8772	1.97785757257619
144608	4144	1.97695815777358
283489	55677	1.97669903780926
23328	64207	1.97652655178682
81839	9562	1.97524442837978
221079	7110	1.97519778255485
4904	6129	1.97331917866941
29090	55745	1.97042795095886
23167	25972	1.96992399427211
3189	9231	1.96823115840669
10450	65244	1.96807030539955
10016	23203	1.96680939483547
6206	8668	1.96538026832065
201627	6683	1.96483091316188
10352	83608	1.96444968898445
29803	9231	1.96343636213658
6633	7520	1.96177064102536
6205	6227	1.96107025105251
5464	6203	1.96011640729216
6135	6201	1.95896868805285
54662	9807	1.95834437212412
6234	7311	1.9574846654169
4144	79675	1.95662824968531
284309	51735	1.95620607569895
163126	79102	1.95574283053175
23112	57180	1.95552727221192
11224	51386	1.95402977443843
54778	6047	1.9517310499938
5696	7104	1.95149857290686
22856	57563	1.95021883477815
25880	8725	1.94947537796065
26586	699	1.94820900563124
6152	9349	1.94784550621077
10884	5704	1.94666548727658
10284	5714	1.94524898026098
3223	55109	1.94471674518808
4904	6141	1.94430145956146
10055	55968	1.94427974362781
27300	6047	1.94338697460452
10447	8621	1.94119620581589
130535	64224	1.93949408390118
26986	6167	1.93751650712888
6203	6227	1.93577625596874
23513	5431	1.93539872834909
2909	91574	1.93521359638398
6210	6222	1.93356908187691
54665	55623	1.93269556908068
4733	5691	1.93267795317453
1033	9232	1.93176834523095
5714	9318	1.93074836278889
10042	57508	1.93053643547456
54407	9724	1.93049524662232
23091	29855	1.93023533735521
26521	64975	1.93002140134712
1739	23161	1.92814115649569
23367	84640	1.9267315625231
55326	9231	1.92645084929981
55814	5980	1.92548321374026
4904	6235	1.92403788653573
55326	9836	1.92299409473943
57508	59338	1.92294920086051
130535	57534	1.92197329552945
1915	6136	1.9219130714657
5774	7874	1.92088508904242
22827	6628	1.92030314756297
3178	4736	1.91909241986818
3178	4666	1.91855520944198
10277	57666	1.91692708093483
292	6201	1.91648486819324
2932	55770	1.91395400160882
5439	5691	1.91357887004761
3189	57563	1.91293778412569
51104	57659	1.91225723042124
134553	7813	1.91154625831286
1340	6923	1.91121908955759
133746	9197	1.91077326497907
10556	5700	1.91016659413516
80146	9240	1.90989522005868
4736	6227	1.90818190646497
6156	6210	1.90743352365462
1350	9045	1.90721068650352
166647	4144	1.9060890088881
100287932	6634	1.90292474524439
59338	9877	1.90289406988078
6160	6223	1.90218931309947
126282	8266	1.90192590454865
133746	55186	1.9010393478392
3070	5983	1.90080607066455
4666	6136	1.90051018528312
5692	8668	1.89910859041651
26098	7702	1.89872190811286
4076	6652	1.89780985780692
56829	9425	1.89718990272039
6146	9349	1.89577467380549
57700	80146	1.89507152352101
6141	6161	1.89480930607183
7559	9778	1.8942777138103
51386	6194	1.89287341065395
5884	7586	1.89089313220653
6188	6227	1.88555834994243
23161	4301	1.88356598273808
4733	5695	1.88235821395171
11083	56829	1.88153492227394
54522	6687	1.87842154624386
147015	84247	1.87787444874594
133686	59338	1.87693956425232
2063	23466	1.87678844213368
226	2821	1.87505749234221
29968	83729	1.87495877940022
55505	9412	1.87477183215291
54995	8824	1.87425957656596
51100	83737	1.87419247033813
5464	6206	1.87336187720749
6176	6201	1.87172251728996
3189	403313	1.87135910001698
1340	4830	1.86832923507183
23466	29803	1.86583579293313
90459	9919	1.8655318515305
79102	94107	1.86171382762867
339287	51479	1.860444821703
4733	5439	1.85967558237629
57659	8853	1.85856961598996
6141	6223	1.85842165904869
10480	9403	1.85803233049967
2512	6129	1.85780726236453
54407	91574	1.85193625959523
23351	57700	1.85099996291353
1849	79850	1.85063922916713
57563	9231	1.84778328323353
10694	5695	1.84433914916906
6122	6167	1.84196032992611
150275	57532	1.8402214523284
23466	9231	1.83956354728174
4869	6129	1.83825404592273
10284	29979	1.83814437438698
51174	79675	1.83610463765545
3189	51071	1.83607396049079
55326	79675	1.8346142098651
57472	84247	1.83401486362972
10075	6223	1.83389869867047
23328	8491	1.83350527349099
221079	374986	1.8334240150464
116987	9889	1.83305445725947
5980	7705	1.83210471390991
6230	6233	1.83201882748245
6176	6227	1.83192621861755
6204	9045	1.83062065449175
5700	9470	1.83034598948846
3189	7290	1.82828214593089
6683	7705	1.82603997006091
221937	29855	1.82404528471676
10767	9583	1.82313184669268
23328	79183	1.82205831249504
200576	6239	1.82068099332346
6160	6161	1.81694866248756
29923	388969	1.81577035956194
51386	6210	1.81536698573402
10112	7112	1.81226347385032
26227	8140	1.81101878834246
85461	91574	1.81020828017654
10051	6432	1.81018245686967
4173	4998	1.80923453317146
51735	9724	1.80746187573187
114932	9724	1.806198951131
7994	80854	1.80476265502915
2958	6634	1.80257741548907
4076	7203	1.79933098437618
56910	7733	1.79929187900583
133746	55791	1.79867013341893
1337	9045	1.7978840891829
133746	6655	1.79731578689012
58497	8019	1.79713906241576
64326	9581	1.79676295860325
55783	8491	1.79612511879391
133686	54838	1.7959046947941
125058	57666	1.79562527837822
6156	6206	1.79537021889116
284309	85025	1.79345966540933
283489	63939	1.79242298416433
23513	29855	1.79129373652073
100287932	6637	1.79027893525474
4238	51528	1.79002620233384
51053	83461	1.78778690794799
51449	55705	1.78557384883848
23328	57534	1.78411618516384
29080	9188	1.78347284455067
2909	9231	1.78316227243339
54851	85025	1.78190118551711
8323	9724	1.78093963460318
5714	9045	1.78013079953158
162073	9877	1.77951058474558
57511	64924	1.77863626338634
6165	6223	1.77800260650809
55770	9778	1.77762927222842
144699	23592	1.77739829127063
201627	9724	1.77682332990675
26586	891	1.77499381936332
390916	9240	1.77115299442628
22834	57551	1.7707506953923
3685	7813	1.77042415075214
4174	4176	1.76984189545412
23259	9240	1.76894887798208
6135	6223	1.76866151074681
23369	9231	1.76775696295152
6497	790	1.76677074571543
2806	8533	1.76412131153773
10001	55629	1.76362014758326
4666	6122	1.7633826772127
10799	56902	1.76234408249288
205327	29090	1.76176738840153
60	71	1.76153410137565
1182	4077	1.7604434733273
23613	285362	1.76038955121398
79038	94107	1.76031486907951
114932	55181	1.75891750860776
4172	7374	1.75822426675971
11083	51031	1.75800651875369
4869	8668	1.7572577704705
23112	84181	1.75674153839244
16	2887	1.75647334725598
8491	9525	1.75562717234714
91574	94134	1.75474577592589
57019	9791	1.75360795735862
5509	9836	1.75263194232208
6223	6235	1.75203956150299
5495	663	1.75008320009965
6135	6160	1.74765956921308
6434	80854	1.7471504407911
57707	84247	1.74633434492653
2873	6628	1.74534610544503
150275	5813	1.74464900034743
23211	3189	1.74399809654678
81034	9525	1.74365879518788
4809	5714	1.74352727998232
10277	5774	1.74153645141162
6165	6206	1.74083401949525
23161	9583	1.73893830863544
10614	79888	1.73654255947349
292	6227	1.72969975681559
26060	390916	1.72939116336767
374354	84945	1.72929024466937
5930	8621	1.72905412877117
64395	80146	1.72901540053443
435	8733	1.7285127132387
1337	6152	1.72736053600312
6132	6234	1.72635068047271
140901	2909	1.72523466410229
2063	65263	1.72500405274673
6240	91057	1.72345408443412
23764	467	1.72305886129075
23367	8621	1.72260501282196
55170	5813	1.72215357250764
9045	9349	1.72071567430253
27336	5431	1.72048482680556
100287932	65005	1.72026524916603
9425	9778	1.71994906602127
11153	51465	1.719635418247
55326	6426	1.71910310298017
283464	29090	1.71755803126359
6234	8667	1.71600889254377
57506	57707	1.71553895664723
26273	92597	1.71540518081753
10771	51031	1.71502928030429
1398	80854	1.71311678223295
6171	6210	1.71282554472745
2512	71	1.70627213566468
79754	8266	1.70213341823059
100287932	4733	1.70209240205377
55727	9778	1.70105448236763
8019	94107	1.70079443810815
200576	3189	1.70028771483484
11231	23471	1.6980382236717
27079	9836	1.69635118213448
403313	8824	1.69516695722798
11224	7311	1.6947031725212
222658	64326	1.69363984136025
23112	92597	1.69359278599266
10682	79622	1.692935996494
153830	2909	1.69201356271578
10443	222658	1.68931101352699
51264	55968	1.68841601096017
10614	57532	1.68824268863921
23582	55251	1.68816351234319
1491	25932	1.68642732909718
29803	5170	1.68549650053277
23351	7586	1.68484192093593
158	54995	1.68475587984183
23376	55204	1.68409591511717
11044	140901	1.68364671729815
10614	51031	1.68295391505526
80146	84181	1.68283904939105
162989	3337	1.68244377466474
222658	7586	1.68236327367544
51071	83989	1.68197313836627
689	9349	1.68151944968391
3551	55770	1.68076866896172
6136	6235	1.68040077366727
467	673	1.68014184777306
10055	26121	1.67940876916943
22954	55170	1.67876040584137
55170	9836	1.67701268270145
51507	6749	1.67636889379707
283464	81034	1.67532091114493
6193	689	1.67361119533545
59338	8065	1.67337316832425
7332	8208	1.67300392161505
2805	83667	1.67261482058263
10213	1965	1.67153972150463
2512	7311	1.670582374273
55181	84078	1.67058203592722
5692	8892	1.67032118074845
23613	89782	1.66926990853559
11198	142	1.66883013179867
10055	150678	1.6686075245627
403313	65263	1.66603787924476
1327	3094	1.66562791666921
6129	6141	1.66553693596905
285203	55193	1.66501527115006
26121	518	1.66457593673322
8192	9556	1.66154125300955
1739	23466	1.66022157449432
63920	91661	1.65956465613964
10767	83989	1.65856987891907
6171	6223	1.6575002181163
51523	79038	1.65681153681808
23369	23592	1.65626020494934
5431	64216	1.65579061126726
114932	57551	1.65563845470815
54620	57707	1.65506929258454
6206	6223	1.65355986950443
23328	90333	1.65323742644965
374986	80146	1.65317295953736
27304	56257	1.65093523763123
54984	7203	1.65087648866405
56910	865	1.64926155885694
57508	8065	1.64808161104888
23185	6434	1.64692466524991
54545	57563	1.64530428967603
126792	2802	1.64407540769127
57018	57035	1.6439805005071
5464	6217	1.64395500748878
10771	7994	1.64323707437323
10767	55326	1.6390426794225
463	55770	1.63889845800596
23592	9231	1.63760811529134
3658	80146	1.6361259848147
7844	91694	1.63523351861166
6129	6193	1.63467467252034
219927	4733	1.63398681072676
64326	9778	1.63357591913769
57763	8491	1.63350515344066
3065	8539	1.63318427324922
222658	23112	1.63254717729842
29110	5930	1.63244728597913
64224	8491	1.63104234127548
23328	57763	1.63061505603195
55170	84816	1.63027287062783
26521	401505	1.62951036217534
23210	9531	1.62902204638201
79893	9778	1.62833603870679
6146	6194	1.62765909554588
222658	284309	1.62715500970296
23466	57472	1.62611452444149
2923	51726	1.62573535642672
1654	64216	1.62460670364071
1340	5204	1.62447072305525
6160	6227	1.62367590232799
54629	9240	1.62197449741647
284273	79718	1.62151927176077
150275	7733	1.62095066965923
57472	80775	1.62015704317132
29078	64983	1.61954470175302
374986	9525	1.61908822477439
10949	7874	1.61761324979134
146050	57700	1.61704098340419
10767	8690	1.6162899537494
10213	29093	1.61609135621569
54799	9724	1.61448420331791
54545	55326	1.61325018431897
147015	79718	1.61297513889744
317762	7874	1.61264886277572
3601	6451	1.61235898767653
219654	5361	1.61093374287962
8621	9778	1.60803215773837
221937	23369	1.60785594000565
6206	6234	1.60765629926041
200576	9525	1.6071813336071
8667	8668	1.60700723884948
29090	51071	1.60665905475038
23203	29090	1.60603829632963
26273	387263	1.60546897876497
6167	6201	1.60438230541855
1349	55847	1.60408101615651
4869	6135	1.60303965571713
3178	6141	1.60302939857434
134553	663	1.6026375273541
22936	5271	1.60231128171395
134553	80146	1.60159915562768
154807	388969	1.59975185765643
114932	283464	1.59920518230951
54851	56829	1.59748984118813
205327	3066	1.59658757018387
4736	60	1.59650070064671
2960	54851	1.59587029471731
142	7976	1.59391845094633
4853	84247	1.59252996186029
54554	54799	1.59230632656187
219771	4301	1.59146646530307
23592	57583	1.58768056042243
57551	92597	1.58519965753881
10410	5696	1.58402006425269
9787	983	1.58394159162313
64326	8452	1.58252034965819
6227	7311	1.58204800528458
29090	55170	1.58173321613375
10055	6652	1.58135757015517
29090	5813	1.58110805888802
60	6161	1.58036349091538
146923	23507	1.5798109871626
10614	55181	1.57950451597595
25966	339287	1.57675547527837
23014	7705	1.57660462949509
3178	6159	1.57446203596575
200576	9375	1.57360738697506
56910	57563	1.5724381742255
3281	4725	1.57193388152325
5439	5714	1.57142486127689
22841	26060	1.57127668689895
1739	55770	1.57079217394105
5441	55611	1.57078092230005
57511	59277	1.5689778582948
79038	8266	1.56665312954503
23369	26060	1.56490445552829
2063	57472	1.56441584638752
10574	10694	1.5644125081927
56902	8559	1.56351289675903
11044	23369	1.56346968976134
54620	57472	1.56282083481717
5464	6129	1.56248541284624
2958	6637	1.5609374629223
10443	5884	1.56031326748163
221710	55727	1.56003864989567
115708	51042	1.55974277068515
11153	9695	1.55739651668024
4733	79159	1.55713680451915
23328	9525	1.55569215214148
22834	6239	1.55525996226691
6136	6194	1.55505022614973
1337	6206	1.55484359947641
26273	284098	1.55462956349777
57563	63939	1.55446814150537
4736	9168	1.55440272239307
54407	5884	1.55362941057358
114932	57533	1.55322626659087
10130	23753	1.5531135684982
163049	64326	1.5521940211595
6204	6235	1.54971072113268
3189	5873	1.54754477422271
80146	8452	1.54747757892897
463	57700	1.54648999999198
23328	6239	1.54547116196349
1965	4733	1.54527086648775
3183	4666	1.54438996742507
4238	4247	1.54436333127652
163049	9778	1.54421783239595
54665	7707	1.54360594642251
6156	6201	1.54135506424992
153830	1654	1.54097917415966
23369	59338	1.54027313547252
23466	9807	1.53995162250942
5704	5714	1.53953395574705
4736	6132	1.53928990442318
4863	55181	1.53817250868705
10075	6160	1.53765154396047
3178	3183	1.53659820627883
2063	9240	1.53574764713961
390916	6683	1.53519130237386
29090	84078	1.53135782768015
1387	54812	1.53117051040969
80146	92597	1.53074580049494
8266	94107	1.52794229496469
51735	6239	1.52767621491501
6301	6509	1.52709183444968
54995	5873	1.52683735304027
6193	8668	1.52679711442569
10884	79074	1.52670621219132
10949	55326	1.52531410684559
11224	5464	1.5248065538271
1350	27089	1.5246112216898
2512	6135	1.52400454887859
10419	26574	1.52193930064435
8452	9583	1.52104188958711
5631	9791	1.51980996438343
6129	6170	1.51863056535444
2063	57666	1.51760552162217
116987	126792	1.5160992769768
11102	79736	1.51570451054634
2063	58497	1.51518224011578
10581	7041	1.51366280017522
6223	6633	1.51333654106381
403313	5873	1.51297689578899
10001	26953	1.5114805487461
6132	6222	1.51019473088864
6167	6188	1.50979503962092
10075	6194	1.50789689338927
23014	23328	1.50742506968856
10771	1654	1.50651254083872
60491	79830	1.50616632913671
10042	22834	1.50446149917676
10042	60491	1.50420554397626
10632	4695	1.50392304462641
54554	64326	1.50153297908659
51386	6159	1.50098654169963
1337	3178	1.5001241370997
114932	84181	1.49801527755017
10443	8824	1.4972494253286
147015	26060	1.49534352128822
1340	51504	1.49500544869669
2773	9318	1.49285307518772
4238	57707	1.49133980879721
57551	9456	1.49130922806858
81839	9836	1.49102211988348
1841	5888	1.4906069703247
6203	6235	1.48991377185712
10525	23753	1.48887250585489
54919	84445	1.48839049432266
9197	9581	1.48780972024504
57533	80146	1.48661808323983
54407	9877	1.48578680973848
4722	9470	1.48480343740264
10042	91574	1.4842740231159
23404	5427	1.4842470697637
10678	54620	1.48392411150295
4736	6136	1.48368437174068
22856	55326	1.48314960771792
23014	283489	1.48201172766325
11130	51053	1.48188424946202
23328	7586	1.48175708932311
146923	283489	1.48104827037099
116028	339229	1.48070477692579
10767	54838	1.47982054380325
10573	5873	1.47939481305078
23369	7705	1.47925846263162
10614	157567	1.47814665914237
23014	54620	1.47765599298549
2140	28974	1.47653345661702
10432	79649	1.47644301022399
23466	317762	1.47634730872064
11083	5514	1.47609426367413
55727	57634	1.47509174649873
4904	6167	1.47473102952423
10767	6434	1.47219352105736
3206	8019	1.47170690307799
390916	5494	1.47147795576407
55181	9529	1.47114469116184
4904	6132	1.46981560556909
1211	6767	1.46937635524365
201627	57763	1.46914967964153
55170	7976	1.46879620166362
339287	57472	1.46876680949933
29923	9836	1.46672441283086
55611	6749	1.46632362847819
10424	3658	1.46320201114159
23014	55326	1.46266982147998
10055	5036	1.46148922445779
100287932	55967	1.46142647172422
10016	23513	1.46109185674768
3685	57534	1.46077463318971
689	7311	1.46020993953189
11224	9168	1.45986569279899
4666	6203	1.4597154858329
2872	54434	1.45765877566988
4722	5707	1.4566959334065
10957	1182	1.45666168254273
11108	54407	1.45534677128762
4904	9318	1.45511561240791
3189	57551	1.454281678497
55814	79893	1.45354285266813
8085	9807	1.45301943453744
292	6165	1.45223172458054
1337	6159	1.45113220094347
889	9527	1.45015937185545
10946	9898	1.44975571367822
114932	57508	1.44945274647316
8452	9231	1.44890304294727
8065	8452	1.44822281966795
11276	22992	1.44715304739376
23499	403313	1.44578028321478
80854	9807	1.44520946489304
10694	4733	1.44504062474323
201725	89890	1.4446716552173
148867	23376	1.44456839232687
6209	6235	1.44417732811677
23014	9778	1.44417202987259
133686	23369	1.44394926411478
222658	57763	1.44374485786005
6141	6167	1.44306035389908
55170	7372	1.4418702398553
59338	6239	1.44156669071886
54545	55206	1.44142596218803
5884	9665	1.44080456754338
54838	57472	1.44021223123255
29855	8452	1.43989247178559
5714	689	1.43985013579929
23014	23592	1.4395642500879
11102	79830	1.43627909416352
6209	689	1.43579665877021
29803	29855	1.4347488968637
30849	55745	1.43448338000232
4176	51659	1.43389095938243
84451	85461	1.43281710242902
4725	5439	1.43123290357785
57700	9581	1.43051901230164
10443	284309	1.42942963858067
59349	9581	1.42918584963516
6683	79646	1.4284300464054
54851	8690	1.42675471807033
51804	57532	1.42658668203997
6171	6193	1.42619890369159
5707	6625	1.42549623318217
154807	94107	1.42412921112753
5431	8065	1.42402407241969
23185	55326	1.42320246619369
57700	59338	1.42249129434147
23466	5431	1.42015030000456
3189	91661	1.41928025910797
23582	84910	1.41773673648066
3189	57470	1.41685842896688
10667	6628	1.41615366821891
5930	81034	1.41468600640631
23167	8323	1.41453453484639
6790	84722	1.41322726353861
29090	57563	1.41317055243111
4904	9349	1.41180112220276
6194	6208	1.41169781433801
3178	6146	1.41100518406629
11083	283464	1.40939107140308
10614	5980	1.4091187784955
23328	65124	1.40816645629708
2224	5993	1.40780944696021
1915	6227	1.40610635255073
54838	57700	1.40569909704917
54948	7027	1.40470797868029
138151	64781	1.40370839924081
11044	9798	1.40233847603003
146050	9778	1.40219309888576
6156	6232	1.40178594014759
221937	7559	1.40081704084511
1495	1938	1.40000378747475
7705	836	1.39984414801159
80775	94107	1.39916871394848
1650	5034	1.39868583622147
114932	92597	1.39827982376412
201627	7586	1.39735860627028
9197	9695	1.3966386567106
65005	7203	1.39634370609844
23211	7290	1.39587425631125
55623	5980	1.39581292285667
10556	219927	1.39526963244385
10042	284309	1.3951456529881
222658	5884	1.39432819946501
5695	6201	1.39384419694165
23760	5514	1.39271170078181
22907	51264	1.39224355698334
54629	57551	1.39152744992333
390916	5980	1.391199440196
6129	6201	1.3887359671834
10042	222658	1.38821063235101
29855	57700	1.38710418243726
154807	26273	1.38494583034651
22856	54620	1.38379398658239
63920	9525	1.38322773965999
26060	657	1.3831568476066
116064	9240	1.38311215218541
170506	3066	1.38266003212117
3326	51504	1.38149555778217
2909	7559	1.38027628520172
10277	7485	1.37944902914378
23369	9425	1.37853959421088
57551	7586	1.37737842850902
10075	6210	1.37707208109444
222658	23367	1.37307705425555
10743	22856	1.37305016256542
1654	9925	1.37105202280112
23351	8065	1.37076522123917
51154	51728	1.36862041081532
116987	23351	1.36757666488935
5704	79074	1.3648151821775
23760	7799	1.36351384687007
55181	55745	1.36246240957365
2140	4725	1.36169033808337
57180	79038	1.36133320753246
388969	6683	1.36120890340919
22856	29855	1.3609573430272
2673	79571	1.35960848490525
292	689	1.35957554003887
55032	5930	1.35954818606759
6193	9168	1.35952784407657
51735	57508	1.35678013982695
10781	54995	1.35654987774471
6156	6161	1.35610015367783
10410	1917	1.35509503615384
10980	56259	1.35362649591114
4171	79077	1.35330967831573
10087	1654	1.35292481156378
116987	128637	1.35085780514295
10263	10525	1.34880401037319
3685	57511	1.34831606853696
1654	9665	1.34802298372806
3183	6235	1.34764784200666
65264	955	1.34687439020368
2932	5922	1.34196857743333
10771	79736	1.3411279910606
23405	9836	1.3408903706706
26517	6652	1.34066920232453
890	891	1.34001819456473
222658	6239	1.33984832879524
55030	9778	1.33578588570239
55178	7372	1.33554332532358
23592	6434	1.33542275719239
55032	889	1.3351494675754
403313	9240	1.33473488165044
140775	6239	1.33379203080453
116987	84629	1.3336413221481
6136	6160	1.33235933173444
6132	9168	1.33177480864118
199857	201627	1.33164773700841
10614	23367	1.33095190684552
55170	79675	1.32935177176343
23161	80146	1.32840149268473
10250	6432	1.32802641514792
1654	23091	1.3274432084268
6146	6210	1.32693953081243
3223	64132	1.32652896789176
8065	9581	1.325293790413
10767	283464	1.32510101392487
114932	57532	1.32475954019753
59338	80146	1.32475298920542
79038	79754	1.32352885259279
10771	84939	1.32236704316119
29090	5980	1.3195012286057
1337	7311	1.3189732482587
3189	8725	1.31833828682146
4736	6135	1.31767428419803
5361	9647	1.31756558948116
51504	6628	1.31745185902272
6136	6229	1.31669613186478
134553	57534	1.31607140510317
23369	7559	1.31542510938682
55204	6655	1.31459230757814
1915	4904	1.31458397232268
29068	57189	1.31378435138804
11078	55760	1.31118488538752
57583	7559	1.30996918141065
23091	8452	1.30983369312319
6160	6206	1.30904923537939
59349	84256	1.30821616877318
222658	80267	1.30749171827107
23211	65263	1.30708253006101
23592	29855	1.30707861186617
10087	6239	1.30705435968804
199857	9724	1.30576897149896
80146	9581	1.3055641001563
4736	6167	1.30380047004545
10284	4666	1.30262795177094
1337	6146	1.30251155232486
317762	6426	1.3013416599885
10248	26147	1.30113522749459
5700	6637	1.29628781253352
1054	2805	1.29596493172868
23592	57472	1.2945531069002
6159	6203	1.29413830177439
9778	9807	1.29362433941797
1854	4678	1.29273706545868
170506	5431	1.29267607264804
5170	80854	1.29073804507713
154807	3930	1.29045298763692
10284	4733	1.29002108159979
5884	94134	1.28943874592573
701	9837	1.28931094974787
10483	90411	1.28907202126223
7298	79622	1.28904669459787
57136	7165	1.28871397125136
390916	57563	1.28856086292588
26060	54665	1.28678970416779
6234	6235	1.2852378114495
121665	221937	1.28500582800207
219654	5873	1.28488224549035
23369	57551	1.28467627649446
23369	91574	1.28353037976314
54662	56829	1.28218175009073
26517	5245	1.28056246888381
26060	94107	1.2786781492235
5170	9240	1.27805080647579
10929	93183	1.27760601104551
4869	6146	1.27718627768555
1337	4904	1.27716143556553
463	9581	1.27668608211434
5884	8824	1.27630496761209
55326	55623	1.27557273923272
10197	10726	1.27523733640699
292	6193	1.27508275533147
16	57761	1.27506226218448
23161	9231	1.27440032834133
23466	7874	1.27425545437011
6132	689	1.27178132145289
56942	5707	1.27150894484459
27079	80775	1.27094559053848
8824	9724	1.26953730215333
51154	51659	1.2682279180228
26517	389541	1.26791419132393
6170	6233	1.26749880526093
140459	26098	1.2644068407528
54925	7994	1.26438980926559
262	27327	1.26321064368961
26986	6156	1.26312268647357
4904	8668	1.26193445293874
6135	6193	1.26164591735126
3682	79622	1.26130270813501
11224	5714	1.26099128073358
10284	2773	1.26033219464716
6129	6146	1.26018614970206
51264	8533	1.26013063744413
201627	57534	1.25990791574948
6136	6210	1.25932844324331
219771	9889	1.25878909709685
1739	57180	1.25725314142837
26268	84816	1.25649708822383
22841	57551	1.25530508121614
10949	8452	1.25503003084205
10721	7372	1.25409525909
6132	6232	1.25400065690006
6141	6229	1.25391396711383
23466	57180	1.25290413063847
10614	85461	1.25247390189275
54995	8772	1.2523352640189
114932	55030	1.25211025979794
339287	94107	1.25083508368835
51523	58497	1.25073212573484
6156	6235	1.25073096379488
10042	114932	1.25041636008417
29855	57666	1.24969122329385
6191	71	1.24706987463555
23592	8452	1.24644921463561
55170	55181	1.24635429644801
26060	8019	1.24601216680075
80267	84640	1.24582708424214
196528	390916	1.24576794741396
11073	92667	1.24525267718949
55770	59338	1.24481551466313
463	9665	1.24382710125142
26986	6204	1.24366095001656
7586	8452	1.24321117281826
11224	6234	1.2430265541603
6239	65124	1.24211888551458
57700	9525	1.24183922157288
51726	7184	1.24101933283685
2909	54662	1.24051822039168
11108	94134	1.24042383086982
23590	7976	1.24036881306679
219927	84916	1.24023106629811
7586	9525	1.23948284724936
57551	8853	1.23936213258935
11108	9877	1.23868906576195
138151	84747	1.23867808018786
140775	9724	1.23776195889012
140901	5922	1.2365757180369
1477	4236	1.2363038004017
221908	2319	1.23563462491138
23185	7874	1.23504468402441
4736	9045	1.23465127505561
1662	9318	1.23180740328115
23328	23592	1.231768282122
6141	9045	1.23148997152606
3178	7311	1.2303811113397
10574	4733	1.22961719053965
51278	80311	1.22952649186684
4690	9015	1.22884665233214
162681	51735	1.22878272614909
114932	23466	1.22822292239964
10042	29090	1.22788757211842
57700	8065	1.22661514175394
57470	79888	1.2260199061304
23211	57470	1.22441582248438
85461	9231	1.2234880846782
6188	6208	1.22326184418809
222658	23014	1.22307244463773
200576	23351	1.22304388412216
1654	83989	1.22300956913598
51542	57491	1.22257678732238
2909	54838	1.22224094575958
29923	84451	1.22213186752368
128637	59349	1.22195066334491
22872	27230	1.22181915401821
4709	6634	1.22160575927621
23466	57666	1.22159633442122
27230	55132	1.22096303532829
10432	29090	1.22017391425223
6188	6222	1.21984831294788
153830	6434	1.21925752654615
57659	5980	1.2185504157462
5204	6146	1.21732335141644
374986	7110	1.21710366305011
1739	59338	1.21591349868969
114932	51031	1.21510554272301
10138	56902	1.21497782361515
135293	390916	1.21461743837162
10042	84078	1.21350399746935
3326	9318	1.21345408578816
3326	4904	1.21307892509184
26986	4666	1.21214552201559
10016	3189	1.2120990661421
10443	54995	1.21137328409675
55032	9525	1.21133522436922
23510	84747	1.21032831162384
11073	63939	1.20946962122555
57472	60491	1.20938100605574
128637	84629	1.20928004946725
64326	9724	1.20903760041959
292	6217	1.2075090798217
6132	8668	1.20690479441176
1654	64326	1.20587927458381
114932	8772	1.20507015549164
4678	7332	1.20311666860233
1965	6637	1.2024359951474
27327	56652	1.20221043697503
51479	55677	1.20160602597004
10614	150275	1.20013725235232
23369	7752	1.19904426282035
6235	8668	1.19878309658078
23592	8621	1.19736583659159
4904	6161	1.19720198013362
23398	79736	1.19719459380169
10667	5441	1.19700208411177
23592	51031	1.19581688689038
163049	51147	1.19537591278505
133686	6683	1.19537474904051
5982	64949	1.19513180624769
6132	6161	1.19510666204547
23197	23660	1.1938976154526
4869	6176	1.19329034906245
128637	23351	1.19324281205239
222658	54554	1.1931189482836
4830	8833	1.1920920065045
140775	9778	1.19192967308062
6223	8668	1.19119041273257
51174	81839	1.19105642532489
23361	54838	1.19102402433455
1965	7203	1.19055235443482
221710	23367	1.186746646034
5692	5704	1.18624929192216
5692	5714	1.18604404564636
29923	60491	1.18568902685193
221710	80854	1.18524113117567
284309	79646	1.18518721578538
23369	85461	1.18425231105511
79893	85461	1.183324251523
10352	7818	1.18313329198193
114932	84078	1.18298084238331
4736	689	1.18276750757731
390916	54665	1.182701213085
3939	6223	1.18201880214134
80146	8065	1.18138853820249
1654	463	1.18098415722033
64326	80146	1.18086597837682
55251	64224	1.18049353606598
10016	79038	1.18022317611799
116064	5814	1.17992323685993
29855	8065	1.17914108596282
1337	6191	1.17781953030995
57707	9877	1.17675850422108
23328	5930	1.17591092389387
1936	8667	1.17589699960213
10447	9583	1.17272957619588
1786	8805	1.17249410968684
6141	6205	1.17239743546805
7874	80854	1.1721499436337
56829	79038	1.17183058828362
4301	80146	1.17123138129873
4666	6205	1.17096535251817
114932	65263	1.17004289232153
23369	80854	1.16990768595268
4012	8675	1.16949901754285
55770	64326	1.16929169589188
5691	6633	1.16816708359852
54838	9240	1.16785451191788
5707	6240	1.16782144795947
51512	9837	1.16745358796641
6171	6194	1.16722522149716
292	6204	1.16699253032306
6122	6146	1.166896094513
162073	5884	1.16665780166639
6227	6232	1.16651130630663
10781	54851	1.16623307281751
4301	5311	1.16618288616418
1917	5696	1.16566066142945
142	23203	1.16531501547093
23466	7290	1.164522453583
29128	7027	1.16358840827591
6129	6165	1.1635384766359
11108	7743	1.16242648636739
57470	80146	1.16210785821409
10609	57189	1.1610748605487
5361	92806	1.16051519831875
10410	7104	1.16028039180926
657	94107	1.15874851569061
57532	79893	1.1563214741662
1654	8065	1.15481723841126
196528	59338	1.15438170199683
55745	79736	1.1535385103884
23211	5170	1.1531269405618
54851	7586	1.15253612275544
27258	7332	1.15101587059115
5495	55186	1.15036782056154
23367	6239	1.14975545772851
23174	9231	1.14875433688355
80005	9425	1.14742507001145
6232	689	1.14729719742694
2932	9778	1.14719799498703
23471	84061	1.14707924171993
55330	7485	1.14682469825465
26986	6136	1.14594409287462
57563	79646	1.14591241344458
59338	5980	1.14509606772308
55814	7110	1.14286405034182
219771	7559	1.14254928527425
134553	92140	1.14230524612914
51031	55181	1.14218016168263
10956	5034	1.14193800091649
23014	7559	1.14183251892918
10284	4869	1.14008721445556
51603	79675	1.13988943311214
55326	80146	1.13964760659734
51386	6136	1.13964510038428
4144	80775	1.13776268350268
25879	5431	1.13728727400764
23259	29923	1.13684402684377
200576	23161	1.13629249717093
55181	79736	1.13599964344554
113174	5437	1.13586325486523
55770	57700	1.13578522231734
55030	56829	1.13499749958652
22841	4238	1.13490606218541
10016	317762	1.13463860730238
388969	5494	1.13193343366347
374354	79646	1.13075536125214
3685	57531	1.13067182871713
10443	23528	1.13056174323843
3178	6205	1.13008126853114
147015	57506	1.12987595124829
4666	5714	1.12952460595537
6122	6217	1.12889394205873
4722	4725	1.12780509914886
23466	25966	1.12577733138238
342909	9724	1.12545514405647
7332	9470	1.12463254084212
10286	673	1.12378923095458
147015	58497	1.12297392961335
51386	8667	1.12281978819807
1398	9807	1.12262256401004
2739	56942	1.12212320855379
55703	79675	1.12208753895062
2909	9778	1.12179882410046
157506	51104	1.12145306607741
11073	390916	1.11966386828183
284098	388969	1.11937086342321
1398	54925	1.11891480216461
23167	9581	1.11877923899206
49854	5597	1.11829623468516
25966	29803	1.11786475180114
201627	80146	1.11770832542063
54407	5921	1.11717189370727
1434	9768	1.11711822542092
196528	23112	1.11710268368228
4012	9110	1.11637425923414
23369	57506	1.11636366795361
29775	7187	1.1162703172749
205327	79736	1.11408724849536
292	6206	1.11385230835187
3189	387263	1.11381492382712
23161	9778	1.11359325687449
51726	6747	1.11335653755637
133686	55727	1.11277988687676
158405	58497	1.11204249305794
4904	6232	1.11167191743929
80146	8824	1.1113559442375
25966	84747	1.11070304700309
51523	57533	1.10849317812924
3183	4869	1.10845591703257
2909	5170	1.10751368938555
200576	64326	1.10729489188453
54838	7874	1.10643785882443
3685	5573	1.10510607881146
54407	55770	1.10498898975639
10524	662	1.1030360105629
6165	7417	1.10215430645572
55727	9889	1.1018199296623
55814	57551	1.10166924024045
23760	7874	1.10150270117858
6132	6135	1.10024564014794
6156	6209	1.10016216680612
161742	221937	1.09984905379248
100128731	5757	1.09982327375153
10767	64326	1.09934363773328
23592	5431	1.09831751035848
80146	9778	1.096955577645
4173	4176	1.09650568609916
23014	54838	1.09542835357326
117246	51154	1.09325047159319
79830	79888	1.09219320894439
1434	8805	1.09197899922795
3066	8690	1.09184514197645
1915	6234	1.09101265478464
199857	51000	1.09042652228248
4830	5496	1.09038744591362
133686	80146	1.09022055304541
54665	92597	1.08999430369332
55669	64924	1.08969789966198
23466	55326	1.08924615374895
7918	80267	1.08920516361944
10263	79174	1.08847250853423
1965	4076	1.08745332980962
1936	7311	1.08730582080637
6745	9236	1.0872816706968
22929	6117	1.08593387640536
114932	1654	1.08590236790957
6159	6227	1.08519190530342
5495	92140	1.084638312067
6229	6235	1.08460978685474
4678	84245	1.08377847866431
6201	6205	1.08350678523564
22856	390916	1.08037179324598
6208	6223	1.08020811882863
22856	7290	1.08012109643794
11102	51031	1.07995313873794
57533	5814	1.07975608730137
57763	8853	1.07954452208036
6426	8452	1.07945682393036
6136	8667	1.07938746823267
140838	55170	1.07935745326359
22845	94107	1.07911797617119
23499	84247	1.07733486969382
55206	57472	1.07578090419328
26521	7334	1.07480612154537
1340	28974	1.07448693388498
1398	9778	1.07423106918247
51728	7277	1.07405900076945
2773	3608	1.07365257810588
2030	4171	1.07333024876118
2512	689	1.07054554147449
27327	7290	1.06959357912665
6161	6165	1.0680411853835
1491	2887	1.06765873468211
55206	56910	1.06755995467415
64395	7485	1.06691042640987
142	29923	1.06684186506102
140609	5884	1.06589797347308
6217	6222	1.0651461676382
1347	4697	1.06497580534713
79718	92597	1.0632366188199
63939	8019	1.06316714907471
3178	6129	1.06245373566924
26060	55326	1.06201541228441
55041	80854	1.06088621699694
51528	9562	1.0607954502154
205327	283464	1.06041216810109
10634	29775	1.06024479947008
5479	6184	1.05993264838046
4722	6625	1.05970834795921
54851	59338	1.05925810878876
1495	51100	1.05904351346289
54927	64983	1.05896733042508
390916	92597	1.05831924051515
54407	7706	1.05830435693438
29090	55326	1.05813885369138
55745	79675	1.05812242509856
51504	55968	1.0579996054857
440	7453	1.05782563199278
55727	5922	1.05776391679228
3178	6210	1.05770672693176
5884	8323	1.05767462725908
10905	92140	1.05692007834733
27300	54471	1.05688147344975
10087	23014	1.05662891573067
29923	55181	1.0565198519527
3281	5700	1.05434258833208
23112	64207	1.05392512032517
6637	7332	1.05389017308948
6434	7559	1.05378577820954
1398	23013	1.05375935002458
26273	3658	1.05337486101232
6167	6209	1.05325752786384
6683	8491	1.05250358999191
128637	84962	1.05246821062058
6171	6191	1.05221906214855
57551	9240	1.05164827908377
221937	9778	1.05143683972421
26503	57763	1.05101286409677
23167	387263	1.05082060673605
201627	8853	1.05016654418427
3189	56829	1.04974832297577
26121	91057	1.04970736184769
2956	4175	1.0494855208697
5170	6426	1.0482644974875
1351	25873	1.04817701937524
2512	6222	1.04793405758116
26205	2932	1.04693694058879
23211	5813	1.04659521837089
10632	1349	1.04635591327853
80854	8452	1.04615475299002
11231	84061	1.04610865803468
4725	5441	1.04560853261528
6136	6193	1.04474894002569
10726	5435	1.04409942011572
283464	51071	1.04338258118356
162073	94134	1.04299444942922
161742	9231	1.03988156646488
10946	4709	1.03956156146334
5464	6146	1.03786695121096
1340	6628	1.03777773610966
26986	6132	1.03658245915492
1654	23466	1.03631778903949
5884	92140	1.03622732396082
51735	79646	1.03495298788962
1915	6146	1.03478796147957
55030	91574	1.03460989194372
1350	3094	1.03371024912787
6782	8780	1.03347423484402
292	6147	1.03289386431739
26273	55676	1.03287560651632
387263	8452	1.03241135869151
55727	9231	1.03233102260443
3978	4176	1.03146916726511
10075	6232	1.03107365170903
54910	9392	1.03076528342776
6129	6156	1.03048434413319
2140	4830	1.02986364189825
29090	85025	1.02827212918495
262	81875	1.02823104167395
5434	5441	1.02656817813411
6146	6205	1.02649172654063
57136	84629	1.0260190491765
133686	9778	1.02580285877093
153830	23014	1.02503133319189
116225	1849	1.02492344026353
54665	55326	1.02463422564365
63939	9836	1.0243920419543
23014	6239	1.02363856832694
1350	689	1.02350851329242
150678	5036	1.02240341975137
5725	8533	1.0219711620368
10213	5682	1.0202275953984
122809	163590	1.01885161862072
10771	23367	1.01879019945964
6204	6208	1.01858334317842
138199	55326	1.01833426896242
7334	9978	1.0182123749313
57551	79646	1.01765705192092
10210	201725	1.01739927644845
201627	387263	1.0172187921127
4212	9562	1.01659328590206
134553	8323	1.01634657760792
25972	80267	1.01631317875946
200576	23592	1.01628612031314
27020	50484	1.01434762914704
30849	7372	1.01400837054295
57215	7541	1.0127771369473
8085	8924	1.01272532439064
23112	55326	1.01256746830378
11129	4849	1.01212127789279
79142	8266	1.0116004717352
7874	9231	1.01113294937106
3046	90102	1.01001966583497
7041	79027	1.00989301717364
23112	57551	1.009662804157
55326	8452	1.00929128296094
7419	9324	1.00884970100275
79888	9836	1.00861946082046
55770	7586	1.00848993233411
8065	9375	1.00844174818297
5813	79649	1.00768088113335
59338	8690	1.00688568708363
4904	5714	1.00631752476336
54838	84247	1.00589048824214
124808	56902	1.00552741497257
6223	6227	1.00524482984441
10946	57062	1.00486608834825
51386	6135	1.00439830129402
23466	84747	1.00410553000275
146050	23592	1.00399293365129
283489	339287	1.00295851598236
150275	55326	1.00274945594451
57180	57666	1.00248345990457
200576	59338	1.00126987395907
6161	6232	1.00108554207737
23405	80775	1.00010656823188
