6152	6160	2.90086695067684
6164	6169	2.90080411707233
11224	7311	2.90066544312668
11224	9349	2.90014704976526
11224	5204	2.90014120542821
5204	7311	2.89983765543173
6204	6229	2.8997515445728
5204	6633	2.89959862934089
11224	6164	2.899187409526
10476	5204	2.89908789448414
11224	6633	2.89895757937916
6133	6227	2.89893959870071
6164	6165	2.89891218813634
7311	9349	2.89891046780113
1915	6122	2.89880269591367
11224	6169	2.89854157588359
6633	7311	2.89825569114726
6168	7178	2.89821749268274
6168	6232	2.8981771683366
5204	9349	2.89812244179168
1915	6208	2.89779835295371
6187	6228	2.89769412305411
11224	6165	2.8975525257027
6171	6187	2.89754388314523
6227	6228	2.8972779757005
1915	6217	2.89724042583591
6228	7178	2.89716302728489
6227	6235	2.89712658932217
6164	7311	2.89691628912162
6160	6204	2.89683124287118
6217	6223	2.89621919052552
6191	6227	2.89621103162633
10476	9349	2.89620513957693
1043	10476	2.89613278841208
6171	6228	2.89609784894685
10476	7311	2.8957567717484
6169	7311	2.89569429955192
1915	6223	2.89555552760269
6233	7178	2.89522183470674
6633	9349	2.89515385465316
6227	7178	2.8950281186871
6158	9349	2.89496564867054
6158	7311	2.8948667816452
10476	6633	2.89475138169414
6208	6235	2.89473665198688
6143	6156	2.89451942314836
6152	6229	2.89450145294055
1351	6275	2.89440257601151
6170	6235	2.89433839083138
6165	6169	2.89416431536219
6155	6223	2.89403985427034
6165	7311	2.8938327914228
10075	6168	2.89374133436836
11224	6158	2.89358612580766
6160	6205	2.89344998000754
6187	6227	2.89317393654518
4736	6208	2.89315579088613
6160	7114	2.89308614743669
6129	6227	2.8930051298594
6160	6229	2.89295894584778
1043	5204	2.89294122108119
6233	6235	2.89287220317979
10476	11224	2.89282943727505
6122	6233	2.89267224626397
6122	6222	2.89263105727476
6191	7178	2.89252391945925
6171	6227	2.89237731641538
26986	6232	2.89224061307747
6168	6227	2.89218649657781
10075	7178	2.892102148828
6161	6168	2.89204021858163
6168	6228	2.891938898669
6129	6133	2.8918626656925
10075	6232	2.89181571844817
29796	9551	2.89177465336832
1915	6175	2.89172155908723
4736	6235	2.8916291027433
6204	7114	2.89158093162248
10075	6228	2.89119961543484
6169	6229	2.89117152339767
51504	6633	2.89117030708289
8287	8653	2.89113911741111
6191	6235	2.89096541552726
6235	7178	2.89081197693073
6156	6210	2.890758483662
6122	6208	2.8906835799457
10075	6187	2.89061112269608
6168	6171	2.89060987480897
6192	8287	2.89056369591444
6129	7178	2.8905069149105
6165	6234	2.89048353556239
6152	6204	2.8904706113893
6156	6161	2.89034139438451
6171	6191	2.89016852117821
8815	9235	2.88996544630892
1915	6147	2.88992653544528
4736	7178	2.88990938829649
6208	6233	2.88976685802385
5204	6169	2.88971950735197
6142	6158	2.88969048791817
6164	9349	2.8894815872873
4736	6191	2.88946582045847
6171	7178	2.8894291169223
6175	6223	2.88921369738181
6164	6633	2.88892162586654
6156	6228	2.88887384461927
241	7311	2.8887424739241
6208	6223	2.88863867614611
6191	6228	2.88859442948611
6128	6133	2.88836827923767
4736	6222	2.88824113328903
1043	51079	2.88813262243306
6170	6233	2.88811644560047
6133	6228	2.88811534971775
5204	6164	2.88809417293211
6205	7114	2.88787489833348
6208	7178	2.88776175215758
51504	5204	2.88754465467009
6158	6165	2.88718598743864
162394	8202	2.88709017218063
6156	7178	2.88700420204167
6146	6191	2.88689102915967
6122	6217	2.88688068518865
1915	6222	2.88678207064488
6136	6191	2.8866242388456
10075	6227	2.88655506403975
6156	6168	2.88647298097065
6160	6164	2.88639783371094
51024	51079	2.88638467412702
4736	6233	2.88631572589897
6194	6217	2.88621727336549
6161	7178	2.88617390859494
1043	51024	2.88586410685724
567	6167	2.88548252122324
6169	6633	2.88543073547008
10476	241	2.88523737718829
10581	51024	2.88520128503647
6192	8653	2.88506979285189
4736	6122	2.88485124090291
6227	6233	2.88458927021992
6156	6227	2.88438766653719
6169	9349	2.88427926596748
6164	6229	2.88418503535482
6129	6233	2.88405264530642
6187	6191	2.88352791993262
6222	7178	2.88352235563209
10075	6171	2.88333957209672
3105	6143	2.88290489413347
4736	6227	2.88283898186695
6156	6171	2.88258075286751
6208	6222	2.88257723803671
6156	6187	2.88246015248945
6168	6187	2.88233050381894
8653	9086	2.8822134281727
6135	6194	2.8821450971939
10075	6156	2.88207652574014
6191	6233	2.88202984051898
1915	4736	2.88197045493478
6133	6168	2.88195996130557
6152	6205	2.88185998910401
6232	7178	2.8817097745351
10476	51079	2.88133478193164
241	9349	2.88125044346237
6133	6187	2.88100133555923
6129	6235	2.88090729261067
6204	6205	2.88079793871326
6222	6233	2.88042493900357
6191	6222	2.88030610920928
6170	6191	2.88029925333314
6171	6232	2.88025996321435
51079	5691	2.88010834760082
6147	6208	2.88008327015493
27258	7311	2.87991670299182
6147	6233	2.87976888568775
6129	6228	2.87971746584824
1915	6233	2.87931064965844
6188	6194	2.87929094080906
6165	9349	2.87886403026968
6165	6633	2.87873808434072
6147	6217	2.87843435589909
6160	6169	2.87837261290802
241	6633	2.87797638170189
6206	6233	2.87782570335709
10476	29095	2.87754846168441
10476	27258	2.87753115765314
6228	6235	2.87739835505691
4736	6146	2.87720704732866
11224	51504	2.87715706002265
241	5204	2.87691028939707
6129	6191	2.87680160308985
6228	6232	2.87672050292249
6164	6234	2.87662034600401
6167	6217	2.87643723572265
567	6135	2.87621745483978
1351	951	2.87607718059279
6161	6222	2.87606811564931
396	7040	2.87576706936914
4869	6155	2.87576054323903
140823	5691	2.87565690828488
11184	396	2.87515256388806
6152	6169	2.87487418450403
4666	6229	2.87481315676871
6152	6164	2.87476319876431
6158	6164	2.87471321645303
10476	51504	2.87392927739971
6122	6191	2.8739245330813
4736	6161	2.8737879758133
1915	6235	2.8736880023231
5204	6165	2.87365378008682
241	27258	2.87348895588426
6188	6204	2.8732845120611
6170	6228	2.87320061371589
6152	7114	2.87318843071644
6159	6188	2.8730036497648
6122	6223	2.87281205891358
6146	6170	2.87269662943685
6143	6210	2.87266188091845
6122	6147	2.87242223644866
6155	6175	2.87226109126621
6170	7178	2.8721074347851
10755	92799	2.87202709142496
6133	6171	2.87200476877425
10075	26986	2.87189179183917
51079	6748	2.87185723080746
5691	951	2.87182949577756
4694	9551	2.87159368904877
1043	9349	2.87131637360041
5204	6158	2.87131546770788
6136	6171	2.87130801929677
3105	6210	2.87097545641796
23625	7040	2.8708855985497
6122	7178	2.87056106547943
4680	671	2.87053569143207
6208	6227	2.87028358313213
3956	5691	2.87027485021756
6133	7178	2.86991404545575
6129	6156	2.86964169902325
6187	7178	2.86952563280235
6171	6210	2.86907858245723
10476	951	2.86907486720426
11224	241	2.86889528976137
6155	6235	2.86882109094958
6146	6227	2.86861016049714
1043	11224	2.86839362355531
1603	28957	2.86815832510515
6187	6232	2.86814564274268
3105	6156	2.86812381278259
6155	6208	2.8679720929532
6146	6235	2.86795490974465
29796	6748	2.86786614536885
6170	6227	2.86755745563716
6748	9551	2.86746647555264
6175	6208	2.86648458843807
29796	951	2.86635294004155
10963	28957	2.86613725924472
26986	6168	2.86612036824093
6129	6146	2.86587860904493
4736	6156	2.86565685770666
6748	951	2.86544690963634
28974	8407	2.86542575427768
6136	6187	2.86531782509226
6164	6204	2.86511338099614
6122	6235	2.86488045241137
10476	6158	2.86481352234081
7316	9168	2.8647274663446
1915	6155	2.86445617204789
6208	6217	2.86425937239465
6169	6204	2.86358723962825
5204	951	2.86355095258815
6122	6170	2.86332744090068
142678	7264	2.86264147211778
6206	7178	2.86259490185144
6129	6168	2.86252715240894
23466	25920	2.86245095193742
11184	55700	2.86225053326105
6159	9168	2.86215175406217
27258	5204	2.86211934538107
6223	6235	2.86191538332519
100131801	9349	2.86188278929918
1043	7311	2.86171381213661
6170	6208	2.86144111675156
1915	7178	2.86119921509431
51079	5204	2.86105208638024
27258	79590	2.86099763008346
26986	3105	2.86078682536906
6136	6227	2.86076558252577
6191	6208	2.86038905414602
1043	27258	2.86018361394908
6133	6156	2.86003590373674
28974	9235	2.86001707965941
6168	6235	2.85991625294331
27258	9349	2.8597860461335
6146	6233	2.85973866049934
5441	5699	2.85956886243207
6168	6222	2.85911655686726
6168	6233	2.85861218188895
9235	951	2.85852338958325
51504	9349	2.85791222696787
6188	6229	2.85778353683637
79590	9349	2.85761665284954
1043	4738	2.85723491309071
10075	4736	2.85721861054491
29796	51079	2.85688505391523
4736	6223	2.85676593680368
6175	6217	2.85673788108234
6194	6223	2.85652547156256
6228	6233	2.85648743328871
6210	6227	2.85639870301089
6168	6191	2.85636679456254
1915	6206	2.85621122497091
6147	6222	2.85615682508367
6229	7114	2.85614318708316
6136	6228	2.85605213868877
29095	5702	2.85593237382185
28957	9235	2.85579682313798
27258	6633	2.8557835407235
6147	7178	2.85575887724595
6143	6161	2.85567145119064
23625	283989	2.85535322786851
6133	6235	2.85534309989508
6176	6188	2.85532680919476
23625	5605	2.85504500452022
10312	142678	2.85499850693613
4694	51079	2.85493876409526
374403	9146	2.85491137503541
4666	6193	2.85439706170095
23625	396	2.85438910837027
1915	6167	2.85421130140826
6128	6227	2.85410883528281
28974	8815	2.8539548094767
5702	9551	2.8537280733361
4736	6155	2.85362373076712
7040	7249	2.85361880762194
6161	6232	2.8534797025439
6155	6217	2.85342394638726
6222	6235	2.85328403605317
6122	6175	2.85300013302987
51079	951	2.85287631109299
6136	6222	2.85269841365082
7311	79590	2.85247397505648
6187	6210	2.85206513402419
6135	6167	2.85113507991398
6158	6633	2.8510036880358
22883	23625	2.85047938913417
6160	6234	2.85029219985745
10075	6191	2.85026578848989
10075	6208	2.85022723975194
10075	6161	2.85019817520907
6135	6217	2.84947285608202
29796	5691	2.84947060329142
6169	6234	2.84852154487612
11224	27258	2.84810645512293
51504	7311	2.84805406900519
6156	6232	2.84779351709671
22883	5605	2.8476777551908
4736	6129	2.8473614303134
6193	6229	2.84728864562674
6168	6210	2.84704170991489
10476	5691	2.84671568520523
6227	6232	2.84659116266596
1455	9146	2.84631964188256
4694	6748	2.84609144968072
6159	6194	2.84607444542616
567	6217	2.84594123590304
6161	6235	2.84469261293817
58485	9049	2.84464188089372
6169	6193	2.84432293280133
6133	6191	2.84402623466956
567	6194	2.84392826699851
1043	6633	2.84347036473991
6147	6206	2.84342275379162
1351	9235	2.84261258531308
6223	6233	2.8424618014673
6168	6208	2.84145296543104
6188	6205	2.84142874805173
10312	7167	2.84133856355481
10476	51024	2.8412039227286
10476	79590	2.84105297972027
51079	9246	2.84071970055323
11224	79590	2.84045707934316
1351	51079	2.84041550888397
1462	929	2.84035248482301
100131801	10963	2.83995126520207
6146	7178	2.83897411879652
1043	6193	2.83823235653363
6171	6222	2.83796800346117
100131801	6158	2.83791480482947
3326	51504	2.8376333831576
241	6158	2.83761258407907
6156	6191	2.83752973763247
10075	6133	2.83729306766571
28957	4695	2.83632637070533
6133	6210	2.83604754883443
51291	6881	2.83595737986372
6167	6194	2.83595624259968
26986	6156	2.83533182834288
6160	6165	2.83503409803583
6206	6208	2.83502676920673
22883	9546	2.8348775111169
1455	23466	2.83464071620943
11224	6234	2.83431529628917
1212	79720	2.83424940755803
142678	25796	2.83367505373764
6136	6235	2.83326219869764
51024	5702	2.8328862998405
29796	4694	2.832860319349
6135	6223	2.83267151616746
29095	51504	2.83255232212151
29796	51504	2.83242464067304
8284	9086	2.83238089431398
10321	4057	2.83177172471641
6161	6228	2.83153743134719
6158	6169	2.83146592050954
100131801	10476	2.83128850433564
4869	6175	2.8312577460419
140823	51079	2.83112495475913
6146	6228	2.83021266974255
6171	6233	2.83014782377868
10097	10628	2.82992341010798
6275	9235	2.82923504048893
6164	6193	2.82891804825033
6206	6223	2.82843064148852
10476	28957	2.82800767701285
6161	6227	2.82786824006556
5790	9744	2.82780523662154
4736	6168	2.82752258573302
83637	975	2.82720218198153
10312	92714	2.82698629908499
6135	6155	2.82695115435116
6129	6187	2.82663261650046
29095	9246	2.82637249536108
6133	6233	2.825467940766
1669	4680	2.82473394368368
6217	6235	2.82433109745883
7167	9744	2.82399599668445
6129	6171	2.8239322475788
6193	915	2.8233307309606
2664	55337	2.82323331044419
241	51504	2.82292112378151
1915	6194	2.82242073813769
4736	6170	2.82178343476277
5685	6164	2.82142217042641
4736	6228	2.82131181696462
1043	241	2.82099747820588
28974	51024	2.820850010394
6147	6235	2.82041099826288
6129	6170	2.8200507699592
4695	5691	2.8199750097602
6171	6235	2.81936666965771
11184	7040	2.81875133320436
1915	6191	2.81854236104506
4869	6135	2.81807941535381
1455	55700	2.8175586222009
51079	51504	2.81694700302076
4738	5691	2.81656178849133
6217	6233	2.81618669059906
4666	6204	2.8158182091683
4666	6188	2.81563191410845
29796	5204	2.81414074198638
5685	6160	2.81382962089723
10476	4738	2.81378587843828
6167	6223	2.81362061753636
6155	6170	2.81314129793696
51079	9551	2.81280808835926
6156	6235	2.81269535215588
1043	51504	2.81223389555238
51614	951	2.81189944650961
6188	6217	2.8115578718694
513	55658	2.81155146182079
115992	391	2.81138275519687
113246	9235	2.81122565004403
6175	6201	2.8111612727233
1175	7942	2.81081078611799
25792	5441	2.81080750506526
3421	58485	2.81079899019072
4736	6175	2.81073879702951
115992	7167	2.80983445039492
1785	25777	2.80979217843308
10476	29796	2.80938770911671
23466	83719	2.80821734801293
59307	64333	2.80798680309881
396	5211	2.80794783252767
1043	54460	2.80712012648789
26986	6161	2.80696580174107
5204	79590	2.80613626832399
1043	29095	2.80590945639842
6205	6229	2.80582924172111
10075	3105	2.80473972018787
10476	4694	2.80378431393347
6152	6234	2.80306472608894
6222	6232	2.80297005072447
6633	79590	2.80274259632186
23466	9146	2.80240904681434
11224	6193	2.80231017828572
1915	6170	2.80218167668531
6175	6194	2.80169893300693
5204	5691	2.8009533044282
10581	28974	2.80095224393491
6146	6208	2.80092867689951
10476	10963	2.8008767368146
4736	6136	2.80056318443811
28957	28974	2.80035283594917
1915	567	2.80029417142871
6146	6187	2.79970540429343
27258	51079	2.79896306372769
27258	6164	2.7989562375595
5204	6193	2.79857263498731
3105	6168	2.79807493252427
4738	51079	2.79800143315312
256364	9112	2.79724591495361
1455	7040	2.79623345206852
396	55700	2.79594708772668
55337	6837	2.79588237592251
4694	5691	2.79551621033322
126308	55658	2.79534974664472
241	6164	2.7950881284645
6171	6208	2.79507357659077
1455	5605	2.79451924750769
5605	7040	2.79435125950871
28974	51614	2.79389512750138
10476	6164	2.79387209644799
253980	25851	2.79383214710824
5691	6748	2.79365312339024
51614	8407	2.79364062931419
6161	6191	2.79354444521868
51024	8407	2.79346854906682
3020	51341	2.79335733460214
8815	951	2.79285275895446
6234	7311	2.79277621075406
6147	6223	2.79190685116042
6222	6227	2.79040078645398
6136	7178	2.79029387151685
10476	6165	2.79001551015925
6208	6228	2.78953165342436
6136	6146	2.78934728100862
29095	51079	2.78909861741582
6147	6194	2.78869152985429
100131801	11224	2.78801619779908
6133	6232	2.78746776098419
51504	6165	2.78735078533448
2316	5605	2.78708403444136
51398	6748	2.78691267829894
6158	6234	2.78582709118919
6222	6223	2.78577865362169
6161	6171	2.78569114096656
513	8907	2.78477998088432
10075	6233	2.78409260217958
3105	6161	2.78302328992578
6161	6208	2.78288795133741
4736	6171	2.78217188913163
241	79590	2.78204721845975
51079	5702	2.78186646327338
4869	6223	2.7818419532623
241	51316	2.78157573385558
5702	9246	2.78097862845072
1603	5204	2.78049426167885
396	79095	2.78036654359195
6122	6155	2.77826724648575
6232	6233	2.77803218700034
10075	6235	2.77800740678694
10075	6146	2.77754466318336
26986	7178	2.77735644357666
10155	3159	2.77686822249045
1351	51024	2.77667973890366
6146	6155	2.77661973708737
6206	6235	2.77575968028884
1351	29796	2.77534935617335
10263	11186	2.7749419102603
6122	6146	2.77435368008324
6169	79590	2.7742332429561
7311	951	2.77377421895789
1351	5691	2.77375279825622
4694	951	2.77315744629226
10476	6169	2.77223360416367
6217	6222	2.77202428735587
10476	6748	2.77119934726518
6170	6171	2.77117171985071
6146	6171	2.77095721127067
1351	51614	2.77085562219032
6133	6146	2.77080728188535
28974	6275	2.77014654171718
59307	80709	2.76946581512035
142678	7167	2.7679333685475
11007	7167	2.76710047368759
6210	6228	2.76683992126039
10075	6222	2.76677102395758
1043	5691	2.76664586450889
23625	6195	2.76588354779409
4869	6217	2.76555777716955
5685	6152	2.76537764114761
6191	6206	2.76455097775793
6188	8087	2.76358097956029
5204	6748	2.76326272893343
6210	6232	2.76283510745352
29108	84299	2.76141343967646
374403	59307	2.76102736278496
25865	27040	2.76046952737847
1603	6633	2.76015208337874
22883	256364	2.75966011080219
6147	6170	2.75957266774302
374403	738	2.75926230596372
23190	57730	2.75918093593391
100131801	7311	2.75895539100307
51504	9246	2.75892081527304
6204	9168	2.7588789407177
29095	5204	2.75865752725829
10628	6194	2.75862435428302
22883	23466	2.75861471372374
29095	6158	2.75850877923089
51504	951	2.7584737835854
50619	9546	2.75745304164438
29095	3956	2.75605495637368
6161	6210	2.75564648953445
6170	6222	2.75534031190569
6122	6171	2.75406462672656
6165	6204	2.75399419612124
55337	83719	2.75340588051657
4869	6146	2.7531115493493
6165	6229	2.75245716912025
55700	7040	2.75046883205422
1043	79590	2.74987273743952
4869	58517	2.74932947936958
55700	59307	2.7490357452922
51614	8815	2.74864525370197
6164	7114	2.74852143826819
8241	9112	2.74834226112833
6176	6194	2.74827019793384
126308	7040	2.74695751898556
10581	51079	2.74687566888203
29796	9246	2.74674066593076
9246	9551	2.74588445264734
26986	6171	2.74576343802926
6187	6235	2.74572473133275
567	6223	2.74566091539157
6135	6175	2.74563724281707
951	9551	2.74456027433973
1351	140823	2.74443363516126
8287	9086	2.74423654763317
4738	5204	2.74406208409921
6143	6168	2.74380529796045
6170	6223	2.74370398206883
1915	6135	2.74352752041369
126308	7249	2.74258364891203
6159	6176	2.74256624917467
6152	6165	2.74173060686393
27258	4738	2.74081391469641
6136	6168	2.74050436923222
29796	51024	2.74005945893541
6188	9168	2.73900476617109
1603	9235	2.73895621481451
6129	6161	2.7388464046019
4736	6206	2.73848202847222
51024	6275	2.73834461847111
6208	6232	2.73771907611559
6136	6233	2.73768667732606
10075	6129	2.73654744414797
6633	951	2.73650658658753
6159	8087	2.73650049040996
1351	28974	2.73649663685979
6650	83719	2.73640406006938
6135	6188	2.73527491886331
6152	6188	2.73472725843284
3105	6171	2.73432454050651
10581	8407	2.73389905149179
10628	6175	2.73357216431661
11184	1455	2.73226381064029
6122	6227	2.73209161783361
1455	23523	2.73123156545969
306	820	2.73116437063364
10075	6206	2.73043486575553
6155	6233	2.72937082590669
10321	4317	2.72891145487695
374403	9546	2.72872762985852
6176	6217	2.72786150202472
11224	57680	2.72727620083504
1915	6161	2.72605132713646
2580	83637	2.72532319537732
3576	3725	2.72481452694793
10726	9112	2.7245938531831
6146	6156	2.72421667493595
6122	6206	2.72397084184315
6167	6205	2.72369373955496
6222	6228	2.72361657402611
9349	951	2.72298800682391
26986	6143	2.72141519296799
1043	29796	2.72099965990005
6164	79590	2.72067091828773
6206	6222	2.7203253491462
6133	6170	2.71992738094445
4694	5702	2.71991666578175
396	8907	2.71930687947222
162394	6208	2.71914675999496
23466	6650	2.71865078767315
10075	6143	2.71843342084925
10312	90864	2.71820112985193
51079	7311	2.71807400364033
6136	6156	2.71737326345118
51079	6275	2.71716202046183
3421	8815	2.71676165639126
5685	6229	2.7166219649611
51642	5920	2.71613336504043
26986	6227	2.71609877295419
140823	4695	2.71458732517876
6147	6167	2.71443420532374
6170	6217	2.71269496410246
27258	5685	2.71151233121351
6165	6193	2.71140356537832
6156	6222	2.7110540351134
3956	5702	2.71083815894034
11224	951	2.71050338661043
5790	7167	2.70921090135629
1915	4869	2.70913111132302
6210	7178	2.70837257111737
4736	6217	2.70800998639748
6633	9556	2.70771715384666
51024	9246	2.70752144215263
23568	6748	2.70720935445549
51614	6275	2.70697035881464
4736	4869	2.70646361083502
6167	6188	2.70625526226791
1043	8673	2.70619725568279
51504	6164	2.70469612400523
6129	6206	2.7045551487039
6161	6233	2.70453838828112
241	6165	2.70435657166905
29796	9349	2.7043457165793
140823	951	2.70401496619837
6122	6167	2.70364086026672
6136	6208	2.70341795783958
142678	55643	2.70256595286672
26986	6187	2.70216668644643
51079	9349	2.70202429685906
4694	51398	2.7018760238817
27258	6169	2.70186373541466
1520	64581	2.70184386874306
29095	51024	2.70126819264489
4694	51024	2.70106607466149
51024	5691	2.70085196752608
1043	6169	2.70080446599709
25796	79002	2.70065578534312
6128	6129	2.69992198588928
10938	9170	2.69980623761529
1351	5920	2.69877831019214
3956	51079	2.69863544895069
10938	54681	2.698582871594
5685	7114	2.69820335525654
1351	4694	2.69648244810269
283989	6195	2.69520831818908
113246	28957	2.69452137579049
6175	6222	2.69287215787437
26986	6228	2.69223319963013
6168	6206	2.69220894493761
3646	6146	2.69076092474329
6167	7114	2.69069278549138
10476	1603	2.69057238867356
51079	6633	2.68981669540947
29095	9551	2.68864512899825
28957	4738	2.68836894885724
6146	6222	2.68828246709187
5479	6275	2.68759215345979
6146	6168	2.68677724866365
567	6147	2.68664200891603
6206	6227	2.68608423768622
6155	6201	2.68563336517222
10075	6210	2.68509330290344
6156	6233	2.68482557709347
100131801	5204	2.68351402747756
1351	8407	2.6832600333064
6147	6191	2.68120071916979
6191	6223	2.68068598512436
6650	9146	2.67987426765645
26986	6210	2.67859449238688
55700	57580	2.67767904993759
6136	6210	2.67767592581793
256364	51291	2.67687672675199
6136	6170	2.67632700155993
7167	92714	2.67565856290138
916	9235	2.67564563943282
396	5790	2.6752900503876
170463	283989	2.67511140941241
55337	6494	2.67490415114404
6188	7114	2.674777091377
100131801	6633	2.67457965799696
3146	6175	2.67455985216129
6194	8087	2.67421211592646
11184	23523	2.67406451917665
738	9146	2.67381818984327
5691	9551	2.67365882250157
513	7040	2.6733579080427
6122	6129	2.67268440968986
27258	6158	2.67250976799674
3646	6191	2.67243272644347
10476	3956	2.67242379613722
28974	51079	2.6718307026268
253980	9138	2.66996519272698
100131801	951	2.66977123982449
23623	55615	2.66748712479718
6147	6168	2.66670626075222
3159	8241	2.66535287079244
3820	951	2.66457497334981
29095	9349	2.66456478660146
513	55700	2.66445570658769
3326	5204	2.66425035399641
6191	6210	2.66418700821936
50619	83719	2.6639065250721
10436	951	2.66253913321854
6135	6201	2.66184217499962
11322	256364	2.66045381965815
10262	2783	2.65949327083043
28957	5204	2.6592007274228
6234	9349	2.65869788009942
5685	6169	2.65858634268353
9349	9556	2.65780074064696
51504	6158	2.65775686491183
6129	6208	2.6571672772196
10155	9546	2.65635356583842
27075	3394	2.65604635311423
166	7040	2.65595708511167
6160	6188	2.65553460529731
150365	6748	2.65542563975015
11007	2870	2.65538253289517
10476	3326	2.65513175755773
6187	6233	2.6545144949717
6122	6136	2.65445080448819
6161	6187	2.65395281988383
10025	51586	2.65244074939188
1603	51504	2.65213655615858
51264	6193	2.65142665519983
51398	5691	2.65126023488169
383	634	2.65112852552071
51504	6748	2.65089496627157
396	513	2.64985275800245
11224	6229	2.64757392075977
6176	9168	2.64666795295408
3105	6232	2.646620504722
79095	83642	2.64566811218619
4695	4738	2.6443415654407
1455	396	2.64373988204335
10908	5790	2.64348444721997
1043	28957	2.64271753146953
241	29095	2.64246872220011
7917	81926	2.64237474566181
6494	81857	2.64196428653898
80169	9881	2.64112838140127
11184	5605	2.6410068509225
78994	7917	2.64097782241563
4736	6187	2.6405737440582
4736	6133	2.63994648445452
6193	6204	2.6398762478316
26472	393	2.63975593138076
4736	6143	2.63882889839136
5204	54460	2.63770356648436
4869	6208	2.6369868185191
3105	6227	2.63624803347079
254102	2783	2.63584135736714
25777	84958	2.63575547274014
3297	55700	2.63504442055911
84272	9801	2.63480896703391
9246	951	2.63363990530154
6206	6232	2.63322430955752
567	6206	2.63241112413187
1043	6164	2.63189868705094
6135	8087	2.63111637278232
100131801	241	2.63045820226489
60672	6881	2.6301980314483
28957	8815	2.62947984969356
1212	9046	2.62932770008433
3385	9744	2.62838615071814
5691	9349	2.62618528045318
567	6155	2.62580344049928
6193	6633	2.62549460338896
10908	9744	2.62457584033343
10476	9551	2.62238510301177
6275	8407	2.62228275639951
219771	23399	2.62175307289814
6170	6187	2.62125988592163
11224	51079	2.62109484782262
4221	81926	2.62021214389249
51079	8407	2.62015884547206
5469	6229	2.61972392082394
6133	6136	2.61927458144817
6206	6217	2.61918799891517
3553	50486	2.61766523569772
6167	6175	2.61763166078693
309	83442	2.61761864591183
1043	951	2.61694393354387
51504	6193	2.61649686289684
7249	81857	2.61545956078801
6168	6170	2.6144887689011
51291	55700	2.61408092666401
5790	7040	2.61252406731626
1606	192286	2.61190262712583
567	7114	2.61086007405882
51097	79097	2.61021947391909
4738	51024	2.60998599166775
26986	6222	2.60993861709589
11331	79171	2.60889306453498
3105	6187	2.60812119004227
5691	9246	2.60783121600666
29095	5691	2.60778759347679
241	6169	2.60774609156706
404672	9349	2.60690971708252
374403	50619	2.60663066689838
10581	1351	2.60544933966935
83719	9546	2.60507569805614
4221	7917	2.60447811639681
29796	5702	2.60410430253826
51316	7311	2.60311897999187
51504	9551	2.60281762848894
6193	7311	2.60202396094222
5204	9556	2.60118346019931
10476	9235	2.60053109191816
1915	6227	2.59991911775901
6156	6208	2.59917313054385
51079	51614	2.59888003602389
1455	22883	2.5984205849633
1785	5790	2.59832180271262
6232	6235	2.59814793710259
29095	29796	2.59769689938436
5691	5702	2.59735290747576
3572	6322	2.59608530344361
23523	55700	2.59458787085009
7040	80305	2.59344742864864
5211	90379	2.59334560017165
6234	6633	2.59328031445611
8175	83719	2.59188648956717
115992	92714	2.59184015396307
4736	6147	2.59125545675595
6122	6161	2.59094335816724
3956	6158	2.590893943891
2580	25920	2.59049917108393
6171	79832	2.59035243703324
51024	5204	2.58953855238153
6167	6206	2.58903461475622
391	80212	2.58875899293961
404672	51650	2.58808976211499
29796	51398	2.58690963040022
23480	521	2.58637921843747
256364	374403	2.58617551018923
396	5605	2.58489366836474
6206	6228	2.58429035713032
6192	9086	2.58410567736373
6143	6187	2.58379332505166
1603	28974	2.58325862993051
11184	59307	2.5832169268793
3326	51079	2.58155428102269
3820	51504	2.58024141020229
6135	6147	2.57942299084202
6129	6210	2.57933079292963
1043	1351	2.57884851119972
57680	6158	2.57804133765307
162394	79832	2.57730491676363
1785	84958	2.57705011067074
51311	64581	2.57620503573286
1043	5702	2.57597028160479
1043	10581	2.57437514791192
3159	9546	2.57424114363414
55700	6881	2.57378717034645
140823	6275	2.57373597235408
54681	83637	2.5736352296072
170463	81857	2.57221777550227
6191	6232	2.57169267440845
3635	54480	2.57070287212892
83719	9146	2.57054065353023
4627	6881	2.57027844943564
29095	6748	2.56920878706272
10963	951	2.56847749687371
29095	951	2.56792813793095
10476	9246	2.56751923684436
142678	92714	2.56713855832473
132949	79982	2.56700786826092
10436	9235	2.56684828415918
4666	5469	2.56680543537791
11184	23625	2.56547740919944
10312	79002	2.56541347169074
5605	9546	2.56520595700522
6167	6176	2.56506319166876
27040	64236	2.56505084014447
3297	396	2.56488884809053
51024	51614	2.56446223077425
6275	951	2.56394305412369
3934	4057	2.56281896501319
10075	6170	2.56257678252731
396	6195	2.56249995414932
3646	4736	2.56236712002738
22883	396	2.5621510002899
1088	4057	2.56076583790388
132949	567	2.560293563108
170954	553115	2.55980390656923
1603	54460	2.55721032307836
6122	6168	2.55652563982803
29095	6633	2.55573283936921
3956	4694	2.55294751514432
1043	28974	2.55241020001756
3956	59286	2.55121104467852
64236	9146	2.54841929511471
23625	81857	2.54778484890917
10312	115992	2.54681632750315
7167	79095	2.5462707852902
4695	5920	2.54588323808494
142678	79095	2.54556861817478
6129	6136	2.54503662122509
5036	6169	2.54479535245779
3326	6633	2.54478789422418
5920	6275	2.54455945893693
6136	6161	2.54411361893077
10963	9349	2.54359228986116
8717	8971	2.54057341627523
5036	6164	2.54038621241367
27258	6193	2.5391090175896
60	7314	2.53897848986057
11007	115992	2.53724696198215
10628	6223	2.53691663124461
5691	6275	2.53627514663959
3956	9551	2.53518121132762
1043	6158	2.53436397194419
27258	51504	2.53163063761906
6187	6222	2.53070892774029
29095	7311	2.5299834043977
6203	92106	2.52815547004483
5790	79095	2.52796959692782
4627	513	2.52761720761907
1915	6168	2.52710304204177
6159	6204	2.52633299597856
25920	83719	2.52588759061232
1351	6748	2.52565222686835
57226	9556	2.52533068151376
5018	6193	2.52482341235603
4849	84687	2.52154809654797
54973	64118	2.52025390759875
219927	9551	2.5200841905403
5757	6152	2.5196048652304
27258	51024	2.51942413533706
11224	6160	2.51929211483973
10312	79095	2.5173532969703
10922	7916	2.517182098333
51024	9551	2.51689633400435
200185	28974	2.51658144862645
6748	7311	2.51638067744539
79095	79637	2.51627475096593
51150	6650	2.5146791938646
8407	8815	2.51439472695855
5691	7311	2.51371664802816
10963	5691	2.51331361401169
54973	6415	2.51323060303047
1455	22870	2.51249660646049
6159	6217	2.51240053823845
11224	29095	2.51116530311507
567	6233	2.51113826541698
2029	746	2.51056431721607
6169	7114	2.5093174890076
1059	221908	2.50704483780287
1196	142678	2.50697018849104
51614	9235	2.50684090563876
4666	915	2.50680515009345
57680	9349	2.50661174068608
2580	975	2.50644711402189
1669	671	2.50642179552124
11184	9546	2.50624219523363
396	92714	2.50615040797209
25865	7040	2.50563118364816
10075	6136	2.50557120900455
51079	8673	2.5047689496494
1455	513	2.50457931908583
1196	7264	2.50385645343523
1351	4695	2.50118796566931
1455	59307	2.50070968359067
6136	6232	2.50056084066966
27258	6165	2.5004927560495
6133	6208	2.49983328839035
25865	64236	2.49924711769744
6135	6208	2.49914406789443
6143	6171	2.49781357065564
253980	9546	2.4970761279305
1043	3326	2.49553928403753
27258	51264	2.49453472724532
51650	6164	2.49405657819488
10476	51614	2.49222538461991
51504	6169	2.49215020951259
23568	51079	2.4910731672256
7593	81857	2.49020765028322
57680	7311	2.48943351566635
6036	671	2.48914412692887
6155	6191	2.48873782394546
3105	7178	2.48787858591734
1603	9556	2.48770682433256
51398	951	2.485872402998
6191	6217	2.48544442626306
4694	8407	2.48242658019735
26084	84272	2.4802760667148
5204	57680	2.48011901748103
54460	6633	2.47897665508895
11224	51264	2.47662329807145
11224	54460	2.4764136833379
28957	5691	2.4757436292798
10476	1351	2.47545487372074
6170	6206	2.47501488352309
6143	7178	2.47434396749504
1915	6176	2.47380600369623
10963	1603	2.47374134876683
25796	55337	2.47335505478671
100131801	29095	2.47269158120214
6468	8694	2.47218380662799
126308	7917	2.46995552624488
10476	54460	2.46981568258051
10476	140823	2.46942759285749
1455	23625	2.46910672966498
126308	513	2.46859748061432
6143	6227	2.46838525229711
51291	9112	2.46756311948716
5036	6165	2.46753824970091
241	951	2.46694513920334
6159	6175	2.46675166976892
1043	6275	2.46604152977766
1351	8815	2.46490919612203
6146	6161	2.46395346874524
4738	9349	2.46320420336422
28974	951	2.46291143461171
241	9556	2.46236350195143
4627	55658	2.46053168641365
4738	7311	2.46015939860749
10476	28974	2.46015369492473
3159	4849	2.45987680196538
374403	50488	2.45853849660396
2580	6881	2.45830044810796
241	51079	2.45787884814596
115992	80212	2.4571599883926
56894	80212	2.456724895433
58517	6175	2.4565120446114
6155	6206	2.45546410087505
6193	9349	2.45494201139139
100131801	5691	2.45492908200051
4736	6210	2.45490324338496
23466	8175	2.45448225566538
6229	7311	2.45407894499452
5970	7040	2.45395920246512
6229	915	2.45377790283518
57580	8907	2.45370002235929
170954	83931	2.45341022082377
10963	9235	2.45323057578276
6156	6170	2.45285335037161
162989	23246	2.45258034374917
10312	25796	2.4508473313855
26986	6133	2.45061752717384
1043	1603	2.4500649270698
6128	6187	2.4490281920679
170463	23625	2.44549114619047
132949	6155	2.441288275874
54460	6193	2.44053053399982
22883	374403	2.43981608827422
10025	54973	2.43978469315411
6156	79832	2.43939189875102
6175	6235	2.43834090601719
11224	29796	2.43799180000053
6159	6229	2.43672997135938
3725	4792	2.43643122206869
26986	6208	2.43583340836306
6155	6194	2.43531544303962
51024	6748	2.43518396060727
79095	90379	2.43446864957449
7114	9168	2.43378267646022
55738	90379	2.43342183348293
1603	4695	2.43320489099271
10025	10938	2.43316709781521
1915	6146	2.43286646135252
6633	6748	2.43256999843046
29796	9235	2.43252172604523
10262	5725	2.43117052379055
1043	6165	2.43108474866657
5685	6204	2.43102118407159
6223	7178	2.43023892189948
567	6176	2.42933104367994
29796	6633	2.42926596619586
11184	374403	2.42893087348711
6128	6228	2.42867584437447
5691	59286	2.42864560361561
55643	79095	2.42830532149434
51264	79590	2.42809077971305
5725	5790	2.4275835343092
27258	8673	2.4252051479009
4695	9235	2.42510620543674
115992	5605	2.42426188512315
27258	404672	2.4240420660981
4869	6235	2.42387232454845
219927	51504	2.42367246296645
4738	6633	2.42273045215108
6223	6227	2.42252027152261
51024	951	2.42183720419537
170463	80305	2.42157961237895
6194	9168	2.42129720312973
6175	6233	2.42104240287319
58485	8815	2.41989646622701
254102	55658	2.41933000024384
139341	84272	2.41902452266511
6165	79590	2.41856028623563
6129	6232	2.41855067793236
79002	89846	2.41734165306754
4736	6232	2.41730818980635
51650	9349	2.41702031093301
26472	79002	2.41669465594574
3956	4738	2.41637200822868
25920	55337	2.41541967190931
6122	6228	2.41487757135035
4869	6122	2.41427227211511
55658	5725	2.41404419346352
6201	6223	2.41402395651603
29796	7311	2.41400761358613
140823	4738	2.41127026984318
6155	6167	2.41015751725373
162394	6175	2.40856698291841
5605	56894	2.40745076860479
10922	90864	2.4044165934459
64236	9051	2.40138897496854
29095	4694	2.40000682433447
11184	22883	2.39836145557759
6160	7311	2.39618615357471
3553	5743	2.39617838228163
56894	79958	2.39609758785207
4666	6159	2.3958577510014
23625	7249	2.39546788565262
11224	5036	2.39521081784342
10476	5702	2.39492129015544
10312	7264	2.39444251808914
10581	51614	2.39295898697387
117247	8087	2.39244040728546
6128	6235	2.39206575980265
55658	7040	2.3900393884116
25777	5790	2.38898196169889
6205	9168	2.38894490165083
50486	5743	2.38738896046271
57580	6415	2.38724624999841
567	6208	2.3857577848153
11224	4738	2.38572670909814
6837	90864	2.385300784091
256364	84958	2.3850695786593
738	7593	2.38485598211496
11184	1785	2.38442144725338
6229	9168	2.38393770794158
10436	113246	2.38372609934863
10581	9246	2.38302289707499
59307	84958	2.38270203683075
200185	8407	2.38143157153744
1351	5204	2.38002516829299
567	6122	2.3797250732593
3831	50488	2.37748286980984
567	6205	2.37716998267901
6133	6161	2.37573774357514
11184	92714	2.37444071399744
28957	6633	2.37344755813128
6195	7040	2.3719024810584
28957	951	2.37155337467078
55700	6195	2.37152984185902
6147	6227	2.37145007155087
4221	738	2.36936833090134
6155	6227	2.36791974059728
10938	2664	2.36785620465758
6187	6208	2.3675606837755
1785	3297	2.36736587362711
10963	4695	2.36646940761332
396	9546	2.36641847587631
55658	80212	2.36587163326813
6122	6194	2.36506341533624
166	91289	2.36502161874394
5685	6205	2.3621155522486
1043	3956	2.36141030518729
51504	79590	2.35726902729538
6194	6208	2.35611794785809
1043	6748	2.35600504250688
6128	6146	2.35599176503022
29095	4738	2.35562061666459
79002	92714	2.35534461717706
10075	1915	2.35502966397644
51614	5204	2.35450950208735
10134	5702	2.35375440169651
6165	7114	2.35038039305625
28957	54460	2.34998693232671
3956	6748	2.3498524726075
132949	162394	2.34960185641719
2014	63940	2.34945594459986
10227	5605	2.34938628659163
567	6188	2.34915972101683
5685	6633	2.3491197065881
11184	5790	2.34909620138247
10476	9556	2.34822414194095
10726	8241	2.34671707938921
3956	951	2.34653492866769
10423	84285	2.34437094116768
6143	6228	2.3441701981294
6135	6233	2.34378837312781
3326	9349	2.3420952687534
10938	51586	2.34192834012118
513	5790	2.34049099116596
6135	6205	2.33727323806242
8407	9235	2.33726983375118
391	92714	2.33630935154309
10938	513	2.33630463921689
23625	5790	2.33579676701626
10476	8815	2.33555183400583
23466	396	2.33537024282916
391	9046	2.33401171481466
10922	55337	2.33320176589241
162989	79637	2.33275338856865
142678	90864	2.3310757481828
11224	6152	2.32900779321412
10921	90324	2.32855049043247
396	7167	2.32824289264349
64236	738	2.32823150079288
6305	91966	2.3281020411465
59307	9146	2.32598007141122
10938	8971	2.32592042744961
4869	8087	2.3254218628553
10097	5788	2.32422731033642
23039	29796	2.32384225002354
100131801	28957	2.32364041840795
1785	374403	2.3236040358736
513	8878	2.32308375999395
51586	8878	2.32199189559596
10628	6135	2.32186139339179
5691	6633	2.32182859769085
51586	54973	2.32088111229903
1603	29796	2.32006923595634
241	9551	2.31946141589222
51316	9349	2.3185660673064
6175	8202	2.31601041008188
200185	9235	2.31524429054712
170954	7249	2.31421567986899
23466	80212	2.31416802380993
6161	6170	2.31176218574093
23625	79095	2.31123754451608
132949	6175	2.31122112294774
23625	7167	2.3108650784227
6158	79590	2.31081549085089
5034	5725	2.31067720707305
2580	60672	2.31021140638383
2580	396	2.30986936092047
3553	7128	2.3096854341133
29796	4695	2.30917071511411
6164	6205	2.30916850345731
10476	23568	2.30890216692335
26986	4736	2.30841106440996
23625	9546	2.30773174958836
5685	7311	2.30754306774475
51291	6195	2.30730675822765
4738	59286	2.30710036428965
283989	81857	2.30477970123106
6161	6206	2.30462727273108
1059	83642	2.30461485214889
10273	2580	2.3022223832603
6122	6156	2.30167547055616
23046	7351	2.29973359910381
27258	5691	2.29863342920926
146542	55643	2.29842433666499
6129	6222	2.29702945635783
10227	51116	2.29696243031204
1537	57580	2.29563790057096
23523	8241	2.29556712901485
338321	90113	2.29517469617886
29095	59286	2.29463668101311
6147	6232	2.29412781266841
10938	738	2.294031726906
5691	9235	2.29330548259058
1915	6171	2.29278717426645
10476	59286	2.29172010536105
11184	25865	2.29143998824895
2316	23625	2.29091392253306
1915	6129	2.29032474620644
25851	25920	2.28983398526432
6147	6175	2.28909261875876
23523	7040	2.28855274685557
23466	2580	2.28836908988341
28957	9349	2.28637576107866
1455	80305	2.28636963102723
10436	85478	2.2858809581535
51264	6165	2.28584736040849
54973	5725	2.28576353586967
10273	6494	2.28570355650875
25777	513	2.28533785377134
3956	9349	2.28507952368293
116983	81873	2.28404090502862
51398	9551	2.28303324650565
113246	8815	2.28078546794631
22870	9146	2.28054024170478
140823	5204	2.28045589889985
10938	5790	2.27958575813492
5018	51504	2.27926260119194
6748	9235	2.27778069481842
6210	6222	2.27499205723478
51614	6748	2.27464245737922
128077	4221	2.27330658888923
10075	6122	2.27308816135588
4869	6233	2.27273177685569
1043	915	2.27154380729395
241	29796	2.27068440176166
6142	7311	2.27046989051976
3956	7311	2.27001255079457
4694	51693	2.26995250136532
10227	11184	2.26970165749502
153527	51504	2.26962300699435
115992	23625	2.2674216042998
51154	6164	2.2639220106809
6176	6204	2.2632142892908
166	29952	2.2627758253339
10476	4695	2.26255593817727
241	5691	2.2623385565388
11322	9112	2.26198774336392
126308	80305	2.25863529184464
162394	1915	2.2583613329224
22883	25777	2.25520716746384
25864	6494	2.25484589121937
6128	6191	2.25280287797913
567	5788	2.25182763627874
132949	1915	2.25169982405985
3105	6133	2.25118651977875
57680	6169	2.2485843212392
10436	8815	2.2481320036937
5204	9235	2.24522992392035
10211	8565	2.2447643377391
23046	738	2.24468811652423
27258	29095	2.24412807953285
1043	4694	2.24341990315411
11184	8907	2.23850633187315
6128	6171	2.23809887532389
11224	1603	2.23807758439799
200185	28957	2.23503103600713
10581	6275	2.23478279318241
126308	1455	2.23458247262376
11224	9556	2.23391163992639
11224	51316	2.23382647585003
6448	738	2.23373001726247
100131801	6165	2.23186599443869
4666	6152	2.23184666975954
1043	9246	2.23109017189012
10155	55337	2.23024082691905
4695	951	2.23005493348197
374403	84958	2.22930970725938
6152	9045	2.22897755783592
6208	8202	2.22773668356164
6203	9045	2.22700817034875
27040	374403	2.22680296216443
396	55658	2.22607631732916
4694	9235	2.2258595563744
54681	738	2.22563585221496
162394	917	2.22461757365219
28974	29095	2.22330901420513
10262	9261	2.22213692986746
10075	79832	2.22190367255587
10227	7040	2.22155811314297
4738	951	2.22106916452434
1520	51311	2.21932546761879
162394	6233	2.21762156619319
5204	9551	2.21754664677814
4869	6194	2.21744238597543
55700	5605	2.2157368885984
162394	26986	2.21507194876824
11331	6464	2.21487439867691
140823	4694	2.21455373011743
6210	6235	2.21455096201396
10273	513	2.21403718859103
23523	3159	2.21401915728036
58517	6194	2.21398465381909
25851	4849	2.21390049077333
51586	57580	2.21189132736476
6135	6159	2.21178470684982
56731	8175	2.21139484978169
162394	4736	2.21041522243983
22827	79637	2.20978525401944
4666	6169	2.20830598001616
11007	92714	2.20700811730163
6187	79832	2.2068159257965
113246	1603	2.20557604315334
6128	6233	2.20478607881836
25920	396	2.20322292195282
4869	6201	2.2025110544084
6128	6170	2.20070681930551
5204	6229	2.20019537957517
10628	58517	2.20011654285354
55700	5790	2.19974271816363
3956	5204	2.19914783007621
3105	6228	2.19850485030579
28974	4738	2.1984055996857
6159	7316	2.1980241954198
3635	92714	2.19713949954606
58517	6188	2.19711074186842
10312	11007	2.19703908480823
7264	92714	2.19637692395741
10963	29095	2.19554592753121
11224	5691	2.19489513011251
1785	55700	2.19342063129396
396	7249	2.19315850045125
3820	9878	2.19294246241496
6147	6161	2.19268369628062
25920	6650	2.1926071356881
6167	6208	2.1922007517089
55337	90864	2.19217224607467
53335	6925	2.18967480208239
11224	404672	2.18869000147522
23625	55700	2.18738413185228
10938	7040	2.18709416134549
396	55337	2.18635680007734
126308	55004	2.18610548519524
51264	6169	2.18597295251975
54460	9349	2.18531532897284
10273	1445	2.18468306373302
6205	6234	2.1840377890289
6204	6234	2.1826210401844
10235	25865	2.18202828267661
6194	6205	2.18091618348211
126308	396	2.18012058074127
115992	55658	2.17952753083404
5788	7114	2.17885690692657
6229	6633	2.17837547084212
3635	396	2.178244130881
25865	83719	2.17635752701593
6159	6223	2.17601533011686
115939	4849	2.17574313183218
396	6881	2.17331664945627
6171	6206	2.17315936845771
6143	6232	2.17242384298726
4150	83642	2.17202076241188
7975	80700	2.17056419038814
4694	9296	2.17000941948657
140823	6748	2.16840209795082
6142	6165	2.16832947406228
6192	7544	2.16772986989034
51079	6193	2.16709599977278
10581	4738	2.16635460717757
6169	915	2.16574816761701
489	7167	2.16482400725341
5036	57680	2.16143472452875
6494	6650	2.16089690073923
27258	7979	2.16058664774663
4694	5204	2.16020261149881
219927	241	2.15995902043108
57680	6633	2.15886691111237
55337	9546	2.15883143821497
10155	4849	2.1573128206239
10312	23625	2.15593186429331
253980	83719	2.15388218688156
1603	9349	2.15345611317882
6147	6228	2.15139635695127
3326	9878	2.14867782969162
6748	8407	2.14793502369741
140823	51614	2.14741019330474
26030	5310	2.14687119373818
51024	9235	2.1466951843124
50619	55337	2.14624202797832
11224	3326	2.14236525585335
22883	6650	2.14195288999693
6122	6135	2.14157513055821
23466	55337	2.14152419764618
6275	8815	2.14143116994099
55658	9784	2.14122642577514
5034	54440	2.1411326061872
57680	79590	2.14067315341808
56731	83719	2.14057375811124
6205	8087	2.13938577079471
10963	5204	2.13918573616039
25796	79095	2.13874016012836
256364	9546	2.13853192712885
28974	29796	2.13755366762141
6133	6143	2.13616596183228
6155	7178	2.13544597742709
11224	6204	2.13516545162332
10312	5790	2.1341466174825
7040	81857	2.13400074606412
58517	6217	2.13389154776049
51614	94103	2.13386120580728
6217	7178	2.13261128607331
51079	59286	2.13234847096615
253980	4849	2.1321662817973
10436	1351	2.13187263793304
57226	9349	2.13151915467299
6146	6223	2.13014828960691
10636	84266	2.12953987248767
10476	6193	2.1258989436951
567	6175	2.12588527037193
51504	57680	2.12506273061319
283489	28957	2.12476165203225
29796	57680	2.12442041315079
10963	6633	2.12418421922212
5265	728	2.12381781074232
6158	951	2.12349965296053
1915	6136	2.1209144317509
58485	746	2.11921054173542
6167	8087	2.11468977510999
6128	6156	2.11458237483791
170463	7249	2.11376559440562
100131801	51504	2.11281558823441
57580	8878	2.11161833159149
22883	79037	2.11000666250358
162394	6122	2.10766109562488
7249	80305	2.10744586341201
1785	54540	2.10729669746319
1455	7917	2.10683528331756
26986	6233	2.10617965820336
23523	6625	2.10450174748516
8241	83719	2.10421787998424
10227	126308	2.10411752467238
3820	5204	2.10356334734542
6128	6210	2.10263246957519
1455	256364	2.1019761081932
25920	9146	2.10169806442526
10312	81857	2.10153348535214
5757	6188	2.10143020559549
4666	6160	2.10134404683028
51316	79590	2.10092471943029
4221	59307	2.09933747184006
162394	6155	2.09918824565494
8202	917	2.09786882331143
200185	8815	2.09785547150433
4666	6164	2.09626305630142
219927	4694	2.09561839232218
4869	6167	2.09475191626391
6167	6233	2.09462221213994
1455	8175	2.09435902957602
4057	4317	2.09387897857329
23523	59307	2.09109325408396
51316	6158	2.09007289048506
22883	9146	2.08880426629277
126308	56894	2.0876790322929
29796	3956	2.08718882313124
6170	6232	2.08671717042199
51264	6164	2.08621507837101
5204	6234	2.08578413917348
4694	9246	2.08315208471188
4245	79002	2.08289274998272
2783	55658	2.08249965316651
1043	9235	2.08220672753046
27258	9556	2.08213581323663
6136	79832	2.08163688662576
29796	79590	2.08149618012805
396	9046	2.08079384440122
126308	391	2.0803469262269
5790	975	2.0802291727859
27040	9546	2.07996649319708
25865	9146	2.07966238511158
55337	7916	2.07936415831561
2580	55700	2.07804965187073
1351	9551	2.07772308531536
23636	6778	2.07428898570208
219927	6748	2.07391725478372
6147	6171	2.07296462458512
389289	6169	2.07176053465331
11224	6748	2.07175283787307
28957	29095	2.07036235305857
6175	9168	2.0699496098845
7311	9556	2.06818993275701
256364	9146	2.06639292824823
283989	55201	2.06636947093955
4736	6201	2.06592684707075
10963	113246	2.06573586328251
6175	6176	2.06549170282474
25851	3159	2.0638889127117
124565	1487	2.06368026051452
2585	79590	2.06257527901471
6155	6222	2.06232999507426
8295	90379	2.06176563152224
396	9744	2.06168136387959
23523	5605	2.059365396615
26986	8202	2.05771146655406
3820	51614	2.05700556213741
60672	79002	2.05696616770727
55004	55658	2.05567061650563
57680	6164	2.055288129038
1043	51264	2.05495732458957
6275	6748	2.05474719923591
11336	8525	2.05348803100389
51154	6169	2.05344831340923
22883	2316	2.05197571800191
2783	8985	2.05186869075442
9146	9546	2.05111921292499
51073	6483	2.05110575598661
25777	83637	2.05094305171448
10134	51024	2.05078453931339
6187	6206	2.04991857494493
10134	9246	2.04954751332624
162394	6232	2.04928470123376
51316	6633	2.04868812266916
7351	79002	2.04822901899094
57580	59307	2.0466676752524
55337	738	2.04628716462628
57580	5970	2.04444780785251
3831	6650	2.04432435206893
23625	9744	2.04376207982356
1603	9296	2.03826498807646
29796	4738	2.03676982633493
80155	8202	2.03656182185967
153527	51079	2.0353528927639
10075	162394	2.03458942928202
79037	975	2.03369632009344
4738	8673	2.03272655388374
11224	5685	2.03253725043069
11322	7593	2.03211026424145
7040	79095	2.03131234538682
6229	6234	2.03103857303656
162394	80155	2.03019219361702
3646	6143	2.03003665210003
6234	7114	2.02969116050313
6159	6167	2.02968333374441
1655	6122	2.02952598231321
513	6494	2.02869676145048
10227	7249	2.02712529960761
25865	9546	2.02625575597472
6748	9349	2.0253905769766
140823	5920	2.02405659541256
25920	3831	2.0237979067298
6194	7114	2.02197148149053
219927	27258	2.02113115987115
23625	91289	2.01933189112368
6129	6155	2.01925207320839
5702	6748	2.01858013709444
23568	51024	2.01683204878685
6142	9349	2.01608939580354
6160	9045	2.01537254414464
170463	7040	2.01265451665301
3385	489	2.01157500198447
5685	6165	2.01143266314833
1915	6228	2.01052957119946
113246	55851	2.00928299968446
5036	6633	2.00811992552941
23466	9046	2.00742482118619
22870	79958	2.00689874301499
11331	4221	2.006269731645
6135	6170	2.00373268849738
1043	51614	2.00351889420492
3297	59307	2.00253933824242
25796	50619	2.00123002787532
54540	5970	2.00121017269817
124565	256364	2.0009755966948
115992	9046	2.00094086360873
2580	54540	1.99935142679325
567	6170	1.99645380324143
5036	5204	1.99536406023101
132949	6208	1.99408161291387
3421	8407	1.99245736462664
10227	59307	1.99005448798077
10938	5725	1.98926740623927
100131801	59286	1.98793432563092
11224	51650	1.98756055114592
11031	25801	1.98634948019063
241	3956	1.98582951454345
8284	8287	1.98489043315681
256364	6650	1.98256915014304
6160	6633	1.97973944763694
10616	51150	1.97953117890487
6135	6235	1.97953083588796
2585	7311	1.97876601952983
4738	6748	1.97548328314459
10963	8815	1.97510965693826
1785	396	1.97501101441058
6152	7311	1.97423802080257
124565	9112	1.97265298509516
5605	92714	1.97244745506649
57680	6748	1.97140801742444
6837	83719	1.97113975538875
26986	6235	1.97101978708969
241	4738	1.97071575362446
440193	8175	1.96849952083567
8175	9146	1.96831854027091
513	5725	1.96810045858413
10938	5970	1.96531237916342
3326	7311	1.96518897636758
25777	975	1.96391143702631
1915	6201	1.96361271841855
51650	6165	1.96199997253434
51316	6234	1.96181851983725
6146	6206	1.96169286959792
126308	80212	1.96049313272714
25865	374403	1.96019679361249
90507	92714	1.959114739526
1155	22913	1.95903188053791
51586	65980	1.95798762427137
6208	79832	1.9565578360862
3394	6925	1.9561882533165
142678	79002	1.95607666320191
6129	6147	1.95467903273835
3297	5790	1.95436371867664
10628	5788	1.95431309104542
23568	8815	1.95398769498554
3105	4736	1.95297843827409
11184	126308	1.95268131693553
22827	8273	1.95247705747499
10262	55658	1.95119436333332
25920	9546	1.9511611727025
28974	5920	1.94868554396276
28957	51024	1.94794958712416
55201	56894	1.94586004887334
23190	51264	1.94552527956039
23046	4221	1.94429759130195
10628	6155	1.94410779982086
8407	951	1.94300670164023
28957	9556	1.94050381306617
11184	5970	1.9389773994795
1785	59307	1.93759085872981
10262	54539	1.9368827751447
5204	9246	1.93688256734187
7917	79720	1.93571558114494
4818	59286	1.93559100656105
4627	83637	1.93366475424109
1351	3820	1.93366262251633
241	4694	1.93344707658576
55615	6650	1.9328290470132
57680	6165	1.93256987478882
115992	142678	1.93238203223052
1915	6232	1.9302576428199
51264	9349	1.93012805246572
1043	9551	1.93007724363861
3646	6136	1.92894842571
6188	6223	1.92883542772503
1785	27005	1.9286161622174
254394	5428	1.92675166680885
3934	4317	1.92674071127615
65980	6844	1.92667734662902
126308	55700	1.92581513563276
10938	8907	1.92566647997778
55658	8907	1.92519988788429
1455	25920	1.92446054475642
567	6235	1.92362327885199
51024	8815	1.92293510258627
84958	9112	1.92223983146796
23523	9112	1.92118617285826
11184	9146	1.92082242894472
1669	6286	1.92080813933993
5605	6195	1.91942928672107
4695	6275	1.91834228857632
126308	81857	1.91733900175137
192286	3384	1.91669324808253
3297	84958	1.91507844932957
54540	9112	1.91340581927635
6122	6232	1.91310905039411
5788	6205	1.91286962156989
6167	6204	1.91210481458067
25796	92714	1.91055306046012
256364	55700	1.90955472069174
3105	6191	1.90860971665862
10312	489	1.90858092260292
11322	51291	1.90352680585756
1603	951	1.90332836293625
1043	9556	1.90138955848373
23523	396	1.90136294782076
6143	6222	1.90115331062577
5036	7311	1.90040930154911
1059	123803	1.8986626730535
55501	58509	1.89753743195343
6169	6205	1.89670308550762
915	9482	1.89645591690075
254102	7249	1.89574350268833
51023	915	1.89561287257343
4695	51079	1.89534744930516
6143	6191	1.8942651617748
5211	7040	1.89319828329978
94103	9878	1.89288063220165
29095	3326	1.89204600640677
79720	9046	1.89092711390837
4494	51385	1.89058862374787
11322	57580	1.89050979616056
1043	4695	1.88981814627408
10476	57680	1.88914396754507
7249	81926	1.88858948346852
10938	6448	1.88593583347985
404672	6169	1.88515807372269
25970	6603	1.88400078746961
10476	8673	1.88297557189323
1351	200185	1.881275851084
6175	6188	1.88097937016813
11336	8175	1.88088697086917
54460	6169	1.88030010377135
3553	9308	1.87997969946805
513	8241	1.8796047515052
241	51650	1.87815505155507
10938	396	1.87740402903233
1455	25865	1.87725140564138
27043	3159	1.87694460151335
3146	6208	1.87676368655375
100131801	6164	1.87642280568723
51264	7311	1.876151166246
3576	4792	1.87594295742851
6494	8241	1.8758750012248
404672	7311	1.87462759913467
10436	3956	1.87462211439499
23568	951	1.87305216262624
6228	79832	1.87296854806852
1351	4738	1.87256587161438
1455	6650	1.87209664465383
142678	489	1.87201225624383
3326	6193	1.87199592359885
2580	9146	1.87195750077865
6175	6206	1.86976040704587
5216	826	1.86954910168025
29796	6275	1.86812185127974
10262	126308	1.86727824972235
283989	5605	1.86694061831857
4694	51504	1.86646341183557
3120	3698	1.86598092851071
404672	6164	1.86595213476163
10938	54540	1.86491203985049
9349	9551	1.86447284082229
23466	5605	1.86256398697942
6192	8284	1.86116468844027
6147	6155	1.86095207144019
4738	51614	1.86087918994961
5546	85478	1.86046934117438
26986	6136	1.8601356040455
25796	6837	1.85907843727863
115992	79095	1.85815334854924
7311	9551	1.85587720545142
6201	6208	1.85497332477544
4738	6275	1.85467189883463
513	51586	1.85466824337679
11224	28957	1.85463360931419
10938	11184	1.85461752053621
79095	9546	1.85428701054903
4061	51393	1.85410963783025
126308	5605	1.85308389017502
283989	396	1.84895410841249
10628	8202	1.84553455970056
55700	9146	1.84427979665449
5702	746	1.84272132532498
4694	8815	1.8425997451657
2585	6169	1.84211775050997
241	9246	1.84006944171267
5469	6169	1.83837001558087
3159	83719	1.83743377001866
10963	521	1.83699595694672
6195	9046	1.83681332386821
29952	55658	1.83540195278917
11132	123920	1.83422702100901
25865	59307	1.83387825992354
6204	9045	1.83283350256964
4695	5204	1.83246519540642
23568	7311	1.83244677716454
51504	54460	1.83172247248395
4666	7114	1.82899864996664
3956	51398	1.82882267001276
10628	6208	1.82762651784896
489	79171	1.82662791245309
162394	6223	1.82593808822771
5685	79800	1.82583558323306
6195	6881	1.82526493277424
3313	6275	1.82473121771342
404672	79590	1.82368795856025
6748	8815	1.82328533668754
22870	23466	1.82272126027421
28974	4695	1.8218204075805
23466	23625	1.82153946595448
51024	8673	1.82093260405186
140823	28957	1.82021074726496
10963	4694	1.81997640715813
153642	79982	1.81928921539822
10436	4694	1.81680777998576
25796	55643	1.81489076917486
6129	6143	1.81236523138741
10227	25865	1.811974094029
51024	51504	1.81130296950554
10581	5920	1.81047960593775
55700	92714	1.81011167463354
22883	7040	1.81006087070693
26986	6191	1.80697456076253
6164	9556	1.80546824921779
51614	59286	1.80430645522555
155066	3159	1.80265852830604
1915	6159	1.80187571858548
3646	6227	1.80183967812282
84687	90379	1.80077106505202
3313	5479	1.80060252316582
113246	5691	1.79977839708475
3313	9235	1.79900106080396
57730	7114	1.79696056162703
51504	9878	1.79624933403086
25796	90864	1.79588453805025
55643	5790	1.79509817588812
10273	25777	1.79506543884596
51586	8907	1.79451034543688
6650	9546	1.79359886875666
23569	6283	1.79298964168882
51079	79590	1.79280198808536
11184	57580	1.79251886926489
51079	9235	1.79099779159235
8284	8653	1.78876529967737
25864	55337	1.78463341994415
11224	6142	1.78379054246338
10521	259282	1.78181358391897
25777	2580	1.77767957362307
253980	50619	1.77726791205115
5790	83637	1.77373628032131
25865	7249	1.77259743267245
28974	5691	1.77234028186504
5204	6275	1.77218296260468
5790	91289	1.77166067473542
57680	951	1.77137726716195
51504	5691	1.77036964202107
10922	6837	1.76845807471855
63940	81558	1.76803931019525
79171	81926	1.7668680100234
163081	9360	1.76647891581188
5204	915	1.76478245146782
10135	1843	1.76321646740656
23523	83719	1.76106932209975
54460	9556	1.76028964703155
51614	5691	1.76017062901035
126308	79095	1.75939305805689
11031	58484	1.75709030697656
5034	7535	1.75704536911005
1655	4736	1.75693471404072
6176	7114	1.7566983887171
25920	8175	1.75595675168912
10436	29796	1.75443402465602
29796	3326	1.75227357622867
3956	51024	1.75092508764531
6136	6147	1.74670430681752
124801	80067	1.74619330033474
79037	9546	1.74406501895873
6135	6176	1.74337586210071
8815	916	1.74311979273598
54540	54681	1.74170856494102
3956	9246	1.74047754101423
55658	5790	1.73971301657607
23523	25865	1.73958038652184
6135	6206	1.73771537400226
256364	56894	1.73759377178411
23466	391	1.73683612959867
142678	9744	1.73637109846105
5685	9349	1.73621772669777
51024	59286	1.73449933274115
1785	2580	1.73363110217649
27005	55700	1.73172611403544
10921	25920	1.73160440946575
6204	7311	1.73105004326514
23396	9138	1.73038410178721
1455	56894	1.73023082463569
51728	9296	1.72889821784627
84681	9377	1.7285209084084
241	5685	1.72792321518714
166	23625	1.72743137939993
29095	51614	1.72730471878112
29796	5018	1.72729411299233
25777	374403	1.72707024131513
4736	6135	1.72692028611997
27258	4709	1.72667790633882
10134	59286	1.72609427266323
283989	7040	1.72597816804319
23400	93343	1.72337539860198
59286	9246	1.72296913655618
27258	3956	1.7216430516758
3553	7124	1.72104648908105
6161	6175	1.7195162232504
5691	8673	1.71866752897715
6229	7979	1.71830963853502
11184	513	1.7180635382336
5757	6160	1.71718103564564
5691	6158	1.71707452695941
100131801	6142	1.71617839928414
1455	374403	1.71599756400089
5605	80212	1.71593407311478
10134	10581	1.71533546363558
738	89846	1.70885488501968
11224	389289	1.7086972372785
55700	9112	1.7086089449361
22827	79095	1.70851255558841
2664	83637	1.70841915664567
3326	5036	1.70749312827502
158431	79800	1.70512190813302
100131801	3956	1.70477437139884
81857	81926	1.70446022683826
27350	4695	1.70445012124772
6748	9246	1.70434904831059
6159	6205	1.70418320563436
10581	8815	1.70384595352469
10025	9744	1.70381576506961
162394	7178	1.70134431664701
6881	83637	1.69924869099839
5018	9482	1.69875274706935
10963	23480	1.69845378298911
27258	4694	1.69794224819334
1351	28957	1.69678886307178
64333	6494	1.69599251357278
51024	79590	1.69529649499622
5714	84299	1.69486481562577
51154	6193	1.69412507637157
1043	140823	1.69155998524843
56894	6650	1.69108815829398
55201	9046	1.68992747212973
489	6837	1.68952302072463
25865	396	1.6887643219602
2664	738	1.68848679394167
11184	2580	1.68671665293307
10227	23523	1.68596583124832
1915	6156	1.6859278861208
60	6175	1.68583715429751
4694	6275	1.68558136043325
147138	6625	1.68543996739456
132949	4869	1.68538657061818
25865	55337	1.68413916783463
374403	4221	1.68377883293324
10628	567	1.68329646990794
200185	4695	1.68266532414961
100131801	9246	1.68189531898899
6193	79590	1.68119257302246
140823	29796	1.68040895009512
79590	9556	1.68026621251566
6194	6201	1.67858244763553
22883	83719	1.6785081625314
5685	7979	1.67841992378215
28957	29796	1.67614430331472
10938	6625	1.67411827042631
8241	90324	1.67307789756644
54540	738	1.67225260878456
112840	57226	1.67179145133544
2029	8407	1.67060586671577
10155	79095	1.67014349898355
10075	6147	1.66978843684646
166	7535	1.66770299304923
79832	8202	1.66647722978984
140823	51024	1.66589588363729
50619	7916	1.66547620026833
7040	8907	1.66462812120116
51264	6633	1.6645862587297
51024	9296	1.66392638775311
5685	79590	1.66353297994608
132949	6233	1.66188967261871
10476	10581	1.66168546724976
51154	6152	1.66093798186105
28957	6275	1.66025215884153
738	81857	1.65998894370193
51586	5970	1.65992203763534
28974	9296	1.65865174965404
10628	1915	1.65749690182406
23523	440193	1.65735016970132
1545	51313	1.65528089013278
170463	81926	1.65489843069009
6155	6161	1.65471331521285
4627	51291	1.65345381711973
83719	9051	1.65308007313009
51264	5204	1.65299291818891
10476	6275	1.6529309508149
170463	2316	1.65260493934231
51079	51398	1.65257750179112
23193	9114	1.6515925014869
128077	23046	1.65101070079083
161882	7284	1.64944592053395
26986	79832	1.64849574416333
140823	6633	1.64838704661836
55700	8907	1.64771530179024
23039	51504	1.64769560711317
54890	9170	1.64654054889744
9138	9546	1.64648934073854
54973	57580	1.64600891846844
2585	9349	1.64475206715368
7314	9168	1.64351365680607
50853	6625	1.6415395021231
6844	752	1.63836503516735
6135	7114	1.63772789844011
51316	6164	1.6371972248259
142678	7916	1.63609865013385
113246	28974	1.63576541049949
51079	5920	1.63501006061029
25796	7167	1.63296646353319
6169	9556	1.63280212850395
10726	51291	1.63219306483176
55615	6494	1.63111904397243
25796	25920	1.63072485032558
3326	9551	1.6304846210919
3159	50619	1.63024460435955
9051	9146	1.62924417131376
3297	4627	1.6291918663982
6201	917	1.62903482966258
1843	3576	1.62902546961897
115992	513	1.62875073217502
10963	29796	1.62737410244318
2664	54681	1.62725807723817
2734	6201	1.62715655530565
6133	6222	1.62702846811821
4694	9349	1.6262510233226
7284	83719	1.62449984555236
9112	9546	1.6228225361691
10273	55700	1.62088461570759
1915	6188	1.62087715250712
113246	29796	1.61929453528445
3956	6142	1.61853659675489
6210	6233	1.6164776890979
25851	79144	1.61588116242273
25865	51116	1.61512791731994
3725	64332	1.61510505315421
10283	23190	1.61455788150431
6152	6633	1.61307821977064
292	7416	1.61299485919646
153527	6193	1.61265892844812
11184	25777	1.61205145717521
51316	6165	1.61195648236528
1043	23568	1.61071456735039
8241	8907	1.61046444737403
396	83637	1.60992946866831
25796	7916	1.60855676798586
6143	6146	1.60737896434385
51586	5790	1.60597001118565
28974	6748	1.6052315870263
56936	85415	1.60467858565028
1462	1545	1.60317473832328
4869	567	1.602944571134
404672	6633	1.60249810516866
6122	6133	1.59965464239938
1455	9546	1.59891184016027
162394	9360	1.59880145730777
51154	6165	1.59779378632632
25920	8241	1.59536693097495
51529	92345	1.59361621442499
11322	8907	1.59332629049065
6175	7178	1.59176399700759
5725	81857	1.59167486569403
5036	51504	1.5916080284973
513	57580	1.58963638312928
1997	4750	1.58890510726475
4695	6633	1.5885150642208
203069	92714	1.58783505741985
84272	9953	1.58695143918843
6142	6234	1.58499010323889
153527	5018	1.58466323404949
6167	9168	1.58325734542891
27258	9246	1.5821512783308
81857	8535	1.58198013000738
54460	6165	1.5803406153078
29796	9296	1.57882258617977
10476	404672	1.57370811060819
10581	200185	1.57355220577424
3326	51024	1.57328489601164
27040	9146	1.57321036817054
55700	8241	1.57176527425139
28974	9246	1.57139167417621
4736	79832	1.57104875013542
6232	79832	1.57061429369977
25920	79095	1.57016631519096
50488	57130	1.56937901095222
23568	9551	1.56869447613317
57130	6464	1.56855146444659
55658	79095	1.56802424244478
126308	5725	1.56665074671208
374403	6494	1.56521952486709
6194	6233	1.56348855232606
79002	8425	1.56201714842317
383	4680	1.56159879966136
6146	6147	1.56154199564934
11331	790	1.56072111078452
22827	25796	1.56058325382678
100131801	1043	1.55899931396292
25851	7975	1.55809706531622
28974	4694	1.5579806240655
51614	5479	1.55647010139744
23466	9546	1.55613113993029
7249	7917	1.55613084303409
10628	9168	1.55498903601073
1455	7249	1.55255396304901
59307	7249	1.5525154252195
115939	253980	1.55192428797728
489	9744	1.551085403675
166	79095	1.55082145083752
3105	6222	1.55064621457068
6161	6223	1.55043296787542
140823	27258	1.55038579145426
7249	79171	1.54768094191822
10312	9744	1.54722635517218
126308	25796	1.54647399918773
28974	5204	1.54569247571051
6122	6187	1.54557731036199
3146	8202	1.54488326511531
10025	5790	1.54439397388493
5970	80305	1.54260405142896
57095	6625	1.54155334021443
23568	79590	1.54108860825744
10726	11322	1.53961728242402
7178	79832	1.53880846814928
6625	9170	1.53874860114823
4245	55700	1.53786825928944
149603	91304	1.53746001878391
28974	51504	1.53658736535998
23344	7040	1.53644874311541
59307	5970	1.53558064901727
166	55658	1.53541033347712
283897	84272	1.53433277272833
113246	85478	1.53306472897822
10283	57730	1.53192913842231
51586	6415	1.53169542414414
25851	9112	1.53077517012923
4695	9556	1.53075340042516
4869	6222	1.52934206587602
4694	79590	1.5271477992372
51024	7311	1.52662327140027
23523	513	1.52527869212831
10628	6167	1.52527162039442
5018	51079	1.52508322457889
6204	8087	1.52468623930801
2580	6650	1.52455280352493
241	6234	1.5236954543736
11224	3956	1.52270813481908
10938	5211	1.52218985903927
7040	9744	1.52115714866935
6136	6143	1.52113109099532
6159	6201	1.52066297071611
51024	9349	1.52008663090043
5515	9802	1.51734086525908
23466	7040	1.51694255887421
27258	3326	1.5161901675796
10263	489	1.51395520979658
23645	4792	1.51356254631688
23625	83642	1.51167246563953
29095	8815	1.51149628395215
1455	8907	1.51149062324076
57730	6194	1.51027938276465
25777	55700	1.51019469964086
10312	81926	1.50948776209052
10476	51316	1.50687676439414
5119	79654	1.50615237594245
10938	7593	1.50604621668496
219927	51079	1.50584335262425
7311	7979	1.50472318077012
10273	11184	1.50441199232972
59286	951	1.50290545730409
6128	7178	1.50140122911787
10134	29095	1.50103934696354
4869	6147	1.50070031556527
2791	8436	1.50053213125827
100131801	27258	1.49941388809068
4666	6176	1.49878968986676
387082	64400	1.49873572937937
113246	916	1.4971295625821
10066	170954	1.49636630555901
6170	6175	1.49514758496783
1455	83719	1.4950152855904
161882	7351	1.49458393162207
64333	80709	1.49355118524046
84687	8717	1.49292377039791
5469	7979	1.49230323113586
8087	9126	1.4917706492375
10075	6223	1.49131556850187
6146	6175	1.49072383024965
59286	8815	1.49071570571726
29952	79095	1.49062667422361
7040	9757	1.49035416962729
25865	5605	1.4882365077449
54460	6164	1.48814826639324
6494	83719	1.4855363584508
161882	6837	1.48513852134456
51504	5702	1.48325021525389
1455	6625	1.48224128981233
25865	6448	1.48194819982066
10312	79171	1.48150879808168
6494	7249	1.48123423776093
11184	79095	1.48119655347884
54460	7311	1.47962717098333
6217	8087	1.47916254464217
3646	6129	1.47909603307249
166	5790	1.4789305075414
1785	738	1.47809880555728
25796	7040	1.47559545407298
25796	396	1.47524644875686
6146	6232	1.47442994757811
5920	9296	1.47302085200677
86	9098	1.47290008362546
10628	8087	1.47159116860153
5790	84958	1.47091719507004
513	8971	1.46979375869541
10474	6603	1.46915165167374
60	6208	1.46787631310383
23568	5204	1.46728879421597
3326	6164	1.46528114899344
4738	5479	1.46519360181698
10273	374403	1.46089452133563
55337	7040	1.46051597359908
4738	54460	1.46015695949454
23550	2874	1.4577988736877
374403	64236	1.45731445529228
10476	113246	1.45723066051873
51316	51650	1.45694416584798
9246	9349	1.4563708285111
11184	738	1.45543162602597
10095	152007	1.45533554638848
23625	80305	1.45464304945268
142678	5790	1.45285413962906
79171	92714	1.45250747022756
29095	6165	1.45248597478599
28957	7311	1.4520555738928
7535	9744	1.45141681636786
55201	90990	1.44998396242004
1462	2219	1.44945386893555
113246	951	1.4490800348776
25920	90864	1.44892632488289
4057	820	1.44676734395482
58517	6155	1.44596699887939
10581	5702	1.44520300125854
4666	51023	1.44474732415986
51650	9556	1.44467787094762
396	79002	1.44251775771736
241	51024	1.44250847432715
27258	29796	1.44203361099996
6128	6168	1.44115916506015
51316	5204	1.44010430581445
396	975	1.43693508086156
79095	9744	1.43624453632561
4694	4695	1.43576422478024
1455	79720	1.43377740137635
6160	6167	1.43320071395599
219927	6633	1.43297760187262
396	6650	1.4311398935072
64333	79171	1.43040901689589
10025	8907	1.42972365605833
6164	7979	1.4285221737118
4694	6633	1.42741210741799
1212	513	1.42697971795996
10620	81926	1.42680824062915
10726	23523	1.42647051313141
513	59307	1.42630352110449
10963	11224	1.42598935860677
5691	9296	1.42332610078272
5788	9168	1.42267072844536
4792	5743	1.42138863275542
29796	6158	1.42118036849696
50488	738	1.42078403137029
3553	4792	1.42058445367411
10628	6205	1.42005729369963
6133	6206	1.41936316578834
51079	6158	1.41851851039366
4694	7311	1.41817786202273
5691	8815	1.41743317425052
6146	6217	1.4163947433457
6152	6193	1.41594765820037
284207	3689	1.41507999574957
5018	6883	1.4140125749055
25801	58484	1.41351739142028
51650	6169	1.41210306280515
25921	79095	1.41134233457621
51079	9296	1.4112625289903
28957	51614	1.41119195178461
10628	60	1.41109682558914
10628	6217	1.4097152024267
5036	5757	1.40837427095198
2316	7040	1.40831636191698
161882	8273	1.40725942972305
10628	3146	1.40723825271735
1212	55658	1.40660671450827
25970	6901	1.40659034065684
5546	6275	1.40607180642696
55700	79002	1.40585145849485
10476	51264	1.40511783754284
374403	89846	1.4038747001988
170954	7351	1.40204431787243
219927	7311	1.40116276317277
10312	22827	1.39971032530739
57104	6901	1.39893336987388
256364	5605	1.39860912984175
140823	28974	1.39841536003314
6229	9349	1.39819799955312
25796	391	1.39637922625642
54540	8241	1.39609248781645
241	5702	1.39513761317492
23625	92714	1.39427969903
29952	7040	1.39314696204958
25851	50619	1.39263507066874
153642	162394	1.39189037475648
6165	6205	1.39150182612388
5036	6193	1.39101007954404
6603	6901	1.39058596307001
126308	23625	1.38947678011875
147138	6448	1.38892765012511
2580	8535	1.38875233131652
241	8673	1.38834986260474
10908	4542	1.38769762372967
5970	6305	1.38696507436037
10436	5691	1.3846628820432
22827	415116	1.38312765485791
396	83719	1.38254339050999
5685	6234	1.38055348372361
25851	9546	1.37927025456395
5469	5685	1.37885290724547
55337	79095	1.37872620816125
100131801	404672	1.37746479768474
10938	1785	1.37741429339635
3326	5018	1.37727803408161
4869	6206	1.37641804127763
241	4695	1.37441285889136
51504	9556	1.37304533170103
6169	7979	1.37248874364658
8241	9757	1.37182855799635
25865	738	1.37176902816255
1655	6175	1.3713483305044
396	81857	1.37034562794521
4695	9296	1.37018717648494
6159	7114	1.37005772806715
241	3428	1.36995072908021
27043	9612	1.36970565105682
3646	6156	1.36925867435688
256364	79958	1.36924101911924
254102	4627	1.36873895656843
10581	23568	1.368531493471
81857	90864	1.36806435626206
1785	22883	1.36589940074352
11224	51154	1.36581624438134
6650	8175	1.36466208863322
200185	6275	1.36342861620981
51136	522	1.36331804251826
55337	6650	1.36300433546346
5469	6193	1.36276347799515
10273	6415	1.36164407869488
6194	6204	1.36103827838849
2585	5204	1.36090655717149
6156	6206	1.35958173216301
10075	6155	1.35807976554757
10616	1762	1.3576334740125
10963	140823	1.35715209453601
6160	6193	1.35688177299869
140823	8673	1.35568895343479
1843	3725	1.35541359279697
1059	4134	1.35472370411268
23466	56894	1.35374538951318
11184	25796	1.35312898850238
25920	6837	1.35213208337417
54681	8971	1.35081081763612
162394	6168	1.34946606822367
10501	3360	1.34600799794369
6176	6205	1.34403015034245
29888	64975	1.34396926046989
10134	3956	1.34302518352419
10273	59307	1.34270166539849
140823	6923	1.34254412499073
2987	4542	1.34160297877359
5036	6160	1.34063297890244
126308	79171	1.34054613892556
7040	7351	1.34034301829754
306	671	1.33953991221722
3326	6165	1.33804721731841
22870	64926	1.33796578835124
5469	6152	1.33713154779763
6136	6223	1.33647047945562
132949	6223	1.33565039268377
1603	7311	1.33531414058116
23568	4694	1.33485881224326
10248	81926	1.33474606357457
115992	396	1.3342228226059
27258	6748	1.33407698922483
79657	9556	1.33330311080642
389289	57226	1.33312311375494
4650	8241	1.33184940303901
22883	55700	1.33176799837385
6650	8241	1.33143141313934
10312	396	1.32921638786423
26986	6122	1.32700799812079
55870	64710	1.32675724785493
55643	7916	1.32675173975973
23466	80700	1.32671315917724
23568	51614	1.32529756192564
1116	306	1.32409609463773
253980	9112	1.32242037511846
6837	8570	1.32127718491712
51650	7311	1.31985281438077
11336	9146	1.3184588994465
1351	1603	1.31767790246694
51154	6229	1.31711094755572
6193	6883	1.31562235190406
4736	6128	1.31454997787047
55658	5605	1.31357877371231
6158	9551	1.31353987346784
55337	81857	1.31225104387817
7284	7351	1.31198505145341
3326	6748	1.31177784028352
1455	5970	1.31152190875903
51545	54540	1.31086434522381
283989	6881	1.31067359983008
1785	5211	1.30988293066471
6160	9168	1.30974412013562
6837	9546	1.30921559208165
55643	9744	1.30901893854479
23625	6494	1.30755931201257
64975	9138	1.30679756783647
29882	572	1.30619343174775
489	92714	1.30591209812709
513	9757	1.30578845376514
25851	83719	1.30535610656706
25864	572	1.30264989749723
4869	6188	1.30224783583962
1915	3146	1.30224651910801
4738	6193	1.30065281048158
51079	8815	1.30042094738634
6167	6170	1.29976964713932
27040	79958	1.29847021550714
23039	57680	1.29749416592747
155066	25851	1.29738784057845
4478	4502	1.29732346244273
4666	5685	1.29672399302612
55337	7167	1.29672217501107
166	25865	1.29661118134059
153527	3820	1.29604527774064
10628	6159	1.29248455994526
11007	9744	1.29201955799929
6164	915	1.2919502998028
1351	51504	1.29091992829328
25865	84958	1.29032215629203
83719	9112	1.29028818938202
162394	6156	1.28998387329945
746	8407	1.28859187280132
56894	9046	1.28694935921327
64926	6650	1.28688691527135
5757	6205	1.28688233729407
123920	51586	1.28631247278262
23039	5204	1.28630628710728
55201	6195	1.28600423931609
6204	915	1.28563713176146
10585	11079	1.28515707543369
132949	6122	1.28474773937776
3820	6633	1.28465232780488
5970	7593	1.2839303974891
55700	7249	1.2838332875511
64236	7593	1.28382541728032
57226	79657	1.28360020763743
51586	7040	1.28307870229982
3146	6223	1.28296153895631
10908	3297	1.28177776155454
2778	84572	1.28167793316182
100131801	29796	1.28163675014928
115992	22883	1.28104022825177
25920	53615	1.28082894476151
91289	975	1.279855837582
9112	955	1.27982357382068
10908	84958	1.27942194140768
115939	64975	1.27765340020119
10312	126308	1.27674634275609
10476	51398	1.27641178364898
3159	9112	1.27615384299554
22827	8535	1.27509057477701
5036	51154	1.27414219969383
23625	55658	1.27354587913303
162394	6235	1.27337749675632
513	6448	1.27263761271424
7114	9126	1.27190250097827
23625	256364	1.27114669366635
100131801	4695	1.26945825046603
85478	9235	1.26830069963041
2207	7940	1.2663116710092
6160	9349	1.26603987892376
25865	6494	1.26597041963181
7940	8673	1.26490798692501
7916	90864	1.26237701192045
5034	7167	1.26208985062024
6158	6748	1.26144053491506
306	6947	1.261182395052
1351	9246	1.26084639959066
391	55658	1.25990921168809
51023	6229	1.2591618542308
25777	9112	1.25886778781556
1455	440193	1.25878195512273
51586	5725	1.25856537887554
10908	7167	1.25840137781241
8079	83706	1.25821685489581
51116	7249	1.25802782275934
153527	219927	1.25793675128433
1455	2580	1.25656134627127
25864	9744	1.25653589969936
11224	2585	1.25605967616631
6122	79832	1.25492220536955
79095	81857	1.25490715434118
4738	79590	1.25474948137903
147183	374768	1.25409701986117
23399	391	1.25238350126379
100131801	51079	1.25200370255823
10155	7916	1.25196412976116
128077	6448	1.25138186465566
7593	8812	1.2501037755972
6217	6227	1.24985088052589
55337	83637	1.24955732055727
89846	9146	1.24831539647763
27350	4696	1.24731491163756
163051	55327	1.24692890435251
23039	9349	1.24660891416659
338339	5273	1.24631505967814
10312	83642	1.24533592183418
6176	6229	1.24449551529522
51642	65080	1.24359431057316
4666	8087	1.24319599120001
389289	9349	1.24229965894656
4869	6191	1.24059396613735
6625	9146	1.24052643227438
6176	6223	1.23984887164677
8403	94039	1.23963946805704
5790	6415	1.23902340276124
6227	79832	1.23695487174083
50488	9146	1.23251307098124
153527	5515	1.23133086396055
10581	84300	1.23102295697412
162394	6227	1.23074047924082
10628	162394	1.23027229982976
396	9146	1.23009921632644
126308	81926	1.22994200433845
23625	79037	1.22902488188885
10075	8202	1.22888859245629
25865	7284	1.22712302260718
51154	6160	1.22705910553734
10155	50619	1.22679627476984
6136	6206	1.22671701993506
27258	9551	1.22659955716357
10273	64333	1.22630281221455
3313	51614	1.22627742775679
374403	83719	1.22614262881543
513	55337	1.22605693918731
132949	4736	1.22550897929086
513	7917	1.22514082928211
3326	9246	1.22472819714681
10963	6158	1.22454778518752
8407	9246	1.22448413246039
51291	55658	1.22387627442195
11345	5018	1.22359266368332
383	55711	1.22263012373815
11224	3820	1.22152364658525
4650	57649	1.22118550247477
23625	51291	1.22064379578136
6175	6191	1.22062072298191
149603	7593	1.21988639456231
374403	64333	1.21975519055334
22870	7917	1.21968512969306
59307	7917	1.21814239070219
29796	3820	1.21748660646158
123920	9757	1.21691638581356
11007	6494	1.21639382484281
389289	6164	1.21613429947699
5525	64743	1.21515190151967
396	56894	1.21458164129812
51398	9235	1.21403615834622
396	8241	1.21299357519811
3820	9246	1.21277022488654
4738	51504	1.21192673556944
10025	513	1.21146675913103
513	7249	1.2114631662506
10219	1351	1.21096027132633
1603	389289	1.21039245039758
513	64333	1.20876878134504
1785	256364	1.20423672018643
10963	7311	1.20318101890718
396	6837	1.20300497495347
6650	9051	1.20160616135272
1455	9112	1.20112928355383
4709	6279	1.20062931706576
1043	59286	1.20060756547629
4869	6170	1.20033841091736
28957	51079	1.20004743953225
79590	9551	1.19967417988506
5204	5685	1.19729974966405
1915	26986	1.19596770111598
1603	6275	1.19462750308959
11224	51024	1.19226504408618
139341	26084	1.19171979570784
89941	9112	1.188532680648
140823	51642	1.18720429382453
115992	126308	1.18613307541659
54681	6448	1.18590186314724
3326	79590	1.18584722706039
25777	396	1.1840419863929
404672	9556	1.18151724876491
1915	60	1.18140189032884
51316	6169	1.18105431034519
117247	6188	1.18061723391917
100131801	4738	1.17999797970202
6494	79720	1.17889756561807
389289	5469	1.17793167264809
79180	84299	1.17756133832892
4627	975	1.17676493115638
10188	25851	1.17623953359165
22870	25865	1.1761352700987
11331	7917	1.17420902683934
11184	6195	1.17413534422343
25777	79037	1.1740700941527
374403	55700	1.17337980628691
22883	25865	1.17335276214262
83642	90379	1.1731121783141
126308	92714	1.17146709029679
10921	25851	1.17045350238093
11322	1455	1.17027711960614
25851	8175	1.16984198278684
25970	80212	1.16926217456809
23625	5970	1.16925384781665
8717	8907	1.16918077034342
25792	5699	1.16820838506654
51311	7099	1.16766515064812
10628	4869	1.16672349895395
150365	51398	1.16659960352096
29095	54460	1.16561866602973
259282	6143	1.1654838322971
241	6193	1.16507340906777
3146	60	1.16470498579809
1314	4694	1.16419083561761
11336	1455	1.16413582450539
23625	6881	1.16316285360873
1603	5691	1.16295522657084
51264	6158	1.1624856747922
79171	81857	1.16050877222954
6208	6210	1.15974571366845
11224	9246	1.15946510451449
166	58509	1.15906764416223
389289	5204	1.15893424677511
513	5605	1.15711771685348
5702	951	1.15669738413774
8241	9146	1.15667078449461
6129	6223	1.15526851873909
124565	8241	1.15517491109033
5970	80709	1.1548544107667
22827	489	1.15448721229785
3820	7311	1.15394338857496
55658	55700	1.15346546197056
6188	6193	1.15319507728507
22883	92714	1.15254405516083
7167	90864	1.15216415722523
10581	951	1.15179627017661
6155	6228	1.15155003852273
1475	4332	1.14969564763572
11007	79095	1.14961153133493
396	79037	1.14959245672894
389289	6633	1.14800885857333
10963	28974	1.14752287119395
6193	7979	1.14536878966417
23625	2580	1.14517937941995
404672	5204	1.14517168888122
5757	6229	1.14500648535641
4695	8673	1.14329083098865
3265	79932	1.14233108652445
7499	78989	1.14121176329859
3635	7167	1.13981669618106
6448	8428	1.13956030529962
11007	489	1.13824634605869
5515	7979	1.13791709841831
160760	8202	1.13785857246662
393	79002	1.13781899962695
3146	58517	1.13765054182741
57730	6193	1.13697865954679
23466	513	1.13645772953502
11184	5211	1.13485396422903
6286	820	1.13480345228332
2029	28974	1.13418102174296
306	6036	1.13361183952589
2664	5211	1.1333206918789
153527	9246	1.1318824402122
2580	55337	1.13130845661502
126308	5790	1.13052882658875
79171	9130	1.13047951170184
1455	91304	1.13023525764448
6158	6160	1.12718449828148
241	28957	1.12714025539849
6633	9551	1.12702038750085
10581	29095	1.12652649116092
2580	5790	1.12558762879817
1785	83637	1.12543431692695
29095	6142	1.12474579087704
27005	393	1.12313848387912
27258	59286	1.12284211432719
253980	25796	1.12041573779845
5702	8407	1.12005272105496
10227	25796	1.11973516699084
140823	51192	1.1193040895306
6610	729440	1.11781067894858
22883	6195	1.11748266904037
10621	254394	1.11730849669499
50619	9146	1.1160081091785
7040	738	1.1156664431911
51264	51504	1.11512848510227
23625	374403	1.11485600558897
4695	4696	1.1144291200919
4627	55700	1.11395763603025
1455	27040	1.11300118920416
81857	83642	1.11280532493961
58517	6223	1.112687772992
112840	79657	1.11264173722477
10013	23644	1.11256022892055
4849	8241	1.11188503008405
3831	55615	1.11165143012907
124565	440193	1.11101572833362
7040	91289	1.11006390542102
6128	6136	1.1090216310145
3146	6122	1.10867025325161
4046	81	1.10779901807744
55700	5970	1.1073420148318
80155	9360	1.10722075573506
23625	56894	1.10680444447777
391	513	1.10591119184425
10726	55700	1.10586172571834
23550	7376	1.10524463477278
54540	9146	1.10506794217878
11007	203069	1.10487190532594
162394	79982	1.10478866825435
6175	917	1.10381188408026
8241	9546	1.10359851005433
2585	51714	1.10308661585723
56894	7040	1.10287160896455
79095	84687	1.10167630304318
25777	9546	1.10148100833648
127262	7264	1.0993193108608
6136	6155	1.09719132509334
29952	513	1.09602647959262
6194	6206	1.09573487049807
140823	51398	1.09519931005643
1043	404672	1.09503046044208
3658	79088	1.09420427704218
1455	57580	1.09404860955249
3646	6222	1.09392564698835
6204	6633	1.0931842829793
6494	9744	1.0918484827915
5211	79095	1.09165426090295
292	51024	1.09144917635035
10963	9556	1.09139656606051
5036	9349	1.09086423032038
5204	6160	1.08992838135109
10963	200185	1.0894660642228
7040	9170	1.08856429457675
1455	23399	1.08737221481092
10938	8717	1.08696841741546
404672	4738	1.08652364803856
11322	5970	1.08591877643513
79095	92714	1.08589022458845
29952	8907	1.08573830061324
10273	11007	1.08489200659646
6234	79590	1.08374846122027
7167	7264	1.08358894533712
132949	6235	1.08262102765703
11184	2316	1.08211153608
51586	55658	1.08147643172182
11322	513	1.0808234152698
59307	738	1.08004898691097
4869	6159	1.07989542013291
8175	9546	1.07953998821668
396	83642	1.0788049123668
23523	8175	1.07861137334281
2821	83442	1.07722245586672
7040	9546	1.07718437549693
23568	29796	1.07712443278346
147138	6305	1.07698545256437
128077	738	1.0766453393024
22913	7249	1.07599752842289
22883	25920	1.07567003380154
8907	9546	1.07460829516872
374403	6650	1.07343932308013
26986	6170	1.07318017166088
50619	8175	1.07273992244563
6633	9246	1.07225119673545
51650	6158	1.0717742536456
26986	6129	1.0716784638904
22883	50619	1.071357710539
3646	6235	1.07097325271973
54539	84836	1.07082111237594
22883	84958	1.07055374507794
100131801	6169	1.07028664583443
22883	54480	1.069773062768
56180	79800	1.06965797958805
115992	6195	1.06928722614366
3421	9235	1.06879074282676
10921	8241	1.06786140052635
2585	6164	1.06756072325545
23039	9246	1.0674498872694
4221	89846	1.06696658409979
1043	10963	1.06563832031537
1785	9146	1.06524118020759
1059	79095	1.06495226957175
25851	64975	1.06474110204376
51291	8241	1.06452574925635
51154	9349	1.0643154563577
115992	489	1.06428795648596
5605	9138	1.0635255854842
11186	489	1.06320860419993
6217	9168	1.06311679715831
241	404672	1.06165916112799
59307	7040	1.06145335782339
51024	5920	1.06060829225822
3104	3385	1.06039076530969
127262	142678	1.06021131722598
1212	126308	1.06015327403374
168451	9098	1.06011379406683
3105	6129	1.06008447055565
4666	57730	1.06006459268674
4353	4680	1.05953910563981
10025	5970	1.05719184771638
1043	65080	1.05686280114513
6601	79144	1.05660441531177
5605	8175	1.05610934036414
200185	51024	1.05549438934288
51116	59307	1.05477195049835
10436	9551	1.05468640935381
126133	64975	1.05426308315701
5196	8436	1.05343820483974
51614	7311	1.05343695928061
56894	8175	1.0528302684184
1212	80212	1.05138304678143
2664	51545	1.04942097168838
10436	10476	1.0493798247282
3646	6210	1.04767651249551
1235	22927	1.04760392912311
1455	80212	1.04751694357146
10963	241	1.04731288845876
4650	9757	1.04707160394861
6152	9349	1.0468756348501
389289	6193	1.04628431358468
4695	9349	1.04626033865019
10726	6625	1.04536058217795
25796	9138	1.04440984809908
55337	80212	1.04352513207781
51023	5469	1.04009330588205
2987	9046	1.03926045719927
5685	9556	1.03894603919902
8087	9168	1.03866555331961
132949	6135	1.03845277797693
6497	6601	1.03669637526361
396	54480	1.03554173481618
142678	55337	1.03530697174168
10312	11184	1.03521049000011
27178	4504	1.03498199193485
489	79095	1.03394674637895
513	84958	1.03378157226757
2580	513	1.03198033739057
7593	80305	1.03093967053036
10963	57226	1.03013363690293
27258	951	1.0300682188125
256364	25777	1.02992440602889
1669	1991	1.02892647324722
567	7178	1.02876292199171
54540	7593	1.02872553079454
10521	6143	1.02856575049226
6047	8812	1.02841671152883
29952	83642	1.02817275000579
10726	25851	1.02781748815366
55738	58509	1.02780153738745
51614	6633	1.02584560763627
25796	83931	1.02564066266973
29952	91289	1.02457340532754
50619	9112	1.02413988493617
10476	3820	1.0236978390767
5036	915	1.02260729277693
54973	5970	1.02259607495063
8662	8971	1.02173419282385
396	59307	1.02164755492709
5788	6194	1.02107933776859
5469	6164	1.02082952043495
26999	9909	1.0199749147526
5725	79171	1.01846314173563
391	396	1.01783409009607
10075	6128	1.01673029778335
121053	51504	1.01660173966037
23523	9146	1.01608927753457
5036	6152	1.01550375891624
241	6142	1.01451094287077
5605	9046	1.0144210818328
5685	6193	1.01436360878345
23523	8971	1.01394353005221
396	57580	1.01335880401611
3428	51258	1.01317881379177
253980	55337	1.01314841863368
92714	9744	1.01311986354878
396	9138	1.0129866944854
11331	738	1.01281025982635
5204	5702	1.01251295849636
25777	92714	1.0123593408553
10963	51504	1.01173703872623
28957	51504	1.01163459146105
1455	64926	1.01000911978916
10581	59286	1.00962507766738
64005	7249	1.0087349694938
166	81857	1.00714500612645
23625	975	1.00642009627249
6223	9168	1.00626090557362
29801	50853	1.00552639101821
1043	9296	1.00510124141441
27258	51650	1.00398933125221
1212	55004	1.00315199306935
23162	54758	1.002885047907
50619	56731	1.00259462915386
4695	51398	1.00214966887933
25906	8673	1.00161770469961
10628	6188	1.00129441811494
6275	9296	1.001288382794
5790	81857	1.00070003634736
56894	79720	1.00019621541933
