2597	6175	2.93489446147104
6164	6208	2.9348925122662
60	6187	2.93489169582132
6175	6210	2.93489162785043
1915	6187	2.93489117380182
2597	6187	2.93489093775528
6175	6187	2.93489092695514
1915	60	2.93489081564178
6171	6187	2.93489053593781
6175	6204	2.93489047767116
4736	6164	2.93489000957466
2597	6210	2.93488982787886
10376	6175	2.93488960483913
1915	6133	2.93488942157533
4736	6208	2.93488851251336
10376	6171	2.93488841445529
6168	6187	2.93488751180164
10376	6204	2.93488739248359
2597	60	2.93488738107919
10075	6171	2.93488733382096
10376	6187	2.93488708133169
6194	6217	2.93488691897772
10376	60	2.93488664075434
1915	7178	2.93488636510644
10376	2597	2.93488629667204
10075	6187	2.93488548701411
6187	6210	2.93488517162211
6175	6208	2.93488512693407
6204	6208	2.93488438342706
567	7178	2.93488357052971
10376	84790	2.93488319678511
6168	6171	2.93488313867012
60	6171	2.93488247662387
1915	2597	2.93488112057875
6168	6210	2.93488109415096
6164	6194	2.93488094192216
6133	6210	2.93488071238139
10075	60	2.93488037036886
60	6168	2.93488035273136
6208	6210	2.9348801711384
6187	6222	2.93488014617916
71	7178	2.93488010842958
4736	6194	2.93487976172642
1915	6168	2.93487960059388
6208	7314	2.93487954720932
6147	6175	2.93487916577
1915	6176	2.93487914346143
2597	6204	2.93487879839934
1915	6222	2.93487812994818
6204	7314	2.9348779625125
10376	1915	2.93487789591814
60	6175	2.93487752696307
1915	6171	2.93487694086702
6164	7314	2.93487674704123
1915	6210	2.93487641630924
10075	1915	2.93487610834865
6204	6210	2.93487437758617
6147	6204	2.93487433388916
6155	6233	2.93487409517367
10075	6222	2.93487396328647
6176	7178	2.93487379269052
4736	7314	2.93487358855101
1915	6175	2.93487274503056
6133	6168	2.93487232815296
6194	6208	2.93487131655245
10376	6168	2.93487070311323
6176	6187	2.93487052689615
10376	6210	2.93487042420387
10075	6210	2.93487022306025
60	7178	2.93486954638328
60	6210	2.93486907280168
4736	6204	2.93486872102391
10376	6194	2.93486871762478
6133	6217	2.93486857307904
10376	6208	2.9348681652803
6168	6175	2.93486794572262
6168	6208	2.93486790310373
6175	6222	2.93486786367728
6171	6175	2.93486778569809
6164	6168	2.93486678723779
6175	6227	2.93486672428724
6194	7314	2.93486657440078
6164	6204	2.93486580529168
1915	6232	2.93486557737126
567	71	2.93486500088599
6176	6232	2.93486496311836
6188	6208	2.93486461351921
6133	6187	2.93486453252589
2597	6227	2.93486438745471
6171	6210	2.93486436220212
6168	7314	2.93486407036065
6133	6175	2.93486336064369
10075	2597	2.93486331200627
6194	6204	2.93486269800306
4736	6136	2.93486265031991
10075	6175	2.93486254086611
6210	6222	2.93486218988765
6206	6217	2.93486172903687
6164	6234	2.93486086820965
6152	6160	2.93486055047931
10075	6168	2.9348603583289
2597	6171	2.93486027056685
6133	6222	2.93486010435133
2597	6133	2.93485933096744
10376	7314	2.9348592626223
6133	6228	2.93485925639452
6133	6176	2.93485895580741
6176	6222	2.9348584707317
6217	7314	2.93485772595511
6133	7178	2.93485767040235
6171	6204	2.9348575176832
2597	6147	2.93485716011224
6152	6158	2.93485662567352
6171	6208	2.93485650599035
6160	6209	2.93485640767137
26986	4736	2.93485634524775
6147	6208	2.93485615372356
6210	7314	2.93485563139589
6168	7178	2.93485554357001
60	71	2.93485545126419
6167	6168	2.93485542702419
6129	6155	2.93485508786377
10376	6147	2.93485503080349
6175	6206	2.93485442618842
2597	6222	2.93485425762155
6175	7314	2.93485378183938
6175	6217	2.93485347110494
1915	6228	2.93485295455061
6168	6176	2.93485229156817
60	6133	2.93485185692121
6147	6187	2.93485183375518
6187	6232	2.93485162853901
60	6222	2.93485156322035
6222	7178	2.93485110763187
60	6176	2.93485085901498
6167	6171	2.93485057504879
10376	6229	2.93485049156115
10376	6188	2.93485030407491
6161	6209	2.93485009321239
1915	71	2.93484985664664
6187	6208	2.93484909098468
6164	6217	2.93484885010221
60	6204	2.93484854321704
2597	6176	2.9348479858802
6176	6210	2.93484787267182
1915	6217	2.9348477388134
6133	6208	2.93484757392969
6187	6204	2.93484643976601
6147	6210	2.93484617574603
6175	6176	2.93484610863595
6168	6204	2.93484580210398
6188	6204	2.93484532689844
6147	6171	2.93484461832651
3320	6129	2.93484441711851
10376	4736	2.93484403674093
10376	6164	2.93484365661788
6187	7178	2.93484326738541
6204	6206	2.93484315878067
4736	6188	2.93484313479856
1915	567	2.93484164589509
6171	7314	2.93484146806347
6175	6188	2.93484125825354
6171	84790	2.93484119492941
10075	10376	2.93484059224161
4736	6217	2.93483903997215
60	6232	2.93483883104455
6142	6152	2.93483880682245
2597	6168	2.93483860442056
5478	6147	2.93483756946385
6171	6228	2.93483710066818
2597	6208	2.93483613142687
6152	6193	2.93483507469856
60	84790	2.93483496248576
2597	6217	2.93483346911872
6167	6205	2.9348334539971
6164	6188	2.93483324842262
6210	6227	2.9348329603593
6142	6160	2.93483285521705
6136	6194	2.93483215270251
6229	84790	2.93483183138771
6210	6217	2.93483092775374
6176	6205	2.93483092721153
6168	6217	2.93483057048035
6208	6234	2.93482980852328
6168	6222	2.93482946805531
6133	7314	2.93482930918124
6171	7178	2.93482922447324
6133	6171	2.93482863367479
4736	6147	2.93482836606975
6136	6204	2.93482786436063
567	6129	2.93482664649325
10376	6217	2.93482647400725
6133	6194	2.93482638099311
10376	6133	2.93482583076803
6204	6217	2.93482448838567
60	6208	2.93482370428506
6175	6194	2.93482189381275
10075	6133	2.93482185213309
10075	6208	2.93482152701039
60	6147	2.93482149526772
2597	6160	2.93482149195877
6208	6217	2.93482137389659
60	7314	2.93481959812793
1915	6208	2.93481893606875
6142	6193	2.93481863149506
6222	6227	2.93481762349434
6147	7314	2.93481715572742
6160	6193	2.9348166324621
4736	6138	2.9348165167363
4736	6175	2.93481535712525
5478	6161	2.9348142039382
6164	6210	2.93481224444885
26986	6164	2.9348119997178
6222	6232	2.93481181670092
6206	7314	2.93481130893342
6164	6205	2.93481066358246
6206	6208	2.93481064573627
1915	6167	2.93481051948129
1915	7314	2.93481016036378
6206	6210	2.93481010168863
3320	6135	2.93480962834537
6129	6233	2.93480871387526
6187	84790	2.9348082226822
6187	6228	2.93480685915409
2597	6161	2.93480609068576
6204	84790	2.93480415270824
567	6176	2.93480412236876
6152	6175	2.93480371464489
6194	6206	2.93480273917871
6205	6217	2.93480215721548
6147	6188	2.93480203537514
60	6167	2.93480141421847
2597	6206	2.93480103068357
1915	6227	2.93480087878631
6188	6210	2.93480038044685
6232	7178	2.93480033401489
6168	6206	2.93480001381726
6171	6222	2.93479978055072
6164	6175	2.93479910743091
6234	7314	2.93479892009953
6176	6217	2.93479829093503
6152	6209	2.93479747427372
6187	7314	2.93479672528056
10075	7178	2.93479665465859
6164	6171	2.93479543251426
6168	6232	2.93479458344731
6194	84790	2.93479417719281
6136	6208	2.93479402674363
60	6217	2.93479380998787
6138	6208	2.93479379439329
4869	6209	2.93479325176517
6133	6164	2.9347928348548
6217	6234	2.93479097770075
6160	6161	2.93479051820077
6167	6176	2.93478991702347
6168	6205	2.93478950819291
5478	6175	2.93478925154003
3939	6204	2.93478918082015
6129	7178	2.93478883064122
2597	6229	2.93478793496884
6210	6228	2.93478772583294
6228	6229	2.9347860199934
2597	6232	2.93478596320613
6160	6175	2.93478533082416
6176	6228	2.93478491815815
6176	7314	2.93478480434413
10376	6228	2.93478327976877
10075	6232	2.93478292100284
6164	6167	2.93478275978011
1915	6205	2.93478209736198
6142	6204	2.93478191745611
6187	6217	2.93478175661131
10075	6167	2.93478087399893
6133	6206	2.93478045959385
6168	6228	2.93477998625479
6205	6208	2.93477758390036
6147	6161	2.93477697661973
6168	6194	2.93477647487831
6167	6208	2.93477645535239
10075	6147	2.93477638760332
10376	6206	2.9347756541698
10075	5478	2.93477463082455
10376	6222	2.93477373819938
6147	6168	2.93477337323182
6194	6210	2.93477298142408
2597	7314	2.9347729731849
6171	6176	2.93477256935968
6147	84790	2.934772515184
6147	6229	2.93477199322535
1915	6194	2.93477168483027
2597	6142	2.93477082561348
6129	71	2.93477006489515
6133	6227	2.93476637540009
6204	6229	2.93476488618449
3553	3576	2.93476437438484
4736	84790	2.93476381440799
4736	6210	2.93476323222642
3320	6155	2.93476272945408
60	6228	2.93476206481194
6138	6164	2.93476116749119
6187	6229	2.9347596564981
6167	6228	2.9347559595289
6210	84790	2.93475414342285
10075	6204	2.9347506795312
6176	6227	2.93475032659704
6187	6227	2.93475032103685
6167	6187	2.9347497801626
1915	6204	2.93474949784431
10376	6176	2.9347481023662
6171	6194	2.93474614242847
1915	6164	2.93474442288449
10075	6176	2.93474381656137
6142	6175	2.93474314113402
6133	6205	2.93474111375317
60	6194	2.93474017580213
6133	6234	2.93474016221457
6217	6228	2.93473912678981
26986	6208	2.93473809369208
2597	6152	2.93473747635026
6161	6175	2.93473724693179
6168	84790	2.93473684557204
2597	84790	2.93473642454163
6194	6234	2.93473469488795
6152	6217	2.93473444377012
10376	6167	2.93473414874029
60	6205	2.93473338557664
2597	5478	2.93473295610518
26986	6194	2.9347323431252
6205	6234	2.93473153721397
26986	6204	2.9347282018168
6175	6229	2.93472801822042
6193	6223	2.93472785825538
6210	6234	2.9347257662472
2597	6194	2.93472390961367
4736	6168	2.93472389236875
6229	7314	2.93472208045295
6160	6210	2.93472081762625
6161	6210	2.93471950178535
6187	71	2.93471915710834
6210	6229	2.93471894337766
6209	6223	2.93471859848087
6217	6227	2.93471826822561
6133	6167	2.9347164901318
6147	6194	2.93471618609252
5478	6209	2.93471508110068
6205	7314	2.93471500547048
6136	6164	2.93471458452317
6147	6164	2.93471430633575
6193	6209	2.93471418152486
7314	84790	2.93471404093061
6167	6210	2.93471266731362
6142	6210	2.93471216880925
6161	6204	2.93471166011781
6204	6234	2.93471130313104
6136	7314	2.93471058453158
6228	6232	2.93471039535277
3939	6201	2.93471033704098
10075	6188	2.93470984302561
6168	6188	2.93470935125355
10434	11335	2.93470928144562
6222	6228	2.9347078484054
6156	6201	2.9347078063768
6160	6204	2.93470747147576
26986	9045	2.93470710293364
6228	7314	2.93470513664389
567	6133	2.93470487417591
60	6164	2.93470470365411
6164	84790	2.93470425457275
6171	6229	2.93470300877198
10376	6227	2.93470234703825
6175	84790	2.93470156763554
6133	6188	2.93470123773153
6187	6206	2.93469774271895
6176	71	2.93469738732847
6187	6188	2.93469648146962
567	6170	2.93469571969745
4736	6171	2.93469570243283
6152	6210	2.93469450431173
26986	6136	2.93469365492007
6210	7178	2.93469342491221
1915	6229	2.93469155464298
6138	6194	2.93468932584428
5478	6210	2.93468915454751
6194	6229	2.93468795817956
6164	6206	2.93468544336249
6171	6232	2.93468537166881
5478	60	2.93468507264481
6194	6228	2.93468416043494
6167	7314	2.93468352094276
2597	6188	2.93468194410287
6188	6194	2.93468192005176
6217	6229	2.93468137351822
4736	6133	2.93467906997419
6160	6227	2.93467889784509
4869	6147	2.93467614167406
6156	6161	2.93467506755134
10075	6228	2.93467470509368
6147	6217	2.93467341611048
6208	84790	2.93467292588413
4736	6234	2.93467193292048
6168	71	2.93466881415796
2597	6228	2.93466633666567
1915	6206	2.93466561423937
6228	7178	2.93466252745364
5478	6187	2.93466249727141
6176	6204	2.93466128633811
6133	6229	2.93466007343366
6170	6233	2.9346600720262
6208	6222	2.93465846229145
10075	7314	2.93465786706316
6187	6194	2.9346568373202
6171	6188	2.93465502463629
6176	6208	2.93465220566148
1915	6234	2.93465206865447
3320	6164	2.93465188368568
6176	6206	2.93464902874615
6175	6234	2.93464848676693
6133	6204	2.93464766921235
6188	6229	2.93464556264451
6188	7314	2.93464464138401
6187	6205	2.93464275810035
1915	6147	2.93464258469324
5478	6188	2.93464087428569
6164	6187	2.93464007444714
1915	6188	2.93463926573525
60	6188	2.9346380641692
5478	6204	2.93463793815028
6210	6232	2.93463745342933
6188	84790	2.93463665123535
6228	6234	2.93463579501859
6155	6170	2.93463529000334
26986	7314	2.93463454114171
6160	6223	2.9346343524921
60	6227	2.93463405494686
6122	6136	2.93463374135212
1915	84790	2.93463135117799
6175	6205	2.9346301218628
6176	6234	2.93462999034473
6133	6232	2.93462968581477
4736	60	2.93462893589051
2597	6167	2.93462583328086
1915	6129	2.93462427112763
6171	6217	2.93461978015026
2597	4736	2.93461711574677
6167	6204	2.93461681124776
6155	7178	2.93461669373027
10376	7178	2.93461481983196
3939	4736	2.93461367986805
10376	5478	2.93461247308226
6135	6164	2.9346048100429
3939	6142	2.93460391783484
6161	6229	2.93460125700834
6188	6234	2.9346000891753
567	6155	2.93459957630707
7178	7314	2.93459910927402
6167	7178	2.93459856694227
6164	6228	2.93459760529535
6152	6227	2.93459575325442
5478	84790	2.93459342990416
6205	6206	2.9345932238158
567	60	2.93459276730711
3945	6201	2.93459218223009
60	6229	2.93459186194617
6136	6138	2.9345915252339
2597	6209	2.93458907917088
6142	6208	2.93458721774004
10075	6161	2.9345856100444
6136	6147	2.93458134685989
6135	6155	2.93458109806512
4736	6206	2.93457814100357
6175	7178	2.93457701797086
6152	6201	2.93456944337151
6192	8653	2.93456909132426
4736	6187	2.93456780789563
6167	6217	2.93456724530923
6156	6160	2.93456574496608
2597	6205	2.9345644634174
3939	6208	2.93455603778829
6168	6234	2.93455587661167
6175	6228	2.93455584906098
6152	6206	2.93455334956315
6167	6232	2.9345502183794
60	6234	2.93454723589741
6147	6206	2.93454596995319
6138	7314	2.93454440256632
5478	6171	2.93454022472045
6161	6171	2.93453878084403
6205	6210	2.93453848644502
6222	71	2.93453718154227
6138	6152	2.93453237507673
6204	6227	2.93453138001378
6136	6201	2.93453085370838
2597	6164	2.93453040579258
6208	6229	2.93452630660183
6158	6160	2.93452528070315
6160	6201	2.93452382859303
6164	9045	2.93452358910816
6217	7178	2.93452305356505
4736	6229	2.93452047469814
2597	6234	2.9345171431482
6208	6228	2.93451590018361
6205	7178	2.93451560588258
6152	6204	2.93451372947436
6167	6222	2.9345105492614
6167	6175	2.93450804412741
6171	6206	2.93449736443101
6138	6217	2.93449410672833
6167	6206	2.93449353873429
6156	6209	2.93449270236743
3320	7178	2.93449257644939
6136	9045	2.93449235560344
3945	6152	2.9344898507517
2597	7178	2.93448905029246
6175	6209	2.93448143130959
3939	6147	2.93448041722179
567	6222	2.93447566158093
4869	6136	2.93447553551657
3320	6234	2.93447456039326
6152	6208	2.93447429625086
6161	6187	2.93447313358583
10075	84790	2.93447161526037
6204	6228	2.9344711383439
6158	6193	2.93447041130004
3939	6175	2.934467248312
6133	6147	2.93446470890292
6168	6229	2.93446297870538
6194	6205	2.93445916622638
6161	6201	2.93445739896994
6136	6175	2.93445397473221
4869	6161	2.93445262671812
6171	71	2.93444832423918
6217	6222	2.93444684278984
6228	84790	2.93444615103257
567	6232	2.93444599340027
567	6128	2.93444390919451
10376	6234	2.93444132815871
6227	6228	2.9344399654108
1915	4736	2.93443886271137
6129	6205	2.93443739793873
3320	6205	2.9344371221198
6143	6201	2.93443403334503
60	6206	2.9344324447138
3320	6233	2.93442958280071
6133	6152	2.93442714806169
10075	6164	2.9344266940501
3939	7314	2.93442643612492
26986	6147	2.93442619165552
10376	71	2.93442384617961
6175	6232	2.93442307954013
10376	6136	2.93442200347649
6155	6217	2.93442117693527
6133	71	2.93441935402043
10376	6205	2.93441877480446
6188	6222	2.93441633103002
6209	6210	2.93441461374574
6142	6223	2.93441269496254
2597	3939	2.93441143471429
6204	6222	2.93440901295991
4736	6152	2.93440430318611
8653	9086	2.93439546562926
6129	6170	2.9343823660227
6138	6204	2.93438159009389
2197	51386	2.93438089724448
6208	6227	2.93437891330712
6201	6204	2.93437470094825
6167	6234	2.93437356433233
6222	6234	2.93437238076269
4869	6152	2.93436733379968
3945	4869	2.93436716314596
4869	6142	2.93436104959488
6232	71	2.93435936939353
6164	6229	2.93435889839502
4736	5478	2.93435155226722
3320	71	2.93434857964983
6133	6155	2.93434577598431
3320	6128	2.93432692122245
6167	6194	2.93432169979067
10075	6227	2.9343207827163
10376	26986	2.93431839067114
4869	6122	2.93431629749951
3939	6194	2.93431488435908
10376	3939	2.9343112302782
6208	7178	2.93430683863449
3178	6194	2.93430513135645
10376	6232	2.93430159575188
6204	6205	2.93430023682878
6158	6209	2.93429982622433
3320	6194	2.93429756536558
6208	9045	2.93429734759081
4869	5478	2.9342971465236
6152	6223	2.93429431740473
6142	7314	2.93429305359154
6128	6129	2.93428662631069
6135	6194	2.93428371248617
6138	6142	2.93428160574123
6222	7314	2.93428093877999
6129	6168	2.93426687644449
6161	6223	2.93426606745612
6171	6205	2.93426549993409
3939	6210	2.93426165915398
5478	6208	2.93425525729279
567	6187	2.93425166258786
4736	6142	2.93424850668665
1915	6128	2.93423705793853
6217	84790	2.93423522428948
6164	6176	2.93423463973858
6217	6232	2.93423007020958
6206	6229	2.93422971148156
6170	7178	2.93421780806072
6206	9045	2.93421304524521
6147	6209	2.93420908297941
6142	6147	2.93420612231062
6142	6227	2.93420560471139
6133	84790	2.93420301190646
6142	6206	2.93419460376579
3178	6136	2.93419440987233
5478	6133	2.93419167164579
6129	6133	2.93419157612072
4736	9045	2.93419054577333
10075	4736	2.93417874638862
6161	6227	2.93417865514266
4869	6160	2.93417608443135
6142	6164	2.93417447878016
6205	6228	2.93416736303085
6136	6206	2.93416557975603
10376	6161	2.93416311573262
6142	6209	2.9341555341754
1915	3320	2.93415520606305
6129	6135	2.93414885765697
6135	6233	2.93414716582944
5901	6194	2.93414701376805
10075	6234	2.93414648008718
6192	9086	2.93414319621002
10075	6217	2.93413783436699
2197	6136	2.93413615212089
6135	6205	2.93413612077246
6156	6223	2.93413277442613
3320	6208	2.93413064845105
6152	7314	2.93412834986902
3939	6136	2.93412066607415
6152	6161	2.93411503797133
4736	6205	2.93411433546107
6136	6188	2.93410693308524
6160	6217	2.93410633196782
6142	6234	2.93410615032556
10075	6229	2.93409178504725
4736	6167	2.93409002792515
6129	6176	2.9340891243361
6136	6217	2.93408870278232
6128	7178	2.93407537944622
4666	6156	2.93407290834252
6136	84790	2.93407120910056
6135	6206	2.93406524386808
6141	6210	2.93405839969144
3178	6164	2.93404896820132
6155	6194	2.93404529413526
6155	6206	2.93404383692864
3945	6160	2.9340427756238
6204	9045	2.9340389841831
6206	6227	2.93403200191229
4736	6201	2.93403117027588
51386	6138	2.93402786508154
6136	6142	2.93402740235613
6187	6234	2.93402718092861
6194	6227	2.93401543710787
6141	6152	2.93401497171303
4736	6227	2.93401253028952
6138	6206	2.9340108401018
6188	6206	2.93400934647597
3939	6160	2.93400872535081
3939	6206	2.93400716389646
6136	6210	2.93399994693779
4736	6228	2.93399603970507
6141	6160	2.93399425937327
6128	6133	2.93398513575501
3178	6138	2.93398382187352
6176	6194	2.93398299901795
3178	4736	2.93398084378466
6206	6234	2.93397629699921
3320	7314	2.93396911827459
6206	7178	2.93396126539612
6142	6217	2.93395935941241
567	6205	2.93395811518009
6188	6228	2.93394746739941
567	6228	2.93394371115888
2197	6204	2.93394325139863
6136	6229	2.93394180599319
6141	6175	2.93392391415526
26986	6168	2.93392125803981
6138	6175	2.93391820189524
6128	71	2.93390926653188
6194	7178	2.93389939438148
6164	7178	2.93389814018163
3945	6136	2.93389811801445
6147	6222	2.93389752447641
6135	6234	2.93388477250733
3939	6164	2.9338769232492
5478	6122	2.93387188548275
6193	7311	2.933861333223
6164	6222	2.93385290205912
6138	6205	2.93384505444008
6206	6222	2.93384032018629
26986	6138	2.93383882517091
3178	7314	2.93383769725169
6188	6217	2.93383662592678
5478	6229	2.93383015344183
6128	6155	2.93382562846115
6160	6206	2.93382258237782
6227	6232	2.93381661761234
4869	6201	2.93380906641421
3945	6209	2.93380706974144
10054	58527	2.93380076150117
6147	6201	2.93379659019152
6227	7314	2.933789743214
6204	6209	2.93378649731289
6205	71	2.93378404911504
6205	6222	2.93378222846851
10075	6209	2.9337761865255
567	6168	2.93377474737515
6141	6217	2.93377021454242
10376	5901	2.93376090700013
567	6233	2.93375125727803
6129	6217	2.93374896052412
6147	6152	2.93374729649307
6204	6232	2.93373629246619
26986	6188	2.93373528209772
10075	71	2.93373224596142
26986	6217	2.93373060391083
4869	6175	2.93372748465828
6138	6234	2.93372421690197
6175	6201	2.93371624547098
6141	6206	2.93370759742338
4869	6204	2.93370622008259
2597	6141	2.9337058759267
6138	6147	2.93370514388291
6205	6233	2.93370439009761
5478	6168	2.93370369311808
3178	6147	2.93370339175363
3320	6133	2.93369499036467
60	6161	2.93369214262479
6133	6161	2.93368594603147
1915	6155	2.9336856991295
7314	9045	2.93368230113146
3939	60	2.93367166219443
6228	71	2.93362275211615
10075	6194	2.93361094336034
6161	6208	2.93361082300971
6193	6235	2.93360976995691
6194	9045	2.93360057148812
6152	6168	2.93359461421968
10376	6160	2.93359438792511
498	6169	2.93357526478505
6201	7314	2.93357463434581
1915	5478	2.9335730048312
6155	6205	2.9335724614949
6161	6193	2.93357032945281
2197	6194	2.93356672866153
6234	7178	2.93356569904667
6138	6201	2.93354980504979
6171	6227	2.93353504434461
6147	6227	2.93352311983064
6135	6208	2.93352196975944
6152	6194	2.93351676976808
2197	6138	2.93349257476046
3320	6168	2.93348862521976
11335	55052	2.93348457160824
26986	84790	2.93348283467441
6168	6227	2.93347944760636
2197	6142	2.93347728656365
6152	6156	2.93346885041572
4869	6156	2.93346102667196
6204	7178	2.93346036801042
6152	6164	2.93344885788623
5478	7314	2.93344513929583
60	6129	2.9334371628927
10376	6142	2.9334062990199
6141	6167	2.93340506093409
5478	6201	2.93340164261394
6156	6193	2.93339713320887
6147	6160	2.93339665258614
5901	6129	2.93339225526414
10376	3178	2.93338022775967
6232	7314	2.93337570477377
567	6217	2.93336753856675
6158	6217	2.93336102975547
6160	6235	2.93335245413453
6135	6217	2.9333511113004
3945	4666	2.93335063109171
6209	6227	2.93334128303906
2197	4904	2.93332796732019
2597	4869	2.93331583258523
51386	6194	2.93331452927392
6227	6234	2.93331147336363
3178	6204	2.93330680441504
6155	6176	2.93330530397263
6206	6228	2.93330055911382
6158	6201	2.93329675616205
10075	6205	2.9332824164439
6138	6188	2.9332709636139
6129	6164	2.93326949128064
6160	6208	2.93326720108753
10075	6160	2.9332646165786
6176	6229	2.93325337220614
6161	7314	2.93324422639614
5478	6160	2.9332338732504
3939	3945	2.93323123876973
6171	6234	2.93322695710176
2197	3939	2.93321331646407
4666	6201	2.9332024902539
2197	4736	2.93320246596511
51386	6136	2.93319522103969
3320	6217	2.93317126531813
4736	4869	2.93316292178459
6141	6228	2.9331588554884
6194	6201	2.93315369809652
6229	6232	2.93314635531276
6234	84790	2.93314459219141
51386	6204	2.93314276369649
5478	6152	2.93311626480159
3320	6170	2.93311360250832
3320	567	2.93309460373204
5478	6222	2.93308764579147
6161	6217	2.93308419458424
3939	6152	2.93307036801809
2197	26986	2.93305266663412
6155	7314	2.93303430081612
6201	6206	2.93302768978705
6161	6222	2.93302262801748
6133	6160	2.93301482832445
6138	6210	2.93300941822954
6141	6222	2.93300434722568
6161	6232	2.9330009403241
5478	6227	2.93297774505422
4869	6210	2.93296158901784
6129	6167	2.9329581026368
6152	6187	2.93295341160113
5901	6206	2.93295063657256
6141	6168	2.93295015777593
6128	6170	2.93292950312269
6129	6194	2.93292882951737
6158	6227	2.93292659168509
3945	4904	2.93291093449064
2597	6136	2.93290694230296
6229	6234	2.93290394765412
6175	71	2.93290252176975
6141	6161	2.9328931504156
2597	6193	2.93287382172034
3178	6208	2.93285590893527
6133	6141	2.93285165757958
6161	6176	2.9328409883499
1915	6161	2.93283825140977
6152	6234	2.932835555464
4946	6193	2.93283200968217
567	6227	2.93283105785926
6161	6206	2.93281558225588
6152	6235	2.93280312398421
6147	6167	2.93279011152903
6188	6227	2.93278775256074
6142	6161	2.93276900911302
6205	6232	2.93276734121325
6141	6204	2.93276150266919
6227	7178	2.93275561251079
6129	6228	2.93274739122812
6152	6176	2.93274695373592
6193	6210	2.93273452009919
6161	6228	2.93273090925361
4736	6122	2.93269353804065
6135	9045	2.9326877979945
6133	6138	2.93268007150901
6167	84790	2.93266888512823
6158	6161	2.93264856856182
3939	5478	2.93264191602077
6147	6205	2.93261152369591
6155	6164	2.93260741517458
4666	6146	2.93260173240104
2197	6164	2.93259269850559
6136	6152	2.93259225150513
6147	9045	2.93256408366257
6201	6208	2.93253590971002
6135	6167	2.9325232771901
6201	6209	2.93252051278445
2597	71	2.93250927581347
26986	6171	2.93250875683526
26986	6175	2.93249385138579
6141	6208	2.93249254083355
4736	6161	2.93248978249061
3939	6188	2.93248583887104
6227	6229	2.93247538660442
6128	6228	2.93243729756352
6142	6205	2.93243157968238
4736	6176	2.93242858413692
6133	6170	2.93242514686507
6160	6222	2.93242459587149
6233	7178	2.93240210707149
6170	6205	2.93239567433117
3320	60	2.93239362854127
26986	6206	2.93238014328402
5901	6217	2.93237949762288
3320	6167	2.93236036154965
6222	6229	2.93235748017615
6167	71	2.93233443719674
6135	7314	2.93233244570777
6142	6168	2.93232053916579
6201	6229	2.9323120531979
6122	6201	2.93230853490983
2597	6201	2.93226278684588
6152	6188	2.93225918559057
6138	6160	2.93225423463546
3939	6138	2.93224824113563
3945	6156	2.9322352976095
10434	11177	2.93222824309685
5901	6175	2.93222261308953
4666	4869	2.93221594687529
6136	6161	2.93218873251871
3945	6142	2.93218694369449
6176	84790	2.93217353522839
6160	6188	2.9321609054564
6160	7311	2.93215794200946
6210	71	2.93213373263439
6191	6217	2.93213096233846
6147	6176	2.93211764807078
1915	6152	2.93211404930707
6141	6227	2.93210384927122
1915	6141	2.93210011258559
71	7314	2.9320874528282
6129	6206	2.93206696836729
10376	6152	2.93205578116709
6161	6188	2.93204508779672
6147	6234	2.93201816682993
26986	6229	2.93201666038203
3945	6223	2.93201579004969
6142	6194	2.93201243831441
6147	6228	2.93199538421384
51386	6206	2.93198614997542
4869	6208	2.93197528833027
10075	6206	2.9319540784137
10376	6129	2.93195229983645
6217	71	2.93194864718011
3178	6175	2.93193397592411
51386	6217	2.9319279937278
1915	5901	2.9319089599232
6187	6209	2.93189305943354
6194	6222	2.93188369900032
60	6142	2.93183920132897
6122	6146	2.93183238431399
6141	6142	2.93181752952749
3939	6217	2.93180982872872
6141	6187	2.93180261768358
3939	4869	2.93175987190426
6161	6168	2.93174233121977
3320	4736	2.93173422324623
6129	6187	2.9317336216552
6205	6227	2.93169957421116
4736	6222	2.9316933476775
6133	6135	2.93168822571137
5901	6135	2.93166590988051
6132	6193	2.93166004353604
6129	7314	2.93163036539865
6175	6193	2.93162672331693
6167	6188	2.93161392849723
6161	6167	2.93161283073685
6161	84790	2.93159494305512
6160	6194	2.93156659551357
6201	6217	2.93155892170052
567	6210	2.93155620784071
2197	7314	2.93154662699946
6170	6176	2.93152682737096
6133	6158	2.9315008189699
2597	567	2.93149704651851
3945	6122	2.93149531224335
60	6152	2.93149489608097
6167	6229	2.9314845260396
6138	6156	2.93146277989258
6155	6208	2.93145258408019
10075	6141	2.93142676980698
3939	6227	2.93142292864332
6136	6143	2.93141677539203
6152	6222	2.93140419416279
6129	6171	2.93135163480921
6136	6171	2.93132368567056
6164	6227	2.93130357710955
60	6141	2.9312962895671
3945	6204	2.93129127377903
10075	6152	2.93126889160829
3939	6161	2.93125976739887
2597	5901	2.93125950343622
6208	6209	2.9312542774554
11177	11335	2.93124351585313
6160	6234	2.93124317523407
6142	6158	2.93124098084171
6188	6209	2.93123142167065
5478	6194	2.93122657302623
3320	6228	2.93119839173112
2197	9045	2.9311945837152
6128	6135	2.9311914179876
11335	9646	2.93116850640859
3151	7314	2.93115950567138
6217	9045	2.93114127780666
3178	6188	2.93112740588812
26986	6167	2.9311246375285
6209	6229	2.9311196485621
3178	6206	2.93109847897677
5901	6205	2.9310956916342
26986	60	2.93108990306878
567	6171	2.93108590556773
6160	6187	2.93107777660878
4736	51386	2.93105905579718
6142	6187	2.93105573117784
5901	6155	2.93104682801721
4736	6160	2.93104388122591
26986	3939	2.93103730683115
6232	7316	2.93102742408307
6156	6158	2.93100896327606
6160	7314	2.93100595295452
6142	6167	2.93100463796719
51386	7314	2.93099386180059
6201	6210	2.93097857641215
6232	6234	2.93096796981408
2197	6206	2.93095550983021
4736	6135	2.93094339812013
60	6160	2.9309296666409
10376	567	2.930926397111
4869	6229	2.93092503332979
10376	3320	2.93092494553487
6155	71	2.93091304914902
4946	6152	2.93089596909442
3320	5901	2.93089544718065
4736	6209	2.93088677499074
6170	71	2.93087696619273
4666	6136	2.93087634644273
5901	6176	2.93080571110204
26986	3178	2.93076702555968
6141	6176	2.93073211058901
6136	6160	2.93068295681286
3320	6176	2.93068233592783
6129	6208	2.93065166989092
6142	6201	2.93061558853417
3945	6193	2.93060988617183
6128	6176	2.93058293444132
6152	6205	2.93056977842224
3939	51386	2.93046480672983
1915	6170	2.93046047480957
4869	6193	2.93043648794285
2197	6208	2.93042276479908
4869	6188	2.93039788161349
1915	6160	2.93038306988933
51386	6142	2.93038073529817
26986	6210	2.93036772827353
6138	6167	2.93035286676068
6141	6193	2.93033456143657
6143	6161	2.93027849313573
10376	6138	2.9302693365348
6141	6171	2.93019767406877
6128	6217	2.93018287204447
6201	6223	2.93015661498289
26986	6234	2.93013583971512
5901	6133	2.93011502750632
6208	71	2.9301097399257
5901	60	2.9301089031646
6136	6156	2.93010126737309
6222	84790	2.93009565580848
6141	6232	2.93004553301531
4904	6122	2.93001127581261
6193	6201	2.92999539604146
10054	11177	2.92996358821463
567	6175	2.92995042672401
6232	84790	2.92993284959334
6167	6227	2.92992142121242
4869	6158	2.92991909870828
6138	9045	2.92991474293255
6160	6229	2.92990203182316
2597	6138	2.92988774745836
6206	6232	2.92984352316969
6193	6217	2.92980186250482
6188	6201	2.92979464504931
6135	6138	2.92977680403439
6128	6233	2.92976753282077
6188	7178	2.92975589420887
3945	6175	2.92974638664592
6143	6156	2.92974177505838
10054	9646	2.92971160715088
3939	84790	2.92970975576776
6208	6232	2.92968451359225
5478	6217	2.92967555591256
6129	6222	2.92965116583102
6158	6210	2.92961775506479
6136	6234	2.92959763128165
6143	6147	2.92954246248681
10075	567	2.92953533882881
6206	84790	2.92950706022507
6193	6206	2.92946175209459
4666	6122	2.92945357276398
6147	6232	2.92941827668397
6160	6164	2.92937242332202
6132	6152	2.92936822914817
6155	6234	2.92927366000902
6209	6217	2.92923458395133
6210	6223	2.92922406007979
6158	6175	2.92921981902975
5901	6204	2.92921574218025
6155	6228	2.92918504805068
6135	6168	2.9291712011794
6161	6194	2.92911601896211
6152	6167	2.92907445029569
4736	6158	2.92907316933395
4946	6158	2.92900388168261
6205	6229	2.92898306291374
6128	6205	2.92895884804199
7178	84790	2.92895359133175
6132	6142	2.92892242145652
6138	6193	2.92890089199237
6168	9045	2.92887391448301
6142	6176	2.92883808504893
3151	6217	2.92879683454071
6133	6136	2.92876482214852
8287	9086	2.92872917907176
6133	6142	2.92871105063816
3939	6229	2.92870472164416
6136	6168	2.92870215137749
6193	6204	2.92870178038388
3151	6204	2.92867326031601
567	6167	2.92866442267139
3178	6171	2.9286455942175
6194	71	2.92863138415542
2197	6217	2.9286245221798
4869	6223	2.92862257030614
10376	9045	2.92859045376163
6155	6210	2.92855034994588
6147	6223	2.92854451675598
3939	6171	2.92851684645406
6176	6188	2.92845661465159
5478	6164	2.92840990839989
5901	7314	2.92840913525855
6201	6227	2.9284016864655
71	84790	2.92839649509603
5901	6187	2.92833317544059
3178	6217	2.92832916748322
26986	6135	2.92832365596018
6160	6176	2.92832273409913
3939	6156	2.92831832413855
6142	6156	2.92825178821081
6129	6210	2.92825090859679
10075	6142	2.92819125627354
6141	6194	2.92816579521513
6147	7178	2.92815673326625
6122	6147	2.92814324240819
10376	6209	2.92809197155815
6142	6188	2.92807384962512
6192	8287	2.92805542429546
51386	6160	2.92801563900797
6193	6227	2.92799020206153
3320	6206	2.92798119601882
6160	6167	2.92797455413723
6155	6168	2.92796877894959
6170	6228	2.92796571949143
4736	7178	2.9279604976318
6155	6167	2.92795891160093
51386	6201	2.92794819111247
6159	6223	2.92785483619691
4736	6143	2.92781787993561
1915	6142	2.92779417506876
6160	6168	2.92773294071573
6122	6209	2.92769103182402
2597	6158	2.92769070713129
3939	4904	2.92768831013853
6229	9045	2.92766019409201
6227	71	2.92760561210714
6227	6235	2.92758520263629
4666	6160	2.9275728550966
6138	6168	2.92757031373458
3939	6187	2.92752413201153
6160	6171	2.92751359003193
26986	6142	2.92746284101562
6141	6223	2.92743037426724
6155	6222	2.92739857465002
4904	6201	2.92734877673975
6142	6171	2.92734393714526
5901	6208	2.92733176995472
6164	6232	2.92732220877395
5478	6136	2.92726209442355
6122	84790	2.92725846369957
6175	6223	2.9272395561425
6227	84790	2.92721930203127
6133	6209	2.92713562661997
3151	60	2.92710757592724
2597	6223	2.92703652478122
4869	6138	2.92701018647528
6164	71	2.92699341134354
2597	7316	2.92694290423276
6187	7316	2.92692490696522
6175	9045	2.92690551571706
6122	6188	2.9268738267123
2197	6234	2.92685539913516
26986	6205	2.92685496403377
6204	6223	2.92676384006025
6158	6223	2.9266816204267
6152	6229	2.92666820463183
10376	3151	2.92664268681496
5901	71	2.9265519095868
6141	6164	2.92648516463711
6142	7311	2.92648367963073
3939	6168	2.92648212707357
10376	2197	2.92643975320469
3178	6229	2.92643788529993
6158	6235	2.92641433860795
3178	6143	2.92630189151819
6143	6229	2.92629104710629
6205	84790	2.92620857409063
5478	6232	2.92617070911923
10376	6201	2.92614542709106
6122	6204	2.9261166774652
6141	6158	2.92605971567133
51386	9045	2.92603662045505
6229	7178	2.92597740927719
3945	6206	2.92593969391554
6138	6158	2.92593941892535
6176	6233	2.92593459801001
6158	6234	2.92593012997853
4904	6136	2.92592919618867
6170	6217	2.92590542388546
6136	6187	2.92588370029963
6188	6205	2.92583156880354
6141	6235	2.9257956038465
3939	6133	2.92576344789007
2597	26986	2.92575732671542
6170	6222	2.92574353569805
5478	6176	2.92567481795706
6205	9045	2.9256407082157
6143	6188	2.92560793575076
6167	6170	2.92553906475351
6133	6201	2.92545659515
2597	3151	2.92535464008678
6143	6204	2.92533594716952
10054	51808	2.92529700469023
3320	6171	2.92527837237795
60	6128	2.92525541330879
6191	6227	2.92525191983368
4869	7314	2.92520556490696
60	6155	2.92518394429328
26986	6187	2.92518013099998
10434	9646	2.92517993385373
6141	6234	2.9251727465175
6234	9045	2.9251704294573
6161	6164	2.9250406094161
6135	6204	2.92504055962955
10054	23658	2.92502636139267
10480	11335	2.92496138219764
6209	6222	2.92484591439817
10434	51808	2.92480279230993
3939	6234	2.92473100291026
1915	6135	2.92462361948938
10376	6141	2.92457202071404
6161	7316	2.92454281142435
3658	9295	2.92454125254706
6136	6227	2.92448418407004
10054	8813	2.9244744495406
6223	6227	2.92445833303627
3178	6168	2.92437118091339
10329	23325	2.92432279592096
6175	6191	2.92424425250225
567	6194	2.92416147873658
60	6209	2.92414943287997
4946	6201	2.92414535650326
6217	6233	2.9241429558453
51386	6156	2.92414111886807
2597	6235	2.92411426065826
3151	6210	2.92392057455591
6128	6168	2.92387336370245
5692	6205	2.92386922919652
6155	6175	2.92382540560687
6133	6191	2.92379495351739
6156	6206	2.9237710406171
3151	6175	2.92372447832091
6141	6209	2.92364977863199
6156	6204	2.92362214872165
6129	6232	2.92356634406126
6142	9045	2.9235093216823
6141	6147	2.92342450966927
4666	6161	2.92337656158906
6158	6206	2.92332628837837
6188	9045	2.92329920605622
10054	9295	2.92325253715662
6167	9045	2.92323417210503
6209	6235	2.92317550231767
6152	6171	2.92313930793417
6136	6209	2.92301374606225
6191	6210	2.92299122531959
1629	5228	2.92298295216493
60	7316	2.92294197107834
2597	3945	2.92282118524368
4946	6142	2.92278094303084
130507	51030	2.92274650999032
6129	6175	2.92273839636037
6141	6156	2.92263031320905
3178	6210	2.92262614705141
6128	6234	2.92262143620205
6128	6194	2.92261584731163
6158	6208	2.92259490525557
11177	9646	2.92257991810456
6193	6208	2.92255491980945
3939	9045	2.92243883430586
6135	6228	2.92239922291004
3939	6223	2.92230025665543
51386	6164	2.92224808914804
4869	6164	2.92224558580399
3178	6133	2.92203925315007
4736	5901	2.9220273075355
3320	6187	2.92194422969309
567	7314	2.92193288066235
6143	6208	2.92192817009056
10376	6135	2.9218489990707
51386	6152	2.92171432949506
3945	6210	2.92163694629289
6122	6161	2.92160218717633
6209	7314	2.92146834933772
5901	6164	2.92137183814654
3939	6209	2.92135387659471
4946	6223	2.92119172288178
6210	9045	2.92112865369072
6122	6156	2.92103046306085
10376	6155	2.92102231655467
51386	6208	2.92087829663085
26986	51386	2.92083878507737
5478	6223	2.92071426719614
51015	9295	2.92070278743736
6168	6209	2.92070181182864
6164	6201	2.92069481530401
6138	6223	2.92068665813879
5901	7178	2.92067573086423
6191	6194	2.92061122097592
3178	6201	2.92058683946989
51386	6147	2.92057642214372
6152	6228	2.92057457142292
6160	6228	2.92056527692307
3939	6167	2.92054553507762
6147	6156	2.9205007665009
6206	6209	2.92048330781727
23190	29123	2.92040237727183
567	5901	2.92037502588643
3945	6161	2.9202430336798
10376	4869	2.92021688464861
5478	6228	2.92019754950477
3320	6222	2.92017953926482
6152	6232	2.92017627002044
6204	71	2.92014870409794
3320	6204	2.92014694444745
6171	6209	2.92007495449612
51386	6175	2.92000801068303
3178	84790	2.91991465012627
5901	6171	2.91983945596457
6155	6227	2.91973770032108
6141	7178	2.91967688974147
6143	6194	2.91962486616809
3151	3939	2.91959384769518
6128	6222	2.919358397753
1915	3178	2.91931096013065
3945	4736	2.91928809787463
6129	6234	2.91908433330711
1915	3939	2.91906832792581
3320	6210	2.91902116187524
6138	6171	2.91894578383801
6142	6222	2.9188176747666
3945	6147	2.91876204424244
3939	6122	2.91868620944284
6143	6175	2.91862191561061
6209	7316	2.91861454391576
5901	6168	2.91861076003581
5478	6206	2.91859264513267
5901	6233	2.91858396092918
11177	51808	2.91855778591805
56882	6157	2.91853438431328
3151	51386	2.91847617538136
6147	7316	2.91846784972261
567	6206	2.91809222877962
6194	6232	2.91800587448336
6160	6232	2.91793322373384
6191	6208	2.91789782439148
1915	6191	2.91785915611429
10054	10434	2.91763255567334
6156	6175	2.91741564959041
26986	6133	2.91738091840634
1915	26986	2.91700217348655
2197	6135	2.91696520154148
6175	7316	2.91689400904052
2197	3329	2.91678542600553
4736	6191	2.91673749583873
6138	6209	2.9166571438593
4946	6160	2.91663659198599
6135	6210	2.9165412632632
6191	6206	2.9165355480868
6191	7314	2.91640581603876
4869	6187	2.91637051406701
6141	6188	2.91618513216201
6135	6176	2.91614552207493
1915	6209	2.91607650770337
26986	3320	2.91605303835365
6133	6193	2.91603946874904
6167	6233	2.91591445268366
6155	6171	2.9156888374023
10075	26986	2.91568118327439
4869	84790	2.91562167080298
4946	6138	2.91560178914462
6142	6229	2.91540819821265
6191	6234	2.91540452741335
6156	6210	2.91539039872756
3320	6175	2.9152384924206
6188	6232	2.91512250208225
4666	6223	2.91506285426047
6234	71	2.91505159571241
6170	6232	2.91497967383426
6136	6228	2.9149782532124
2597	6129	2.91496304447673
5901	6227	2.91494153907302
10376	6143	2.91483351287096
4666	6209	2.91480678564497
26986	4869	2.91468229505081
1915	6138	2.91467596701937
6176	6191	2.91466562179099
2197	6160	2.91459372875969
6206	6233	2.91443381527737
5901	6210	2.91437485096566
5478	6142	2.91432403126279
2597	51386	2.9141862550871
6138	6229	2.91415115482975
3320	6188	2.91407376926486
3945	5478	2.91405266284678
6142	84790	2.91404853915066
6135	6142	2.91389231934067
567	6208	2.91375983296699
4869	9045	2.91370049918702
6141	7314	2.9136791836648
51015	51808	2.91366140207672
6193	6234	2.91363910477712
1915	7316	2.91357915453626
5478	6156	2.91351585742939
6132	7311	2.91339243643731
3939	6141	2.91325936981071
6191	6229	2.9132338927182
6122	6194	2.91317729554108
6158	6188	2.91302957082873
1915	3151	2.9129472816245
5478	7178	2.91270091336882
10054	11335	2.91267690523886
10434	5723	2.91264424103962
6133	6233	2.91264223397862
2197	6175	2.91263561146511
10376	51386	2.91257359741851
6158	6164	2.91256410095928
6232	6235	2.91229135719229
84790	9045	2.91218305767824
11177	9295	2.91213861463015
6168	6170	2.9120332548293
2597	6155	2.91202394306683
4736	6155	2.91199220681516
4869	6217	2.91198678341992
6171	9045	2.91198635032688
3945	6208	2.91192813141788
5478	6167	2.91182471273798
3178	9045	2.91179442582647
1915	6233	2.91159247038445
10376	6128	2.91155918019368
6176	6209	2.91144448674217
6135	6170	2.91138042226095
4736	6232	2.91134835767078
4904	51386	2.91134532851027
10075	6138	2.91122823522012
8284	9086	2.9112175275136
567	6234	2.91107982804274
3151	6194	2.91098855189729
60	6138	2.91096932308659
10075	3939	2.91096643785797
6138	6227	2.91079416967414
10434	10480	2.91062822574324
3939	6205	2.91040115465095
6136	6193	2.91016838978887
6142	6228	2.91014748194844
58527	8813	2.91013592898314
6136	6146	2.91009917037043
2597	6156	2.91009675949158
2197	6147	2.90998632636676
2597	9045	2.90983537176368
3151	6234	2.90973137044747
6158	6204	2.90964101651909
6193	7314	2.90961571654793
3945	4946	2.90961406043682
6155	6187	2.90960697061481
10434	84933	2.90957132369796
51808	9295	2.90952786810098
3178	6187	2.90940237561286
567	6164	2.90933161785067
2597	3178	2.90921274199453
11224	6159	2.90904705338403
6164	6233	2.90890457602404
26994	6884	2.90868850756303
6161	6235	2.9086250888004
4869	6194	2.90848645256895
6209	6232	2.90836837352714
5478	6143	2.9082746857659
6191	6228	2.90818501282577
26986	6152	2.90805128775803
130507	26973	2.90795203740135
6156	6208	2.90781973016401
6138	6161	2.90779129259702
6136	6223	2.9075696427862
60	6136	2.90755782615981
10075	7316	2.90750018627192
6122	6229	2.90725679218552
6155	6204	2.90722042052094
3939	4946	2.9071916802743
6191	6204	2.90688050011961
134510	26258	2.90682391185937
4736	71	2.90674819212069
5901	6167	2.90669405836744
2597	6191	2.90643872461993
4736	6193	2.90643198332186
6143	7314	2.90642964658976
6206	71	2.90615401396457
6128	7314	2.90596639859911
10075	4869	2.90583731707579
4869	4904	2.90583212898408
6233	71	2.90581658992193
2023	4946	2.90560595737282
3178	3939	2.90559644765395
3151	4736	2.90517994431016
3939	6143	2.90516626082258
10376	6191	2.90504679529557
4736	6156	2.90488611774794
5478	7316	2.90485758715537
6147	6193	2.90461861077435
6206	6223	2.90456443194306
1915	6136	2.90448610368237
6122	6208	2.90442148764269
6129	6204	2.90427077615748
4904	6204	2.90412880994715
130507	51015	2.90395379631102
4904	4946	2.90367288792095
2197	6205	2.90356307984673
6135	6175	2.90355877023041
100129792	5143	2.90347003208035
3939	6193	2.90345937355424
6167	6209	2.90342756384813
6152	7311	2.90340770757318
51386	6234	2.90314683486066
2023	6159	2.90298409572662
4736	4904	2.90281216589399
60	6170	2.90262280779726
51386	6210	2.90259607902787
6164	6209	2.90207270816244
6209	7311	2.90198860858686
5478	6158	2.90189171679729
4869	6227	2.90187575618837
5901	6228	2.90186365455865
6194	6233	2.90179956809105
26986	6201	2.90164107691652
6138	6187	2.90154024959725
6128	6167	2.90149570580917
6170	6234	2.90148331454872
6122	6223	2.90139085490544
4736	6141	2.90138029361906
2023	4904	2.90130708051384
2197	6201	2.9010486190933
6164	6170	2.90088598211477
26986	6228	2.90077620065379
11224	6156	2.90067670501951
6158	7314	2.90052798225945
2197	2597	2.90041861639639
6141	6205	2.90023079551353
3939	6135	2.90010695262163
6222	7316	2.89970070784656
23325	79832	2.89953476144358
6210	6235	2.89941732941027
6167	6193	2.899306256356
3939	6228	2.89885096356988
3945	6158	2.89883655503152
6159	6193	2.89867266803786
3945	6188	2.89853384800386
4869	6133	2.8984847061315
6136	6167	2.89843597523719
6161	6234	2.89834076570854
6158	6229	2.89831622382544
6146	6156	2.89816253944402
6209	84790	2.8981351724458
3939	6222	2.89808716965798
6128	6232	2.89803729657666
3151	6208	2.89783168085566
3658	51808	2.89765435731638
3178	6205	2.89763935831748
4904	6160	2.89710584355244
6138	84790	2.89678966303681
6138	6228	2.89671705155396
5723	9646	2.8963302312301
11335	5723	2.89629624469704
6133	9045	2.89605958627763
6158	6222	2.89572299382102
6208	6223	2.89563673784417
6187	9045	2.89539512367491
26986	6122	2.89539372061781
6122	6138	2.89517261963488
6132	6209	2.89489817676488
6233	6234	2.89472492474506
4736	6129	2.89457514050852
6128	6187	2.89446023730348
6147	71	2.89413011083286
4904	6142	2.89404937712929
6210	7316	2.89348769665443
3939	5901	2.89343645014805
6176	6235	2.89313713327118
60	6135	2.89309486362155
6209	6234	2.89294055222892
6135	7178	2.89260724956363
5478	6138	2.89244541829186
51386	6188	2.89233222042844
6176	7316	2.89214024276374
6160	84790	2.89208584735255
6158	6176	2.89194610432071
10075	6136	2.89183988198808
130507	26258	2.89177974514293
2597	3320	2.89145214098391
6160	6205	2.89125936825759
6147	6158	2.89119236808877
3151	6206	2.8911280644135
6161	7178	2.89112175707773
4869	6171	2.89095864572766
6229	71	2.89092362360349
5478	6234	2.89089782711937
6128	6210	2.89077385929266
6135	6136	2.89067184503633
6175	6235	2.89066488334543
3945	6227	2.89033435803711
6168	6191	2.89031789742939
6194	6209	2.89022522195248
3178	5901	2.89002126803448
6188	71	2.88988562776306
6152	6191	2.88963878942672
6222	6235	2.88940144514984
4869	6206	2.88924774284437
3178	6161	2.88874031450771
3178	4869	2.88863635699762
6156	6217	2.88817131107982
3939	6176	2.88803318185378
130507	51808	2.88790173092938
6187	6191	2.88783155329332
3151	6164	2.8869494783739
5901	84790	2.88686909919712
6138	6141	2.88665229631204
3945	7314	2.88630110231448
4869	6168	2.88614347495553
26258	2957	2.88601746023851
3178	6167	2.88561457909667
6201	9045	2.88502606621104
3151	6133	2.88492038941772
26986	5478	2.88475242898935
5930	93974	2.88421944269811
6128	6164	2.88404342552476
6152	9045	2.88399325849543
6142	6232	2.88367890349301
3178	51386	2.88365190437016
6158	6194	2.88314888698859
2197	6152	2.8831004299559
2597	6135	2.88290234910559
3329	9045	2.88246684690557
3151	6176	2.88213310128648
3178	5478	2.8813613773618
6129	6227	2.88135952364491
26258	51808	2.88120265945156
6122	6175	2.88107454695975
6135	6152	2.88104968090231
51030	51808	2.880987725748
6223	6235	2.88066721837302
4736	6223	2.88062413889601
4904	6156	2.88045754100937
6122	6152	2.880241302279
3945	6194	2.87977552495645
6135	6188	2.87945645979177
51386	6223	2.87944254354409
6141	6201	2.8792332235524
6156	6194	2.87919577723126
3151	6142	2.87888865744632
6141	6155	2.87831546892007
6164	6191	2.87717917991817
3329	3939	2.87704304287845
2197	84790	2.87686248580275
4666	6204	2.87635976456657
6188	6191	2.87627512315712
4869	6146	2.87601309699663
6176	6193	2.87562063399771
10376	6122	2.87533674784148
6171	6201	2.875262579893
4904	6138	2.87511119053308
3945	6138	2.8740798628278
6164	6193	2.8735807286167
6143	6206	2.87288602959858
60	6201	2.87287511111129
6133	6235	2.87275763905077
10054	51030	2.87252434928179
2597	6128	2.87248703886918
4904	6152	2.87211596894888
6170	6227	2.87187781838284
60	6191	2.87157946441225
51386	6193	2.87139786041663
4736	4946	2.87134106185284
5478	6193	2.87087690231187
3945	9045	2.87087436067156
10054	10480	2.87074433628718
6122	6160	2.87055051333023
5901	6138	2.87047979849054
6204	7316	2.8703485362925
6168	6233	2.87011545514727
6142	6235	2.87010079857515
3151	84790	2.86999314850701
51030	9646	2.86979147566013
10075	3320	2.86952016325521
3178	6152	2.86946646204768
6138	6176	2.86938296890504
6128	6175	2.86870495539733
6143	6171	2.86841208456726
5478	6141	2.86826721207683
2197	6167	2.86770887708823
567	6204	2.86703700303411
6152	84790	2.86684708629243
6191	6222	2.86680316243912
6141	6229	2.8664928807326
6122	6210	2.86640872979526
3178	60	2.8663773277026
6143	6164	2.86620384713999
2597	6143	2.86619276888718
55052	9646	2.86613813153575
6201	6234	2.86561879052428
6161	6205	2.86469284259725
1915	6158	2.86327462649182
3939	6155	2.86323665812761
10434	55052	2.8624627901641
6168	6193	2.86205745799331
6122	6164	2.86169237718142
4666	6193	2.86154164443259
3939	4666	2.8615190189472
3939	6158	2.86131120214881
6128	6227	2.86087164383054
60	9045	2.86076319016075
1453	79016	2.86054226476878
3329	6204	2.85956024638237
6146	6201	2.85951742552275
6223	7311	2.85920963937915
3151	6227	2.85794059766885
3015	3939	2.85747985416633
3658	51015	2.85743748555427
26986	3329	2.85736952380149
5901	6128	2.85733370188255
10075	6193	2.85605265485164
4493	4496	2.85579810002792
4869	60	2.85578101347448
10075	6129	2.85573117795018
6217	6223	2.85477547323763
6158	6228	2.85442177473982
6187	6201	2.85395902062727
6209	6228	2.85394637248681
6158	6168	2.85343416725934
2023	6142	2.85326201399702
4869	6234	2.85283949497785
6157	8629	2.85266163043408
3151	6187	2.85254488238749
4946	6156	2.85214806510324
6152	7178	2.85198298146862
26258	51030	2.85192142325012
6128	6171	2.85120762602417
6136	6158	2.85113333475845
3178	6142	2.85076024712675
3178	6160	2.85030476816432
6227	7316	2.85014473324748
5901	6222	2.85005284468391
6192	8284	2.84964941981979
6132	6160	2.84947333863363
3320	9045	2.84937829743669
26973	58527	2.84910486598131
4666	4904	2.84894831164963
10054	51163	2.84890738453266
6201	84790	2.84888788030548
3320	84790	2.84849663786923
6133	6156	2.84832283859351
6191	6232	2.84830389215162
5901	6136	2.84827708604316
6170	6210	2.84802061779727
10376	3945	2.84679248224952
2197	6188	2.8464994988282
11177	130507	2.84647035902915
6136	6205	2.84610263085861
4869	6143	2.84573892716061
3320	6138	2.84460052553297
6128	6206	2.84440848894759
6156	7314	2.84425341986419
6228	9045	2.84363400255549
6191	6201	2.84342359120481
3178	6122	2.84320285201772
2197	6229	2.84316544628465
2197	6193	2.84261774693909
6128	6208	2.84197296824366
6158	6205	2.84141562140004
6152	7316	2.84139242779679
6193	6222	2.84138831017717
567	6229	2.84096073004456
4904	6209	2.84083781164662
6170	6171	2.84048551332296
6138	6143	2.84045287249797
3320	9349	2.83980236301285
6168	7316	2.83974575060408
11335	283349	2.83971489645276
3945	51386	2.83938181144414
5478	71	2.83904900338272
10434	9295	2.83852297748822
3015	6155	2.83797036069856
6208	6233	2.8374682855365
86	9295	2.83711644353799
10075	6158	2.83646837823111
6217	7316	2.83627129507445
6128	6229	2.83625042547915
3151	6160	2.83549641752428
4666	6152	2.83544300720408
6156	6227	2.83518938413072
10075	6191	2.83475605688287
6135	6171	2.83469944818297
6176	9045	2.8344483537692
6143	6209	2.83285366960355
11177	55623	2.83277561221969
6156	6188	2.83139722693656
4946	6206	2.8313075368404
1915	9045	2.83062799283727
6170	6194	2.82993369663901
3895	51030	2.82980124080095
30000	6157	2.82902401121254
6136	6176	2.82877822472797
3329	6142	2.8284851435254
6122	7314	2.82839952706395
6147	6191	2.82821962118956
6171	7316	2.82685266800671
10434	26973	2.82683546398354
8813	9295	2.8256818182087
26986	6160	2.82517250343825
3151	6168	2.82458131018978
11177	26973	2.82383952868996
5143	5228	2.82375715652114
6143	6160	2.82306979061103
2197	3178	2.82292584959352
2197	6210	2.82228403642289
3320	6232	2.82135889912096
1147	54069	2.82125830687962
6129	84790	2.82118289903385
567	6135	2.82104549936338
6143	6217	2.82082147160353
6187	6193	2.82073421753133
79872	9646	2.82073237962666
10075	3178	2.82060874145178
6138	6155	2.81917597662498
6156	7311	2.81861584307614
6170	6208	2.81545712582804
10054	130507	2.81539575597127
8287	8653	2.81529119269779
10075	6201	2.81522308699595
130507	134510	2.8149989482812
3185	498	2.81483785252482
4666	6143	2.81463656338337
6201	6228	2.81413147753793
26986	6191	2.813805143879
6170	7314	2.81370407854439
26986	4904	2.8127019586799
3945	6132	2.81214924008229
6141	7316	2.81214494111738
11335	86	2.81170273502173
6193	6205	2.81147179957072
5901	6234	2.81095159572005
3945	6217	2.81075650729825
6158	6187	2.8106277703234
6193	6229	2.80886879915723
4946	6136	2.80829804108724
26994	3895	2.80812293368076
26973	9646	2.80808920981023
3945	6229	2.80800469167103
4666	6142	2.80788280615414
11177	51030	2.80736129991209
10054	26973	2.80719239293318
6156	6229	2.80689208303486
11177	51015	2.80679048303905
6132	6223	2.80570394618209
130507	9646	2.8045104520536
3945	6159	2.80407039061927
6168	6201	2.80350021009275
3178	6227	2.80333220813704
6122	6143	2.80285456965345
10376	6193	2.80280396728572
1915	6201	2.8025606724365
60	6233	2.80218237567871
6122	6142	2.8020354216362
3945	6146	2.80146622836901
4904	6193	2.80100888896168
51386	6135	2.79967409571444
5901	6229	2.79925222997695
4666	6159	2.79889935244767
6222	6233	2.79741513953535
6193	6232	2.7973492266526
26973	55623	2.79713741722352
6191	7178	2.7969314074172
10294	7336	2.79670431044606
6152	6155	2.79599049598315
3320	6227	2.79381630111756
3178	6228	2.79371335682808
3151	6222	2.79358996940876
10376	7316	2.79266278758535
10075	6170	2.7921080132464
6155	6232	2.79145835517795
51386	6161	2.78979764220924
51015	51030	2.78929270808217
6233	7314	2.78795661957592
6135	6227	2.78773711622013
2597	6122	2.78392272231089
4946	6208	2.78241841828043
5901	6147	2.7819903577795
10054	51015	2.78152329234317
6176	6201	2.77875729118321
6138	6191	2.77795347005611
3945	7311	2.77727745626267
6170	6187	2.77702139599042
4666	51386	2.77566357355982
51386	60	2.77393403362109
6133	7316	2.77376339196238
567	6141	2.77337479552525
6138	6222	2.77298534725098
6129	6229	2.77251980588187
6129	6191	2.77075760467482
1175	2821	2.7706810442656
6210	6233	2.77043147660113
6129	9045	2.76995345851667
60	6158	2.76966198265582
2197	54998	2.76732886064006
10075	6223	2.7671107457816
51386	6143	2.76663137157684
6167	7316	2.76637922460078
6193	6194	2.76610246069942
26986	3945	2.76455179054389
6235	7311	2.76387901329007
3151	6152	2.76369516187546
6158	6232	2.76292703514172
567	84790	2.76223664197456
11177	3658	2.762128519794
5228	79939	2.76086095286747
10075	6155	2.76016582729712
4666	6147	2.75961244496423
51386	6133	2.75897797211258
3151	6205	2.75877818702068
6133	6143	2.75795874248788
3178	6156	2.75781461419208
11335	26973	2.75763146294685
6136	6222	2.75749597227518
60	6193	2.75741050420851
2597	6170	2.7562674274814
4666	5478	2.75559365552822
51030	9295	2.75527735395872
11335	9295	2.75483373261216
4946	51386	2.75469304090853
51386	6209	2.75396985797908
6223	7314	2.75280210635361
6156	6164	2.75200578919008
6135	6229	2.75094042973415
51808	6884	2.75081781185524
5901	6188	2.74944931085293
6228	6233	2.74918724830772
283897	51030	2.74881786754963
54737	5930	2.74801081068853
10480	23658	2.74628092863906
3945	6133	2.74432914533559
6135	6187	2.7437264518917
135293	26973	2.74285834578613
2197	6156	2.74239588540129
23658	58527	2.7423240028683
3576	6279	2.74171691230417
10075	6128	2.740969580634
6279	6280	2.74094139406086
26986	6161	2.7405394705267
4946	6209	2.73992725132406
4946	6164	2.73986218114631
6217	6235	2.73960999328115
3151	6147	2.73912378834588
283897	9295	2.73879418413662
1915	4869	2.73845577696207
58527	9646	2.738339975885
51386	6227	2.73681460292291
6160	7316	2.7364282867637
6135	71	2.73511385064161
4946	6210	2.7343319995626
6143	6187	2.73317177836673
3329	51386	2.73171372937547
26986	6227	2.73030519256706
26986	6209	2.72951280332534
6135	6141	2.72930378029021
100129792	5228	2.72886279177365
3945	6164	2.72870098807826
6188	6223	2.72847324909155
6223	7316	2.72789716500358
2023	6193	2.72732431506192
6155	6191	2.72651673863271
6170	6206	2.7264068767048
26986	6176	2.72581570676487
2023	6223	2.72548217161211
6136	6141	2.72528948831357
6158	6167	2.72514520117966
4904	6223	2.72495698144566
10376	6170	2.72391446376529
11177	9768	2.72362918136224
5901	6152	2.72304608632609
3151	6138	2.72279193942479
4736	567	2.7226131193703
1915	6235	2.72169032405714
10376	6158	2.72081216234252
11335	55623	2.72043491688803
6160	7178	2.71985182654623
2023	6160	2.71972669807069
3939	7178	2.71935135297041
6206	6235	2.71846627160171
2597	7311	2.71804753580347
51386	6141	2.7166318401488
3329	6136	2.71574270085334
5692	6217	2.71393548243003
5692	6176	2.71291616218351
3151	6229	2.71238631566146
6122	6206	2.71236760480935
11335	84933	2.71207520724003
3151	7178	2.71098165600948
51386	6167	2.71062737436627
152100	51030	2.70971328010749
3151	6136	2.70874058492613
4946	6204	2.70853252378073
10434	23658	2.70713890831042
3320	6229	2.70552830449305
6143	6210	2.70509409537088
79832	9126	2.7043142351589
6129	6141	2.70309735753137
4869	6222	2.70105606235347
5478	6205	2.70093597820694
26973	51808	2.70087566196223
2197	4946	2.70067689044572
3151	6171	2.70028945836515
6129	6147	2.6993628950213
2197	3945	2.69912623993387
10054	8458	2.69814559615907
4946	6122	2.69810937934359
3178	4666	2.69761464130308
6129	6188	2.6973435242676
2197	4869	2.69724079515674
1915	6193	2.69722513438157
11224	6223	2.69648700442571
26994	51015	2.69635692093962
6187	6223	2.69495453983635
6171	6191	2.69410786628131
10434	130507	2.69394373261321
3015	5901	2.69229842080033
6191	6205	2.69186044702618
6160	6191	2.69154308635301
6132	6138	2.69124863427604
6156	6159	2.69121094375978
2197	60	2.69018235491604
2821	8815	2.6901663908617
3151	5901	2.69004511165806
130507	79872	2.68964608828039
6201	6222	2.68943117026888
567	5692	2.68838133953509
3151	6188	2.68819556805234
130507	9295	2.68770776558625
11177	7514	2.68740974550159
11224	6201	2.68699449170204
3178	6234	2.68560611247394
3329	6164	2.68392810871748
3015	6135	2.68266555954231
6122	6217	2.68225923392502
4946	6135	2.68082679561082
4904	6194	2.67682850418037
7178	7316	2.67612448716829
26986	6143	2.67535043069537
6129	9349	2.67498650491915
5901	9045	2.67370798819707
3178	6176	2.67087549237606
6155	6188	2.67077841009655
3015	6217	2.6657468273152
2197	6168	2.66324809676012
4869	51386	2.66191008053364
26986	6129	2.66138806028372
6187	6235	2.66126808056874
6155	6229	2.6595176819988
26986	7178	2.65815478757026
6161	9045	2.6581131309701
51386	6205	2.65754746894474
10075	3151	2.6571999107918
4904	9045	2.65681794271851
51015	6884	2.65611890249703
3151	6155	2.65595771248675
10054	5723	2.65400328589147
6128	6204	2.65247263892998
3658	51030	2.65141568455661
5692	6233	2.64853041768179
10075	6235	2.6472656844225
26986	5901	2.64505673954294
2023	6156	2.64379739404873
23658	26973	2.64324108762546
23658	8813	2.64223676477974
51386	6168	2.64214759128774
11335	9768	2.64201357921719
4904	6208	2.6409440630314
6188	6193	2.64031658895554
6141	6233	2.64000824169982
6141	6191	2.63913901927999
3151	6232	2.6385728857796
8284	8653	2.63341599235338
5901	6142	2.63322789230644
6175	6233	2.63243069977629
51386	84790	2.63139448261856
5228	9208	2.63034540020202
6188	7316	2.62977147997431
567	6188	2.62919695080571
6193	6228	2.62779686195757
4501	4502	2.62779518006365
51386	6171	2.62741948783541
2197	6171	2.62456953617613
6194	6223	2.62410709328821
10434	86	2.62298781187248
153443	26973	2.61867013054191
3945	6141	2.61583820111409
10075	6143	2.61560036159286
6135	84790	2.61506194262886
134510	6629	2.61461803962244
6156	6171	2.61376915336956
4946	6234	2.61265838051657
11224	3945	2.61104769335287
4946	6217	2.608171912511
3178	6135	2.60804408603209
10438	159090	2.60749835985489
51808	8458	2.60480519428092
11224	6209	2.6045413282239
3945	6187	2.60448867561421
4904	6188	2.604374456576
26986	3151	2.60335949571937
6155	9045	2.60259891982051
3015	6194	2.60248623354911
10376	6156	2.60126540025976
6191	6209	2.60031062372164
22908	26258	2.59915698384696
51386	6155	2.59893303045214
4946	6159	2.59836869714471
3151	6135	2.59798046162189
6205	6209	2.59670310179783
51015	8458	2.59660060355588
6205	9349	2.59597613810093
11177	26258	2.59528249442893
51808	55623	2.59440027207917
6135	6191	2.59420060082119
11335	51808	2.59200137851138
3945	6168	2.58962789250793
51030	6884	2.58910544602499
4869	6141	2.58892504806561
6167	6191	2.58743446617838
6157	93974	2.58597756945304
60	6223	2.58123726291772
4904	6206	2.57919498080262
6170	6175	2.57557776933174
10376	6223	2.5722430977101
3015	6206	2.5700802211112
6143	6227	2.56798706214515
2023	6201	2.56737955085758
6168	6223	2.56725734277785
6135	6222	2.56072016338755
6171	6193	2.55962752498371
3151	6167	2.55918909514682
4666	6138	2.55901670352284
6133	6223	2.55830839671626
3151	71	2.55390551796993
6122	9045	2.55371170451938
3185	4726	2.553203394626
26258	26973	2.55035651699232
6143	84790	2.54777503250377
26973	79811	2.54655667651622
3945	6143	2.54583117127687
152100	9646	2.5449834666304
4666	6175	2.54421888639307
6159	6209	2.54359674428696
6122	6193	2.54059579198318
10376	6233	2.53835626850169
2197	3151	2.53546083637062
51163	51808	2.53447429310771
3329	6138	2.53149669470593
134510	22908	2.52684582605592
3320	6147	2.52442679452295
6167	6201	2.52177932933119
2023	6132	2.51621206131275
6141	71	2.51524269291038
567	6191	2.51507148788768
3146	3329	2.51400293956236
3151	6228	2.51122650117007
1460	5499	2.51106984721213
6143	6152	2.51019605653122
6229	7316	2.50945142394495
6135	6160	2.50833886191801
10075	6156	2.50717063922004
4904	6147	2.50695935035864
6128	6191	2.50626271772
6156	9045	2.50616304884539
4869	6228	2.50583338736186
6206	7316	2.50567972182676
10434	51030	2.50343329245912
3329	6135	2.50340575652396
5723	58527	2.50189284121409
3320	3939	2.50186073272765
2197	6122	2.50019681417386
2023	3945	2.49930701188685
51163	9295	2.49736184068675
203068	3326	2.49736089750189
2597	6233	2.49646372255877
1915	51386	2.49628596230579
11177	55052	2.49417623823263
26258	9646	2.49104836005742
6164	6223	2.49101114443227
4673	55052	2.49043322939446
163	59286	2.49009865158095
2197	5901	2.48788050467257
6155	6160	2.48468015674996
26986	4946	2.4838373493143
2197	6209	2.48375957719874
10075	5901	2.48168748432775
3320	6136	2.47885607203324
5143	57486	2.47735269021925
4904	6159	2.47565082280048
6142	7178	2.47482740048607
134510	54069	2.47300282169855
6147	6155	2.46865793483435
26986	6222	2.46803756636243
6146	6209	2.46789513405281
10054	152100	2.46713402837854
4946	6188	2.46629250967595
2023	4666	2.46426303567033
3178	7178	2.46383094547795
3151	3320	2.45666011971766
51386	6229	2.45640172279813
567	6147	2.45584878952324
10480	11177	2.45336503523258
4904	6175	2.45289932337388
51386	6187	2.45287330597129
6122	6133	2.45139747432717
4869	7311	2.45075641334494
3185	6169	2.44984667367712
4946	6194	2.44749477027575
6158	6191	2.44066332464262
178	6049	2.44031138195954
2197	6143	2.43842766537541
6138	7178	2.43543104650064
6191	84790	2.43491453154114
6128	6188	2.43368308212675
6205	7316	2.4329466245642
6136	6191	2.43236957795091
6228	7316	2.43155420223118
3329	7314	2.42946905718955
134510	51808	2.42620465753879
3329	4904	2.42515625597344
3320	6191	2.42496051825155
11177	84933	2.42365861689324
6122	6158	2.42245237212635
4869	6176	2.42203857404131
204851	5228	2.42165288719014
3178	6129	2.42101797538261
3151	6128	2.41995199594458
10541	3329	2.41965055471358
10480	3148	2.41886337326205
10434	283349	2.41540913942617
6141	9045	2.41054961989042
4869	6132	2.40977029380284
10541	6135	2.40965683610382
6141	84790	2.40721035803361
2597	4904	2.40489511635611
4904	6164	2.40209135204447
6132	6204	2.39979164257099
4946	7314	2.39911527571925
6161	7311	2.39832781701798
6191	6193	2.39678275454941
10541	26986	2.39627935462968
3178	3945	2.39578995118139
5901	6201	2.39574892706535
6156	6167	2.39476966041826
6155	6201	2.39322682549178
6143	9045	2.39281542263588
6122	6171	2.39132365959834
10434	8458	2.39069910038651
11335	2957	2.38834200810871
6230	6233	2.38818781040763
2197	6161	2.38792614102061
4869	4946	2.38754880682441
6141	6170	2.38741785521071
4869	6167	2.38733169630831
3178	6222	2.38729344217746
4904	6146	2.38713497702693
4904	5478	2.38667513689139
6160	9045	2.38483238574823
3178	6209	2.38248945557642
6146	6204	2.38095208216664
6171	6233	2.3781925193945
3329	4736	2.37544954842161
6167	6223	2.37456431725787
60	6143	2.37366822706354
26994	51430	2.36859456017673
6223	6229	2.36682165361142
10434	2957	2.36431689160343
51386	6158	2.36427966634824
2023	3939	2.36241511719784
6159	6160	2.35860276652309
4904	7311	2.35276153187595
51386	7311	2.35267682643504
10054	3658	2.34967472933134
6193	9045	2.34766864089608
4946	6146	2.34496988915628
2197	3320	2.34478945887605
6227	6233	2.34318129437552
3329	6194	2.34170729038671
6204	7311	2.34120894019989
178	51163	2.34073971363107
4666	4736	2.33671184622283
54951	6049	2.33520899950663
6204	6233	2.33474008186385
3015	6233	2.3342971495662
178	2332	2.33416924471784
51079	6631	2.33397999380254
2023	6152	2.3320357273882
6157	6169	2.33030813939122
6142	6155	2.32543881131352
26994	6049	2.32460226194678
3151	5478	2.32339089712336
6142	6191	2.32116625155109
51015	51430	2.32012073358706
6146	6188	2.3175961163482
3106	5478	2.31474184726097
2197	7311	2.30973772398009
6146	6160	2.30568712689851
54998	6142	2.30343986543656
7314	7316	2.30197425664821
4666	7311	2.30196077841082
5901	6232	2.30054375072442
6187	6233	2.29971437645314
2197	6187	2.29867911535763
2023	4869	2.29285906275252
3939	6232	2.29246372414822
8629	93974	2.2920792299008
2197	6223	2.29130262656793
11224	4869	2.29026655345106
6156	6234	2.28683682062479
6142	6159	2.28584263460865
3178	6155	2.28390830239942
11335	23658	2.28273289472314
6191	9045	2.28097564571337
3329	6208	2.28091551241569
6146	6223	2.27661786734925
6132	6158	2.27249852645318
2023	2197	2.27185619953861
10054	178	2.26786682757139
6159	7311	2.26528873632479
2197	6227	2.26364745213947
11335	808	2.26339568245317
5692	6129	2.26314363052437
3015	6227	2.25976735637359
2023	6138	2.25957902166014
6191	71	2.25832256486706
5478	6191	2.25794870525312
26986	71	2.25755659574435
26973	5723	2.2557886137535
6222	6223	2.2553888324993
10054	6884	2.25501517191118
178	51015	2.25273321179055
3939	6129	2.2495466633101
4946	6133	2.24953627961431
6122	6168	2.24939981052679
51030	79872	2.24880215720953
10054	201595	2.24012771617331
26986	6155	2.23506422911619
4736	6170	2.23483235720496
6171	6223	2.22964096229082
3320	6142	2.22927444727653
3939	71	2.22614374957543
51386	5901	2.22423422056835
51163	8813	2.2234000176421
6233	9349	2.2195077739599
3658	6884	2.21912445991195
10480	9646	2.21553148294811
5143	79939	2.21405155418867
6143	6158	2.21190078200794
10480	387082	2.21157160793993
23658	51808	2.21122518555429
6158	6171	2.20107767331169
10434	3658	2.19668903825313
6168	6235	2.19302044535492
4736	6128	2.19161243234868
26986	6232	2.18848828005335
1915	6143	2.18701557224597
10434	26258	2.18628750798712
26986	6158	2.1830448132324
2023	6209	2.18297314350991
6156	6187	2.18133099996445
10434	55623	2.17563595971962
1629	204851	2.1750976845
283897	8813	2.17250517049826
5692	6128	2.17070395264476
6132	6156	2.17033282257641
390916	51808	2.16557191357468
26986	6193	2.16446245848255
6128	84790	2.16120404488811
6175	7311	2.16097867469317
6136	6155	2.158768927435
3015	6152	2.14626026229399
6146	6161	2.14383096197331
6201	6205	2.13137780576244
4946	6175	2.12924080646664
1915	6223	2.12859229019977
6135	6147	2.12252573019892
10659	55904	2.11860586052765
567	6152	2.11613139895694
6193	7316	2.11290016055086
170960	5228	2.1121437371589
6156	6235	2.11168535733247
1725	3385	2.10991983149925
6210	7311	2.10692527331471
23658	9646	2.10601453942711
6209	9045	2.10195240732499
5478	6146	2.10015645855752
10480	3658	2.09985523414638
11224	4666	2.09444231963032
23190	65008	2.08733720269921
6158	7311	2.08325744021352
6156	6228	2.08180067017659
51386	6122	2.08079591387431
3151	567	2.07815956899633
60	6235	2.07645762455547
178	3895	2.07415420261463
6884	9694	2.07342298839957
6228	6235	2.07161517545264
4736	6146	2.07108978837446
10480	86	2.06757537297956
6132	6206	2.06711733914535
3320	6141	2.06534341402657
6135	9349	2.06218873817578
4666	4946	2.05602469902095
2197	6133	2.05577255315865
51187	94081	2.05481437057906
5478	567	2.04949216643023
51386	6228	2.04796016394321
4736	7316	2.046827678387
4869	6205	2.03815911523908
2197	4666	2.03316376988335
6227	9045	2.02961527903316
3945	6234	2.02923045600185
2597	4666	2.02303584733626
11335	9208	2.02022470025776
3945	6222	2.01713763858281
58527	86	2.01366405443727
10376	4904	2.01286315000057
6143	6228	2.01167440162887
6135	6201	2.01118954882599
1977	58527	2.01017667888186
100129792	79939	2.00991006506407
3015	6129	2.00853594832999
1725	3421	2.00741803539184
10480	9295	2.00693626167036
6232	6233	2.00234259818326
51030	55623	2.00191347611867
3151	6129	1.9902288178033
4904	7314	1.98836054938186
4869	6159	1.98671229198382
1915	5692	1.98399853226974
6152	6159	1.98327106783139
5901	6160	1.98304501572363
51386	5478	1.98167229461478
6142	7316	1.97981620701738
3658	86	1.97926193769096
3151	6209	1.97918768239456
6208	7316	1.97645596680787
26986	3146	1.97532051615821
11224	6158	1.97469267525063
3945	84790	1.96934534753987
6158	9045	1.96919080719473
10434	8813	1.96809304749439
11224	6193	1.96366285780591
26986	6141	1.96355837333856
11335	26258	1.96314428954327
178	51808	1.96301306009946
5901	6191	1.9546641751963
51386	6176	1.94676812112748
5692	6170	1.94617019037741
6227	7311	1.94604844535545
10054	54534	1.94054776922297
10294	26973	1.93852561806787
10294	11177	1.93586869837481
6122	6187	1.93563037029264
3945	6171	1.93395901779768
6143	6222	1.93298549171356
10054	283897	1.9315542779911
6204	6235	1.92914849520775
60	6122	1.92472289074083
23325	9126	1.92365312607566
10329	79832	1.91870477671307
3320	6152	1.91715110812384
10054	135293	1.91072946245052
4666	6210	1.90928616065735
10480	55052	1.90791579163653
11177	8813	1.90201597540568
10075	9045	1.90040314466876
5478	6235	1.89392335111008
6235	7316	1.89236943276561
58527	9295	1.89202017385961
178	390916	1.89089723095551
6138	6146	1.88543861616084
567	6161	1.88417878387205
3945	60	1.88353748943554
134510	7337	1.87975376037988
6129	6138	1.87852633524437
10075	6122	1.87305177436412
6152	71	1.8707384270297
2197	6176	1.86919840163461
4946	6227	1.86507752696996
51808	5723	1.86229664776142
2597	3015	1.86117595493897
3015	6210	1.85976727055733
2597	6132	1.85905056261987
6223	6232	1.8558072262567
6170	6204	1.85514698162209
6138	6233	1.85501574286311
6122	6227	1.85474583897285
11177	51163	1.85206978486965
10075	6135	1.84870307472977
2197	6155	1.84808900301802
2597	4946	1.8431490165543
6884	86	1.84102263691195
4904	6217	1.83910698238691
2944	2946	1.83669266411753
3151	6201	1.83654420971714
10923	1655	1.83529634742441
4666	6208	1.83529421579881
6136	7178	1.83419335394041
5692	6227	1.83292100121877
11335	8813	1.82094888098688
3329	6234	1.81176435796415
292	4904	1.80955940358033
130507	3658	1.80937305365419
3320	6169	1.79688350647496
6155	6158	1.79609298114645
3151	9045	1.79431496874121
3015	6175	1.79409325915191
56882	6418	1.79115763120366
6222	9045	1.78953687672715
4904	6143	1.78918118458718
6158	7178	1.7883645733129
51386	6132	1.77852965511177
6884	9295	1.77582110966931
10075	3945	1.77484383495866
6223	6234	1.77288192594278
6176	6223	1.77165311025307
5901	6141	1.77074876240493
55052	9768	1.76789811495084
3178	6223	1.76569727444491
1915	2197	1.76523645886493
4666	6158	1.76453837733366
6156	6176	1.76172733985941
2197	6228	1.76054313824165
26994	79801	1.75917457442012
5143	9253	1.75832170405209
6155	84790	1.75665332677927
3178	3320	1.75519752482058
6201	6235	1.75037711910648
6158	7316	1.74526422003543
6143	6168	1.74132430659836
6161	6191	1.73810755944592
51808	9646	1.73460803021217
6159	6201	1.7290264412032
54737	7270	1.72742235290617
6143	6146	1.72354261793243
146956	6157	1.71354665731741
6135	6158	1.70969483458223
23476	3020	1.7057916195042
3939	6191	1.70419419063882
4666	6194	1.69951181382341
10434	9208	1.69787124356347
4666	6188	1.68532747791087
10075	51386	1.67952897566718
6049	6884	1.67437088141089
130507	55623	1.67034753553257
4666	6206	1.66949639900075
5901	6170	1.66846834146651
6156	6168	1.65890247826821
7178	9045	1.65875396176676
26973	283349	1.65830402440558
10054	79801	1.65548833772557
11335	58527	1.65413548754076
6193	84790	1.65299080671833
6132	6159	1.65071873070358
6234	6235	1.64934185178186
10285	3930	1.64339956636313
7316	84790	1.64027922109643
4946	9045	1.63883150983115
1915	3945	1.63432257330086
498	6157	1.63220087106378
4736	6233	1.63138744989929
5478	9045	1.63037883365574
6146	6208	1.62385743762145
6132	6175	1.62371319235247
100129792	1629	1.62284676191312
3945	6235	1.62041983689431
11177	283897	1.61784339068484
4869	6232	1.61536378795941
51633	79624	1.61369173234321
5692	5901	1.61335727262545
3151	6193	1.61174795006603
1938	26986	1.61166103244686
6135	6232	1.60711485040029
3015	3151	1.60148131112502
114908	51187	1.59278117958424
11335	51030	1.57861546014445
6135	6193	1.57495084554947
6201	7178	1.57319268204814
6209	7178	1.56690055317493
2023	7311	1.56114550421257
60	6156	1.56014942212516
5478	5901	1.55983822019204
10175	79624	1.55017591632644
135293	54534	1.54888573584494
51808	8813	1.54845576130691
567	6160	1.54833413848281
6201	6232	1.54826112280157
6217	7311	1.54799673172504
11335	7514	1.54655292490176
10054	26258	1.54201867113066
6206	7311	1.54166187500791
4904	6161	1.53572997484739
6132	6210	1.53012534143807
3838	7337	1.52402177735893
6157	9349	1.52389917057202
51441	93974	1.52162341002929
10480	84933	1.52042920350905
6156	6222	1.51861533779107
178	51633	1.51188504410442
6138	6232	1.50741333176339
51430	6884	1.50700690212944
11177	79801	1.5029282883146
6161	71	1.50265759084563
4904	6158	1.50255057735938
567	7316	1.50156865388742
4946	6141	1.49769986180614
5692	6155	1.49560047931211
6157	91369	1.49385973177303
10054	86	1.49103876751866
3151	4869	1.49099028080238
1915	6156	1.48539709473194
25998	51030	1.48324624451483
134510	26973	1.48156256960956
6132	6217	1.48136621825236
10054	9768	1.47899728467775
4869	7316	1.477672898416
3151	6161	1.47474233491638
11177	23658	1.47192476701659
10480	9768	1.46650343373754
4946	6132	1.46391199713408
26986	6223	1.4622066767189
51030	84933	1.45949726927021
3148	9646	1.45840499732316
11177	79872	1.45819077018541
51386	6191	1.45779832920809
29997	6159	1.45033347343751
6132	9045	1.44642343095966
51808	86	1.44316722773422
1387	178	1.439671958714
1147	81929	1.4390032060238
114908	94081	1.43733071043271
55623	9646	1.43715740467614
6223	84790	1.43573852505495
10294	1977	1.43356791872846
140823	51079	1.4331715787113
51030	51163	1.42945587949786
3895	79624	1.41942073269007
4666	6229	1.41669736116118
3945	6176	1.41530977277725
178	85313	1.41458424160736
3015	6142	1.4120513286144
23658	8458	1.4116791921603
85406	9040	1.4085497249791
22908	5611	1.40415398443212
4904	6210	1.39831863457114
6122	6234	1.39445502033922
10434	51015	1.38930305678724
6232	9045	1.38542742258181
6136	6232	1.38382865779229
11235	51015	1.37023242053443
6142	6146	1.37006495360435
4904	6234	1.36934639056631
4666	9045	1.3629440640674
10054	55052	1.3588153120184
56882	6169	1.35859268187122
10434	7514	1.35275357863435
6128	6152	1.35049716334193
3945	6167	1.34642122617503
6235	7178	1.34575639073169
292	4666	1.33982999915878
6146	6193	1.33798324704366
6143	6223	1.33664100825209
5723	8813	1.33634237060381
3178	6141	1.3359846433907
51629	8402	1.33547905562022
3320	51386	1.3323662429538
3939	6146	1.33187146845753
9295	9694	1.32917145046561
6143	6234	1.32616659011929
9295	9646	1.32591054768949
10376	3015	1.31943552745697
6194	7316	1.31934023063813
26994	9295	1.31911347455526
3015	3320	1.31805651592593
4666	7314	1.31087941210258
6132	6167	1.30935068110673
11331	54998	1.30855644355525
10480	8458	1.29545484451274
6136	7311	1.29407199266204
11177	283349	1.29297284387356
4946	6161	1.29233607387563
1629	9208	1.29097598462422
6132	6141	1.29095891916491
6129	6152	1.28000606713673
6146	6147	1.27950629903625
283349	55052	1.27751700151735
100129792	6651	1.27454427853492
3329	6206	1.27039859493083
135293	58527	1.2665010388256
6128	6141	1.26492186264055
26986	6128	1.26420714076816
6164	7316	1.25723669880118
11224	6160	1.25711875472656
51808	84933	1.25023725868323
10434	283897	1.24732890570083
6129	6142	1.24627188273914
26258	55623	1.24586489876935
6201	7311	1.24420583519591
5692	71	1.24362569068782
3939	567	1.24361779553987
6170	6229	1.24160685345237
10541	3146	1.23874877355663
51030	54505	1.23775812972897
2023	51386	1.23387977004454
6132	6208	1.2269648438474
4946	6147	1.22210621768732
10054	10294	1.21908354539461
26986	6156	1.2166119049498
10075	2197	1.21484045784732
3178	6191	1.21226392179253
6142	6143	1.21048112864364
11177	9694	1.20588049715701
6234	7316	1.20120821628653
170960	5143	1.20099381295823
23014	9709	1.19774707623461
3015	60	1.196248159529
10541	9045	1.1927173139083
1977	54534	1.19014395961792
11198	5434	1.18984313269546
23325	917	1.18014816373443
2197	5478	1.17618397476178
3658	84933	1.17290253238594
4946	5478	1.17153070208444
3015	6176	1.16901224551945
130507	23658	1.16710712095342
3329	3945	1.165505921018
60313	9213	1.15891795196809
54534	58527	1.1564370922519
4904	6132	1.15613916299626
6158	84790	1.15587036067103
3939	7311	1.15503106956794
10285	1070	1.15395287578841
11331	4904	1.15071480647874
6158	6170	1.14774875461011
55623	84933	1.14651330332766
6167	6235	1.14640990776363
6726	79801	1.14627759426995
11235	51430	1.14418694654317
2957	51808	1.13569886567351
3178	6158	1.13480370861029
11177	6884	1.13246858572779
5930	7337	1.12960811464979
5692	6135	1.12771571136034
4723	8815	1.1272825305887
11222	6635	1.12675618316418
51386	6222	1.12422706542611
3151	3945	1.12106455796424
146956	56882	1.1199261367948
10376	4666	1.1189076297388
26973	51444	1.11371308626036
3015	6208	1.10904523171179
3895	6884	1.10600750559897
4946	6191	1.10548231779969
59286	8682	1.09541302331481
178	26994	1.08890482195023
5692	6133	1.08751826204563
6132	6205	1.08371707657652
2197	6158	1.08124306103775
11224	6152	1.07970477669948
4904	84790	1.07910896790383
10480	51808	1.07382553604599
79939	9208	1.06866523311939
6132	6234	1.06545213201478
2821	4723	1.06326779203779
6152	6233	1.06155675406805
130507	2957	1.05995139166908
11335	114908	1.05718149200058
6205	6223	1.05096658633587
11331	3182	1.04676387550742
2023	6146	1.0403440890489
3015	6204	1.03306417295341
6141	6143	1.02990896791274
6155	6161	1.02778468460434
6156	84790	1.02572708976375
6142	6233	1.02539867504057
1387	51808	1.02357391173559
23658	6884	1.0184461112799
2197	6132	1.01134481775771
3015	567	1.00995917572647
84933	9208	1.00824965054298
4736	6132	1.00768418486635
6138	7311	1.00517965944465
3015	6133	1.00385576086944
