6187	6208	3.39250819564404
10075	7178	3.39238955712674
10075	6187	3.39232746114404
10075	1915	3.39180000285358
10075	6208	3.39160347180306
6187	7178	3.39137856992978
567	6208	3.39132851584317
6164	6210	3.39121945788501
1915	7178	3.3910985270508
6187	6210	3.39107851731622
567	7178	3.39102592818311
10075	6210	3.39101571186113
1915	567	3.39099022687008
6208	7178	3.39089293731989
6210	7178	3.39083656276077
6210	6232	3.39043770397193
567	7114	3.39041593877595
6187	6232	3.39033234626126
1915	6208	3.39024153180346
6192	8653	3.39019681378141
10075	6164	3.39013422815508
6205	6232	3.39012617042144
1915	6187	3.38992655810771
10075	6232	3.38989218158336
1915	6164	3.38988550042799
6187	6229	3.38978767510568
6232	7178	3.38977465757101
6171	6208	3.38973839193866
55437	6622	3.38967476785839
6171	7178	3.38966760273634
1915	6171	3.38963186111712
10075	6171	3.38962014351353
567	6187	3.3894567673332
567	6171	3.38943947836448
8287	8653	3.38941591248704
1915	6210	3.38934420591711
6222	7178	3.38918482045896
10075	6229	3.38917533481737
4736	6217	3.38907711784684
6164	7178	3.38902578272569
6164	6187	3.38898102483876
6156	6209	3.38890399585339
6205	6210	3.38887273000031
6208	6210	3.38878198863309
6205	6229	3.38848851930135
6187	6205	3.38848731082033
6229	6232	3.38845535154806
10561	10964	3.38842303078296
10075	567	3.38840200965364
4057	820	3.38804314359383
6161	6205	3.38801195115844
6208	6229	3.38789112272781
567	6164	3.38783510977603
10075	6222	3.38772407583062
1915	7114	3.38766546196365
6164	6229	3.38766058319755
6133	6160	3.38764337446329
6156	6217	3.38763422407613
1088	4057	3.38754726996153
6164	7114	3.38737659396884
6208	6232	3.38723242811716
6229	7178	3.3871612254289
6156	6161	3.38709055163961
567	6229	3.38705720430946
6164	6208	3.38688391880667
7114	7178	3.38688165458737
6156	6205	3.38684658158334
567	6210	3.38682557258736
6161	6232	3.38671277521064
6156	6160	3.38656490364314
6205	7178	3.38615924508654
6170	6229	3.38610653337792
6204	6228	3.38577395251208
6161	6222	3.38574122950528
6164	6232	3.38554089457253
6176	6205	3.38548981501779
6156	6233	3.38546164421576
6171	6187	3.38538666648574
6164	6194	3.38538440971786
6156	6204	3.38535595983182
6194	7178	3.38533614878731
6222	6232	3.38533088847044
6143	6204	3.38520826888787
6209	6217	3.38516900548582
6164	6205	3.38515494480497
6521	8991	3.38496982338731
6143	6217	3.38480436007125
6133	6205	3.38477941426443
10075	6205	3.38473459139552
6160	6205	3.38470399425036
6161	6176	3.38467783347376
1915	6229	3.38456376304488
6133	6156	3.38449508047269
6194	6222	3.38445199568078
6194	6205	3.38434467007803
3934	820	3.38432483846955
6161	6187	3.38423823201063
5577	81027	3.38411550772744
6229	7114	3.38401932518866
6156	6228	3.3840013790349
3045	6521	3.38390683479084
6192	8287	3.38388842039664
6133	6228	3.38383848898498
6143	6156	3.38383704328807
6161	6229	3.38375514652567
10075	6161	3.38371758969038
28959	55365	3.38371628134053
6205	6208	3.38362058444594
6194	6217	3.38360663044337
6210	7114	3.38360215909216
6170	6176	3.38352953232226
6142	6188	3.38351682035892
567	6232	3.3834569208522
6170	6205	3.38339173497387
6210	6229	3.38314579173988
6210	6222	3.38297790225129
25893	6622	3.38269316146246
6129	6233	3.38264921954342
10075	7114	3.38243069417471
6205	6222	3.38239923642394
6171	6210	3.38239113005584
4818	53637	3.38222919467167
6161	6209	3.38220183340161
6164	6222	3.38212584009943
6194	6232	3.38195727683818
1088	4680	3.38185518033614
6194	6210	3.38181466864407
6142	6194	3.38165049190038
51327	6521	3.3815059595452
55024	931	3.38131033758758
3434	3437	3.38125514648213
6142	6235	3.38116770069999
51094	665	3.38098885788266
6176	6232	3.38097852331261
6187	6222	3.38093831423313
3106	3107	3.3805092333798
10075	6194	3.38038822145916
1088	820	3.38034959255339
6208	7114	3.38034140018943
2038	212	3.38011236346009
6158	6205	3.37999828629112
6176	6187	3.3799586187553
23608	51218	3.37973112522156
4736	6143	3.37960057093097
6164	6171	3.37947906232379
6170	6232	3.37941348586016
6161	6217	3.37875159813596
6187	6194	3.37862342757709
10561	91543	3.37824719841395
60	7178	3.3780099285315
6622	759	3.37790927763526
6188	6194	3.37779917061887
6161	6194	3.37776205398195
6205	6209	3.37767664932799
10075	6176	3.37764741196682
6622	665	3.37734528110512
100129792	5143	3.37732307403834
25793	51218	3.37701410358451
6799	6817	3.37667694607721
6171	7114	3.37651797298095
6171	6232	3.37633539008769
6164	6170	3.37623388536547
6187	7114	3.37610277402072
6156	6232	3.37604549030008
6161	6210	3.37592750938837
25893	55437	3.37579631607166
567	60	3.37568069919002
1915	6232	3.37557103961507
220972	23608	3.37545432255501
3434	91543	3.37540336666745
6156	6222	3.37537121239426
6188	6217	3.37535498115386
6217	6228	3.37527666693801
3042	6521	3.37519914827133
6160	6161	3.37518755072236
6160	6228	3.37506843627028
220972	54855	3.37490808248188
6204	6217	3.37488475000823
6176	6229	3.37476650749208
6133	6232	3.37471553133954
6232	7114	3.37444396434797
6171	6222	3.37436408598561
51327	759	3.37419269015185
6169	6204	3.37380499522038
220972	7145	3.373677306884
6205	6217	3.37366036286109
6129	6228	3.3735455226439
6133	6233	3.37321879566734
6142	6222	3.37320027811116
1088	3934	3.37294627207723
1915	60	3.37289859978725
23608	25793	3.37287121923972
6161	7178	3.37278390725108
6176	6222	3.37253132053901
1915	6222	3.37229275897684
23608	4354	3.37189555553839
6158	6232	3.37186347760468
10075	6170	3.3718140564815
6133	6158	3.37161962266646
6521	759	3.37127041826991
8284	9086	3.37117743784614
51094	6622	3.37115639889002
6205	6228	3.3707389898227
6171	6229	3.37071915741833
4736	6129	3.37046684902848
6160	6232	3.37045745388648
220972	51218	3.37010801911003
4818	8530	3.37002302301991
10006	8763	3.37000211110267
6143	6206	3.36969756871399
6133	6217	3.36963792063547
6222	6229	3.36959198409393
6194	6229	3.36952039499151
6160	6176	3.36944444207262
212	6521	3.36940568312008
6204	6209	3.36935749993775
3437	91543	3.36856823922376
6176	6208	3.3684632976875
6161	6164	3.36835165265328
6205	6233	3.36828633424643
6161	6168	3.3681237883783
3934	4057	3.36798748279305
6164	6176	3.36783724127104
4736	6228	3.36760138755426
4736	6156	3.36738186103606
6160	6170	3.36719152996205
4736	6194	3.3671894124069
6170	6233	3.36684766559497
6128	6201	3.36680703746683
6129	6217	3.36675969125972
220972	25793	3.36583037045874
6232	6233	3.36580505630234
1629	8621	3.36555140036612
2235	25853	3.36554811624037
2197	6143	3.36548545804886
6142	6168	3.36537643111719
6158	6229	3.36536456295984
6156	6194	3.3652537480773
4736	6233	3.36500915017113
6201	6217	3.36493389489065
6158	6170	3.36470927048723
4736	6204	3.36469536380284
25853	6622	3.36460737810683
6176	6210	3.36445274662201
6129	6204	3.36433074085135
3045	8991	3.36399811815054
6161	6170	3.36384336777873
6228	6233	3.36383367890909
6217	6222	3.36367321351186
6208	6222	3.36354178128031
55437	759	3.36323503507478
4688	55819	3.36286204251835
212	55437	3.36267029101953
6133	6209	3.36241446839669
2633	6772	3.36226920798417
3105	7114	3.36202501146007
6170	6222	3.36183730429453
6156	6176	3.36183422673527
220972	51312	3.36179847244744
60	6208	3.36163597864437
6129	6170	3.36144446968156
212	759	3.36140812628188
6204	6233	3.36125805344843
1915	6194	3.36118438685772
567	6205	3.36093475746121
2197	7311	3.36080523136281
3045	51327	3.36059982112442
84824	973	3.36057915712098
6167	6204	3.36046491370536
4736	6209	3.36043777671862
10075	60	3.36023469728295
51312	55437	3.35993488828318
669	759	3.35988492878871
6171	6205	3.35957911660449
6129	6232	3.35892338491501
6158	6161	3.3584016315678
6194	6209	3.35756835002337
10561	3434	3.3575145973124
51327	6622	3.35716450074832
6160	6204	3.35695720196112
60	6187	3.35676151770063
6205	7114	3.35623683536516
6170	6228	3.35618846891639
51191	9636	3.35618125062989
6209	6228	3.35599735448492
6170	6208	3.35595270713214
3105	6164	3.35548758937061
306	383	3.35548168126241
25793	51629	3.35546986960692
6141	6175	3.35529486520665
6160	6210	3.35509273528816
6170	7178	3.35502519760784
6129	6205	3.354651096421
10561	3437	3.35427205739156
6143	6228	3.35423127067148
6170	6187	3.35415569131689
1915	6205	3.35400655123048
6129	6156	3.35371018994315
129607	3437	3.35317845221604
6133	6161	3.35304803917145
6194	6208	3.3530290446281
6205	6227	3.35294872162033
6147	6210	3.35282987179352
6143	6209	3.3525837782144
5577	8436	3.35255093425924
6170	7114	3.35254351715963
6209	6233	3.35188904707794
84281	8436	3.35169951868683
6142	6217	3.35166771090328
2197	6152	3.35156151802905
6222	7114	3.35148176952758
6176	6217	3.35112615484098
4939	91543	3.35108728286496
6156	6168	3.35093029989965
23608	51312	3.35038354214997
220972	51327	3.35022309514004
6170	6210	3.3501987670616
6143	6169	3.35015460766046
6156	6170	3.35009257414596
6160	6187	3.34909545481983
6176	6209	3.34892464733613
6161	6208	3.3487185800579
60	7114	3.34812739779306
4736	6161	3.34798577510488
6209	6222	3.34786039209173
6158	6187	3.34782982604659
1915	3105	3.34775650507799
3434	4599	3.34762972586874
23608	55432	3.34728132528008
53637	8530	3.34715847984901
25893	51094	3.34690812214367
1669	4680	3.34664718758706
4736	6133	3.34651423270332
6161	6204	3.34622193262974
25793	51312	3.34553064449635
6194	6227	3.34547175877297
6158	6160	3.34505038104857
10964	91543	3.34491276030441
6161	6227	3.3448711890069
6143	6233	3.34431078279963
1088	306	3.34385730159799
55233	55320	3.34384777108208
6176	7178	3.34378496131366
6217	6233	3.34377557960258
6161	6233	3.34358884591849
2235	51218	3.34354323201094
3045	759	3.34350096655561
6133	6170	3.34342717791784
6160	6209	3.34330213210412
129607	3434	3.34329484537861
6129	6133	3.34326416726605
1088	1669	3.34247939016784
6152	6217	3.3424582885357
55437	6521	3.3422465657532
3042	51327	3.34213320087313
2766	7145	3.34191989770179
4501	4502	3.34163802041835
60	6210	3.34149218483138
81027	8436	3.34146926229994
51327	7145	3.34129670031307
51094	55437	3.34098732375183
6168	6235	3.34082630656041
55432	8780	3.34052898517827
6217	6232	3.34021920019289
6622	8780	3.33964433248886
6133	6204	3.33961425696293
6158	6210	3.33947678532521
6160	6233	3.33946039388252
6227	6232	3.33904387341342
6141	6223	3.33838613141192
6156	6210	3.33798192065905
6176	6194	3.33788088859058
6233	6234	3.33782899730904
60	6164	3.33770165247992
6168	6194	3.33754491188853
55437	8991	3.33750167316575
6158	6176	3.33727882204651
6209	6232	3.33646378975936
6156	6206	3.33631032302817
212	51327	3.33630020813374
6229	6233	3.33606765369507
2017	2791	3.33533789997527
51327	55437	3.33519175347902
6142	7178	3.33497707751899
1915	6170	3.3341026213711
129607	91543	3.33389479139131
10964	3434	3.3337770103078
6168	6205	3.33368532665486
2309	9921	3.3336526529118
4736	6152	3.33363972948977
6170	6194	3.3326593948518
60	6171	3.33257199706149
6194	6201	3.33255762444278
23608	54855	3.33230740472964
6170	6171	3.33217305087512
6206	6217	3.33208274776534
51327	54855	3.33203381795953
4736	6227	3.33087639069145
100129792	1629	3.33087522067664
55437	665	3.33060661271441
6160	6229	3.330216196127
6133	6176	3.32951738947365
51218	51629	3.32933685014087
11123	51176	3.32924164278633
83666	94240	3.328957646725
4736	6222	3.32859909632851
3512	608	3.32832566944202
6171	6176	3.3277823656515
6171	6194	3.32762958668717
6156	6235	3.3271192573667
6156	6158	3.32677389190863
6152	6204	3.32673666432054
6204	6205	3.32655244203665
6217	6227	3.32626171291483
6147	7178	3.32612861437827
6168	6222	3.3261239917543
3105	6210	3.32560473571891
4076	5716	3.32553670154919
2235	6622	3.32522259426282
6156	6227	3.32515799423681
6158	6233	3.32506200695856
567	6170	3.32461175192659
759	8991	3.3245201237958
567	6222	3.3238606181781
2091	8409	3.32373731908182
6147	6232	3.32368712575566
129293	3983	3.32306566655444
3042	3045	3.32261738562508
6622	7145	3.32232799386259
6158	6209	3.32215124447994
6133	6194	3.32081012103907
6142	6210	3.32055471932048
6147	6168	3.32040145353477
6160	6217	3.32036743524487
2197	6204	3.32020728588647
4736	6205	3.3198004172941
55432	665	3.31963249300816
6129	6167	3.31915272959663
1915	6176	3.31906683149661
3105	567	3.3185654053323
6147	6187	3.31769205994874
6194	6233	3.31726707210499
7292	81027	3.3172115958862
6129	6227	3.31695085974079
6142	6147	3.31694094211349
2791	340205	3.31693857511383
6168	6217	3.3164872498741
6228	6232	3.3161531715716
6158	6222	3.31609632117132
306	4317	3.31595830273956
6152	6169	3.3154935572155
6129	6152	3.31536634605646
3105	6187	3.31520031967323
4736	6188	3.31508301230257
4736	6201	3.31489242072228
6158	6208	3.31465140496683
116151	23608	3.31448823051791
6158	6217	3.31443824987414
6204	6206	3.31323548633728
60	6222	3.31319444914662
6521	6622	3.31304055482225
6209	6227	3.31271434632356
6227	6229	3.31249871632635
23608	665	3.31249264375938
6217	6235	3.31234240709728
6170	6209	3.31196438906318
212	3042	3.31156913877069
10075	6158	3.31102465408074
6188	6201	3.31095376792075
2197	6217	3.31090751855942
2235	669	3.31078079860083
10075	3105	3.31001301268145
340205	3690	3.30975276516926
6170	6204	3.30941048693886
25853	55437	3.30917734592082
6168	6204	3.30880092144953
6227	6233	3.3075777529782
2197	4736	3.30732336129354
6133	6227	3.30680140886141
6129	6176	3.3066484657299
51312	6521	3.30648223797685
6142	6156	3.30583696867371
6133	6210	3.30569510517761
25853	669	3.30456954661804
2039	7145	3.30437180099227
10075	6160	3.30430979449481
4818	9289	3.3039784625883
6158	6194	3.30294716044291
6142	6205	3.30284700512848
3042	8991	3.3024374819952
6135	6233	3.30156640569078
7145	759	3.30147564134877
219972	4688	3.30146480963
220972	759	3.30133478502709
25793	55437	3.3012567429322
6622	669	3.30107198360053
7404	8287	3.30106322586299
4818	5551	3.30083877410329
6158	7178	3.30083109775131
6129	6206	3.30081614245732
25893	7145	3.29956564434639
3105	3106	3.29888529696254
54855	7145	3.29836298130784
6156	7178	3.29812968655173
23608	9921	3.2976144053966
6133	6229	3.2976043805848
25853	665	3.29685088861955
51218	54855	3.29681947650783
6133	6234	3.29656988936631
6133	6187	3.29610670038574
6135	6160	3.2951228880584
6209	6234	3.29505288109867
6156	6229	3.29465591579254
53637	9289	3.2944000676626
6168	6232	3.29429694548102
567	6194	3.2941187534532
6194	6228	3.29401167288694
6222	6233	3.29390790402889
6188	6235	3.29390059117862
6206	6233	3.29316374647586
6156	6234	3.29192346127878
2309	51218	3.29167853350993
6129	6229	3.2913553499965
4736	6235	3.29102659553588
6222	6227	3.29077380570882
220972	2766	3.29039350308459
2999	7049	3.29011218989343
6158	6164	3.28917495458727
51312	51327	3.28886069655451
665	8780	3.28816171933494
6129	6143	3.28742606869191
220972	2235	3.28732081750295
3433	91543	3.28675620344553
60	6229	3.28622193139703
153222	7572	3.28605899379302
25893	51312	3.28596658320886
220972	6521	3.28591774189642
6129	6209	3.28579929693648
6143	6152	3.28427020174439
23325	55320	3.28425532603211
81027	84281	3.28409313504382
4939	83666	3.28287722589438
374403	59307	3.2819986852016
220972	25853	3.28195087399576
212	6622	3.28190214414479
2235	23608	3.28187286223621
6152	6201	3.28126688790566
6188	6222	3.28064152747024
54855	55432	3.28015196506709
6156	6164	3.2801428597645
3434	4939	3.27997673819518
10964	3437	3.27996044714186
27161	54834	3.27975037994621
6152	6194	3.27963750498926
6142	6161	3.27886969094614
6168	6187	3.27861264519575
55771	90338	3.27844420824088
57486	90338	3.27797028727277
6161	6228	3.27687807679894
51218	7145	3.27578352338692
6129	6160	3.27548903577115
10098	220972	3.27535389651802
6233	7311	3.27504924234795
6122	6138	3.27501641696041
6176	6233	3.27493753894273
4736	6206	3.27474309867928
51312	6622	3.27471208914686
3001	4818	3.27419593747701
84824	931	3.27373043623384
6133	7178	3.27363674132576
6143	6205	3.27345651418947
6133	6135	3.27333891764071
60	6205	3.27329464000384
60	6232	3.27220653495085
567	6176	3.27191582606675
3437	4939	3.27190660479398
6128	6194	3.27172837545729
6147	6222	3.27167839084887
116151	4354	3.27113052114996
4736	6234	3.27027460167037
129607	4599	3.26973077292597
1629	5143	3.26963180097136
4688	9555	3.26863542442704
147138	374403	3.2680989493356
6135	6205	3.26704820129629
2038	55437	3.26669272745864
4736	6232	3.26662265195219
23608	55437	3.26636770269443
6222	6235	3.26397252729348
6147	6205	3.26394145605127
51327	669	3.26372096786496
6135	6232	3.26315771765592
6168	6210	3.26308969495165
6156	6188	3.26154954985444
6133	6143	3.26115241090769
3105	6232	3.26048721855773
212	3045	3.26037532177946
6147	6194	3.26017185779615
212	8991	3.25982993647061
6129	6161	3.25942819616069
126328	6185	3.2594246721282
6170	6217	3.25895738306232
6160	7178	3.2588915618556
6156	6187	3.25831114473244
79993	81027	3.25822018698569
6206	6209	3.25789538172994
3106	7114	3.25746862574668
3385	8733	3.25659044844529
10075	6147	3.25657852670755
6209	6229	3.25591848070371
25853	25893	3.25557782061121
340205	81027	3.25447145515933
6158	6171	3.25428997882479
6227	6228	3.25407435773531
6147	6161	3.25404375518521
116151	665	3.25326509186191
10321	4057	3.2524795856438
51218	55432	3.25245010081557
6152	6223	3.25221682835692
4354	665	3.25189781041346
2197	6209	3.25181030938063
54973	84364	3.25167963927685
3105	6229	3.25135276471035
10075	6168	3.25129509990528
23608	7145	3.25114416221162
1915	6161	3.25112338650666
10098	25793	3.25098456854443
6161	7114	3.25086343822365
10075	6156	3.25077435387791
3434	51191	3.24994974665757
6143	6161	3.2499330029297
6160	6164	3.24964299370479
2017	340205	3.24934399048096
3105	6171	3.24892890721417
51094	8780	3.24823655431599
6845	830	3.24734305892423
22934	51218	3.24690161019102
51094	51312	3.24659576292101
116151	2235	3.24631013900964
55729	8621	3.24624806827653
6142	6164	3.24621657785745
6161	6171	3.2454755618202
6129	6194	3.24507681210801
54855	669	3.24486748388042
4736	6136	3.24413839665278
6129	7311	3.24409846466242
6152	6188	3.24355075759018
8284	8653	3.24348036891772
6129	6158	3.24336971543562
6160	6208	3.24329561884888
55819	9555	3.24247627651637
11051	60592	3.24180576860314
4666	6201	3.24131789351412
6152	6228	3.24023339625175
3106	6210	3.24012452441339
2235	7145	3.23877044494264
4317	4973	3.23672441372964
6204	6227	3.23633679126255
1915	3106	3.23619013260477
6279	6280	3.23565657519046
6135	6176	3.23527873129802
6176	6204	3.23408059168528
51218	51312	3.23398774683275
3105	6208	3.23392733952202
3106	60	3.23363166901235
10006	23471	3.23325551303646
154075	3001	3.2320956863306
6135	6229	3.23193984463292
100129792	57486	3.23177213878723
3433	3437	3.23122869461683
8653	9086	3.23096790585397
2791	81027	3.23064553075735
2944	2946	3.23035124579731
567	6161	3.23017879929201
6143	6155	3.2298598256631
6160	6194	3.2297741431019
220972	2309	3.22964520898969
129607	83666	3.22950743547008
2197	6129	3.2293979654215
51327	8991	3.2292365762976
6133	6222	3.22890800051305
4354	51218	3.228679852307
115350	26228	3.22726117227628
567	7316	3.22553183700785
6210	6217	3.22449545407913
5604	9375	3.22427102993313
6164	6217	3.2242415087103
10217	5742	3.22412175291809
4332	4688	3.22313842156545
129607	4939	3.22310867666926
10097	6400	3.22282968743806
6204	6232	3.22154296228771
2038	6521	3.2215053958446
2309	23608	3.22079286048086
6142	6227	3.22066127659197
2235	54855	3.22065162853139
6135	6170	3.21991119462196
54855	759	3.21982796563377
6143	6160	3.2195919064327
11051	23471	3.21944166260779
669	7145	3.21922538082479
4736	6142	3.21867063267375
25793	54855	3.21838172181338
10075	6142	3.21835080989721
11098	83888	3.21720624084347
23608	51327	3.21718947175604
5577	84281	3.21682820765001
3437	83666	3.21622613260018
25893	759	3.21557494080142
283989	81926	3.21518732392457
3105	7178	3.21515983965935
154075	53637	3.21513390940345
10098	51218	3.21497432599015
3105	3107	3.21434117831126
6191	6232	3.21353491416145
6168	6209	3.21310578383129
2235	759	3.2127929140822
6141	6217	3.21217980133329
100129792	8621	3.21167152166934
27020	9375	3.21134694167708
4736	6176	3.21066980120855
6143	6234	3.21015904987728
340205	83699	3.20940069694047
10006	11051	3.20811219221713
6152	6159	3.20779832239451
6160	6222	3.20662847905262
55432	6622	3.20581013373239
7049	8530	3.20428984251444
23608	6622	3.20389307155327
6170	6227	3.20369325658243
6176	6228	3.20354826098533
25893	6521	3.20351223539746
25793	6535	3.20343076496165
6129	6155	3.20290769710749
126328	4726	3.20288269243665
83888	9289	3.20206926546331
25893	665	3.20195893267502
25853	51218	3.20068376107536
6228	6234	3.20064798806216
6194	7114	3.20000372438758
2235	665	3.19759832934203
6170	7311	3.196313097951
2309	54855	3.1962555576876
22803	51714	3.19619948712707
51218	51327	3.19603378638492
489	6709	3.19426582979446
6129	6222	3.19410439836497
6158	7114	3.19328923354476
334	4688	3.19271033428684
6167	6233	3.19218752284236
6209	6235	3.19106104698431
54973	55011	3.19087002752278
6141	6159	3.1907022994213
6176	7311	3.19014113905684
8287	9086	3.18932356129159
6204	6234	3.18893000156341
2316	6830	3.18849495938255
6168	6188	3.1881578050522
220972	55437	3.1880973435814
25853	51312	3.18762894380485
2766	6622	3.18724268357118
7544	8653	3.18631116072348
6210	6227	3.18562315274357
11098	4818	3.18494791669024
6133	6208	3.18489243192331
6164	6227	3.18238245246311
6164	6233	3.18189998842422
6142	6232	3.18039390966715
6194	6235	3.18018585940786
55437	7145	3.17877261781952
6233	7178	3.17827925918102
25853	8780	3.17821807777595
6227	6235	3.17808893639698
212	51312	3.17660935789161
567	6158	3.17631263268732
3433	3434	3.17525720120279
6227	7178	3.17499145895268
23608	759	3.17455200919611
6158	6228	3.17403094928928
4736	6168	3.17336631206306
3934	4973	3.17329445532639
11331	27335	3.17311553553523
6155	6204	3.17200378992641
2197	6156	3.17141375553088
6143	6194	3.17107908077423
25853	51094	3.1709729308532
4736	6170	3.16958490174079
6142	6209	3.16947548417189
6205	6235	3.16931814238705
6169	6175	3.16906263273891
6188	6227	3.16865223203764
2235	55437	3.16812761128566
23531	81027	3.16532117905771
6143	6175	3.1642882284568
6158	6227	3.16278142747949
6217	6234	3.16234240961758
29997	6223	3.16216420716333
6622	8991	3.16192899498095
4736	6160	3.161781668881
23526	374403	3.16148543363949
2038	6622	3.16122088735366
6209	6210	3.16108618420923
306	820	3.15887765053482
6141	6209	3.1565332132084
1088	4317	3.15641397726208
25793	7145	3.15631198815725
6168	6227	3.15580849457243
5196	84281	3.1553476100303
6169	6228	3.15388120854022
1669	1991	3.15344257773039
1731	5790	3.1531269552262
6133	6147	3.15292216851937
6228	6229	3.15222912849278
10125	5588	3.15200607173326
2791	84281	3.1518301445797
10561	4599	3.15182205961593
6135	6208	3.15135419590344
4736	6141	3.15109904367121
6187	6209	3.15024185174261
6168	6176	3.14927835953792
6521	7145	3.14866248409928
25853	7145	3.14849790258724
6155	6167	3.14762521665489
220972	55432	3.14707289702674
339745	51099	3.14625905939896
6204	7311	3.1462515741326
7167	7384	3.14568758136922
10935	5861	3.14472164255335
10321	4317	3.14397233504382
10964	129607	3.14390660459581
6152	6209	3.14347361324535
6217	7178	3.14323503428392
6143	6168	3.14240447139063
830	8724	3.14236325277197
100129792	90338	3.14137910917094
226	706	3.14109465623176
6159	6175	3.13977802858768
2791	83699	3.13958883242206
6342	6845	3.13935704597723
6143	6235	3.13874181559851
6222	6228	3.13862069063408
4057	4317	3.13825828530628
51312	54855	3.13719004935445
4034	8721	3.1362050331105
5478	6188	3.13538448886601
4680	820	3.13446187351306
6208	7316	3.13390816927181
3105	6205	3.1312359771593
6209	7178	3.12722422123563
6167	6228	3.12711779475445
6194	6204	3.12669695845538
6176	7114	3.12663952111364
6230	6233	3.1260277562066
23608	2766	3.12530152573159
51218	55796	3.12449587511249
6129	6164	3.12432243185838
220972	6622	3.12287713434571
6830	8525	3.12188198733247
3106	6164	3.12179560069179
5143	57486	3.12070763911326
6229	7311	3.11990098221614
55437	8780	3.11954904519729
6160	6168	3.11900532176828
27335	84266	3.1185058203145
6147	6158	3.11815265536839
395	4052	3.11680098596648
220972	669	3.11661456224406
6175	6217	3.11605424962553
51218	55437	3.1157753112703
23190	9100	3.11550041851591
340205	5577	3.1150755041122
6187	6227	3.11426367172973
2197	6169	3.1140756706942
2512	5660	3.11406956648628
2791	79993	3.11207435591057
6206	6228	3.11194605462325
10561	129607	3.11170385550985
6210	6233	3.11056787639219
2766	55437	3.10956280599003
3106	7178	3.10949153810888
23608	25853	3.10922754110859
6169	6217	3.10787080147094
6143	6188	3.10738855599815
6164	6168	3.10733696735892
6135	6158	3.10698106484289
84281	9848	3.1067408142328
3107	7114	3.1053530078482
6167	6230	3.1050771468048
2197	6161	3.10264403891705
6168	7178	3.10258190215803
6164	6209	3.10192906736853
2235	55432	3.10129384070039
6191	6194	3.09923723613527
4599	51191	3.09919083958459
378	55862	3.0983310708534
55437	669	3.09812710523977
6188	6209	3.09500573026021
6223	6235	3.09490077676672
26092	51714	3.09368495664258
2791	5577	3.09352128644619
116173	3674	3.09244344772474
25793	25853	3.09243504524726
23608	8780	3.09208354739177
6135	6164	3.09172139276689
3106	567	3.09068970113739
55771	79939	3.09066399954678
220972	6535	3.09020554299222
6217	6229	3.08951149772854
25853	2766	3.08832631764073
4057	8993	3.08653174914426
51386	6159	3.08236512873552
2197	6228	3.08173074618585
212	25893	3.08155432637444
220972	598	3.08145976956579
10163	23406	3.0807938337808
6169	6206	3.07990966694071
10075	6133	3.07947588050317
10641	7535	3.07884060916967
6142	6187	3.07872756731716
6152	6227	3.07806778156223
63940	6597	3.07760994612059
6133	6168	3.07739494299941
3105	6161	3.07667252579336
4723	84364	3.07513951466691
29992	4668	3.07480200168245
6188	6210	3.07459065745729
25793	6622	3.07431734685832
25793	51327	3.07298176412392
5143	90338	3.07275957748457
6188	6205	3.07155390981918
6135	6187	3.07138316794537
6191	7178	3.07133851599106
3437	94240	3.07075969775015
6143	6222	3.06875487719857
10075	6217	3.06848851539603
5577	7292	3.0684429169975
6176	6227	3.06828257215846
4723	54973	3.06798466662502
53637	7049	3.06796921884172
116151	51218	3.06785881929265
55432	55437	3.06774037779124
6160	6227	3.06771310518206
2512	4946	3.0669410346644
66008	7328	3.06686292942401
306	3934	3.06659803928131
6161	6234	3.0664990349085
6147	6208	3.06591278439776
6133	6164	3.06531664368474
3045	6622	3.06458176574758
51035	738	3.06444605190222
2999	8530	3.06317739204899
6152	6155	3.06166628255108
10006	60592	3.06146220358958
51312	55432	3.05933361544365
4600	91543	3.05899527839824
3934	4680	3.05829881560455
2994	51327	3.0568816294005
2235	8780	3.05636653699516
3001	53637	3.05503671369764
6191	6229	3.05490854040758
23608	51629	3.05341879585661
54855	55437	3.05316093084785
8530	9289	3.05263056887067
25893	8991	3.05249342759477
3042	55437	3.05167662524669
6156	6167	3.0515794730469
1879	55342	3.05151924091931
306	4057	3.05136939963837
10097	51714	3.05057553934603
6143	6170	3.05026485491389
6135	6161	3.0490770413208
220972	3042	3.04856736330633
6192	9086	3.04808853192761
3437	4599	3.0477851064998
10321	3934	3.0458716932696
4601	55437	3.04515521201579
6168	6228	3.04497076602976
4179	51136	3.04412076986313
6210	6228	3.04408942920524
6128	6217	3.04366676922001
4057	4680	3.04326035355927
25853	55432	3.04300112227727
6136	6204	3.04230883341409
5196	5473	3.04213069015534
2999	6352	3.04212703307521
23531	5577	3.04048949737727
5577	79993	3.03989659274255
6143	6158	3.03933894504948
1915	6158	3.03923927493986
6152	6175	3.03729522967913
6141	6152	3.03711919608577
2994	6521	3.03670381716416
10075	6209	3.03544122058782
23406	391	3.03434595811611
2235	51327	3.03294670262376
10558	5861	3.03191265573108
830	8754	3.03137398623439
10006	23473	3.03110467581459
53637	84525	3.03084128092949
51312	759	3.02961686226413
54440	6195	3.02870499701373
6187	6217	3.02864296999849
10097	55320	3.02858054656452
4599	91543	3.02833836383843
10964	4599	3.02681428549062
25893	51327	3.02646442896566
4736	6158	3.02640332589467
6188	6232	3.02557230082023
6152	6156	3.0241472836043
219972	334	3.02355969022355
4354	55432	3.02345662535167
6135	6156	3.0217436774816
22803	4179	3.02142506383815
340205	6678	3.02099623719373
7840	90338	3.02085292660548
6161	6188	3.02029276259181
23608	51094	3.01869077589548
6161	6235	3.01676341771166
6233	7114	3.01638792938315
6192	8284	3.01552103503767
4736	6175	3.0142957244367
4893	8540	3.01344327717815
29094	3690	3.01315149191665
8621	90338	3.012751951156
6159	9045	3.01137603504202
6147	6171	3.01122188802742
6143	6176	3.00824142383742
2197	6155	3.00795746017732
51035	54973	3.00668409525471
2091	6633	3.00660504911439
2235	25793	3.00589673020569
10964	4939	3.00561710999695
2235	7504	3.00499161682211
6228	6235	3.0023570890945
2791	4052	3.00128881049468
7292	8654	3.00014803238945
6521	669	2.99990669579204
340205	79993	2.99845355576459
10561	4939	2.99834998059253
6129	6188	2.99825032589621
51218	6535	2.9945148333321
11337	226	2.99199020510324
6142	6201	2.9911485874442
6155	6233	2.98834672773129
27102	55796	2.9875271432143
4736	6229	2.98723409791931
6451	8724	2.98707826216462
6192	7544	2.98621053449239
1327	5204	2.98590361247201
3105	60	2.98240420099496
3105	6176	2.98208487877555
6129	6201	2.98163506004286
6161	6206	2.98060946334922
4200	5861	2.97994066726281
4052	6403	2.97782822089012
3042	51312	2.97553177759408
6760	9813	2.97432251281143
2039	759	2.9742009149375
6152	9045	2.97225217362325
1879	84824	2.9702960319359
6187	6233	2.96907819623091
23608	6521	2.96907584888741
2038	3042	2.96850179546295
6147	6156	2.96806770956478
7404	8653	2.96749798947197
10097	9522	2.96731213774254
10097	23190	2.96654881641678
6142	6223	2.9648306641299
665	759	2.96459248155952
23473	57092	2.96341281629609
3074	55819	2.96245740501918
10075	6227	2.96200437757124
3105	6222	2.96134720222379
25893	3042	2.95986828522901
4354	9921	2.95858115192228
51312	8991	2.95798040854124
4736	6169	2.95764075789103
6129	6169	2.95519498046238
2197	6223	2.95467914856187
55437	6535	2.95361172117234
10321	1088	2.95313303420719
220972	4354	2.9522295422076
1997	57606	2.95219604895332
26228	931	2.95200905105451
54855	6521	2.95182246452841
6129	6210	2.9514697029878
5606	573	2.95091152420965
3932	915	2.94937954491472
23608	669	2.94918910718722
2197	6205	2.94905944460003
51312	7145	2.9489437178021
6217	6223	2.94868698344239
10006	51582	2.94546690836491
6156	6169	2.94543234641013
4600	54739	2.94468011075564
154075	4818	2.94324188207367
26092	4076	2.94169950497966
55103	931	2.94133372940243
115207	51311	2.94118345714087
25893	2766	2.94079343719558
29997	6159	2.94072248087704
4354	7145	2.94062511126451
220972	25893	2.94043612449136
2197	6233	2.94028783751988
10914	7323	2.94006197311464
55904	56987	2.93992966573066
116151	55432	2.93933254456848
6158	6234	2.93782477574098
10163	6597	2.93777937655417
2811	29094	2.9352561903992
2197	6176	2.93419860963938
1327	440574	2.93242545169221
2235	55796	2.93144475570696
375743	7072	2.93048287029193
51312	51629	2.92980345025897
6143	6227	2.92939081315415
10321	4973	2.92883984805652
4076	5868	2.92718963893531
6128	6188	2.92677574475759
6168	6175	2.92414523971567
55233	8763	2.92289285812947
51218	6521	2.92161371019482
6164	6188	2.91983200998149
5478	6223	2.91929645683595
6209	7311	2.91804244459439
6158	6168	2.91789449181216
5478	6175	2.91740292663143
55771	57486	2.91666981410079
10098	54855	2.91495077884638
6135	6209	2.91466450069448
4680	671	2.91403872106477
2197	6170	2.91402812038931
25793	4601	2.91156501113236
25796	9647	2.9113169338597
25853	54855	2.91089382498373
51312	665	2.91063264750268
5143	8621	2.90960795672203
10006	6342	2.90832086928795
2791	8436	2.90764586236133
25893	8780	2.90624149758442
220972	8991	2.90515828888507
11342	9375	2.90443071669063
220972	51629	2.90364071035572
2197	6141	2.90305946319458
4688	50856	2.90196899536466
6135	6210	2.89767635575065
6187	7316	2.89647279830859
3042	759	2.89640582016476
2039	220972	2.89195835676312
84364	8733	2.89193359459942
55862	5868	2.89082949242866
2017	83699	2.89024810549733
6535	759	2.88914539090561
6191	6227	2.88876337165031
23471	8763	2.88765030042515
2197	6194	2.88755511575539
23526	54973	2.88705582528705
79993	83699	2.88675612994014
53637	81563	2.88612809156364
11051	51582	2.88400188791407
25865	9632	2.88373741149181
22803	8546	2.88093747054088
140823	8721	2.880238880536
25793	55432	2.87922143196076
6141	6168	2.87890123526358
6129	7178	2.87814003650112
10097	55233	2.87661543292391
25793	51094	2.87529914151758
6830	6892	2.87255409536857
6133	6235	2.87130020202683
6845	8540	2.8711184812321
3932	923	2.87081339273216
6128	6142	2.86709584332235
2235	4354	2.86540090168909
6158	6204	2.8652833344344
3934	4317	2.86384418139075
3045	669	2.86378618257296
30009	4818	2.86328255349257
4200	51167	2.86275696443464
6136	6175	2.86236156176211
51035	8721	2.86166839015413
3437	4600	2.85901523477438
11098	53637	2.85721235032406
10904	126328	2.85711611606086
60	6161	2.85704243110766
6135	6217	2.85703707664351
6175	6223	2.85669796598222
6142	6171	2.85661764741741
6167	6169	2.85627053920029
60	6176	2.85620484618644
1178	1359	2.85588848916184
116151	6622	2.8557633465547
3105	6170	2.85552534093295
29992	4688	2.85445867431445
6161	7311	2.85411095832839
6136	6143	2.85398107598713
5079	973	2.85390252648397
6217	7311	2.85368179006153
2235	6521	2.85229910376848
55432	55796	2.84921770328921
3105	6158	2.84916740782331
2038	759	2.84862377272022
6201	6209	2.84804331233287
2039	2766	2.84612132997822
84281	84519	2.84606436344868
6133	6206	2.84583672638916
2766	759	2.84415891663061
129607	4940	2.84414769932853
6228	7178	2.84374360185847
50856	9555	2.84267089187317
84266	8721	2.84233502966515
79993	8436	2.84138405306866
4736	7311	2.84102506575399
4354	54855	2.84090211725349
10075	6233	2.84071936727721
5861	9375	2.83975728912075
6188	6233	2.83849547786282
4736	6164	2.83807863734836
6206	6234	2.83794878494898
4052	5742	2.83702294425904
11329	22879	2.83419749337497
51218	9921	2.83415398314066
1879	973	2.8337887917057
6156	6208	2.83248901688331
669	8991	2.82948593284285
6204	6222	2.82934804454205
6175	6204	2.82933638918244
6170	6206	2.82814280267241
1915	6142	2.8274033728485
2316	6793	2.82690812030325
6143	6230	2.826111181279
25853	51327	2.82419410624665
51191	91543	2.8239386041911
6147	6164	2.82363134533054
5605	6597	2.82118147990181
6136	6169	2.82036688066973
64135	91543	2.82028574220424
8525	9632	2.81963527227797
6205	7311	2.81702323685502
51094	55432	2.81666699214755
30009	53637	2.81504831975687
1879	55024	2.81398227083313
6188	7178	2.81196063924634
7840	8621	2.81153125753322
10097	57092	2.81024469560925
23608	6535	2.80917219685233
4354	51094	2.80769665349791
5577	8654	2.80693473398464
23406	64115	2.80535143350844
116151	55437	2.80473066756788
6168	6229	2.80373363649636
334	55819	2.80085092356321
567	6135	2.80046222536573
834	942	2.80044251092984
6160	7114	2.80019165051068
3133	3134	2.80012687342798
4052	83699	2.79982657972654
3437	51191	2.79700205846142
10217	4052	2.79611901964694
3105	6194	2.79557870556062
27040	9744	2.79465983759334
6205	6234	2.79363596463786
6176	6206	2.79220631705433
54834	57730	2.79075279315004
23526	55738	2.7906957860656
6136	6209	2.79008269204545
6164	6228	2.78985083268103
51218	6622	2.78855100542239
81027	9848	2.78794424561517
2235	2766	2.78786350863221
6155	6230	2.78732118647306
25793	2935	2.78643683697898
6192	7404	2.78614979994259
4736	6223	2.78608572270483
6233	6235	2.78451935456783
2017	81027	2.78393181196175
10398	3674	2.78328663857289
5790	59307	2.78239527875814
7544	8287	2.7817329979313
830	9375	2.78025908980021
6135	6194	2.77973120600163
4179	51714	2.77855259561557
1639	2316	2.77615531836317
6143	6167	2.77486609331241
3045	55437	2.77083573941213
3437	54739	2.77029316143397
7292	84281	2.7679617512697
1088	671	2.76652633600261
152789	914	2.76613444743412
6160	6234	2.76367822353019
2235	27102	2.76259972120836
55432	7145	2.75821484900075
2235	51312	2.75769376316377
25853	759	2.75644883360816
23471	57092	2.7563448135119
3045	7145	2.75616095190028
1915	7316	2.75603956510481
5594	5782	2.75597819030043
25865	489	2.75566657788223
55660	55904	2.75464503052198
4939	64135	2.75421416842433
51710	8621	2.75281981157297
51714	6400	2.75255294948298
10075	6191	2.75207048297516
4034	51035	2.75147266823107
6147	6229	2.75099602053652
1088	383	2.74961079798882
6167	6209	2.74886420275844
6160	6206	2.74863879878176
567	6133	2.74693226660364
383	4317	2.74633582118222
2935	51218	2.74281713384296
116151	25853	2.74205155402596
513	55684	2.74139003316933
2235	22934	2.74108195247632
25793	2766	2.74091295184207
10289	55432	2.74065907562084
10097	6655	2.73929836844553
6191	6222	2.73905925339612
3106	6171	2.73775365286161
7114	7316	2.73635722215439
4723	8733	2.73629756653116
2235	51629	2.73608397545101
6201	6227	2.73518128169555
147179	6597	2.73447406709207
4736	6210	2.73378685355068
1997	9522	2.73326051681053
53637	83988	2.73297292338376
6152	7311	2.73261204752247
6175	6235	2.73158297129892
116151	9921	2.7310954887743
8436	8654	2.73062766799915
6204	6229	2.73014940283379
54799	55758	2.72995967114096
10097	4179	2.72841391532173
374403	9049	2.72691099601737
820	8993	2.72650604272986
2309	4354	2.72616857110137
391	64115	2.7255740198751
4939	55601	2.7247822027825
6143	7311	2.7247022995408
306	4680	2.72441226643662
1327	8665	2.72368380703331
7145	8780	2.72228677029541
51327	665	2.72130794762822
6129	6230	2.7203664283821
6128	6133	2.71891955708897
219972	55819	2.71710664615076
23071	29887	2.71608932231268
2766	51327	2.71579281574862
353	5438	2.71512861560024
6143	6232	2.71373315863957
28952	93343	2.71338154703874
10217	2791	2.71323008772842
27020	6845	2.71229134451243
6201	6228	2.71141030167841
6129	6234	2.71111059367563
5777	9647	2.71083652650274
710	83666	2.71061879390845
4666	6142	2.7081113770188
124583	5708	2.70673805214607
1116	306	2.70632302350385
23264	90338	2.70587589264662
23608	27102	2.70548273903063
23608	8991	2.70529387585103
1232	2206	2.69852077865608
55363	6622	2.69843102810937
6141	6142	2.69721777499384
4818	84525	2.69598653255588
10945	2771	2.6953773001533
6188	6223	2.69455276253369
22934	23608	2.69322631064202
25853	55796	2.69225758250416
51136	9204	2.69181757728858
6133	6142	2.69097083263592
6169	6230	2.68943720635784
1327	27335	2.68914897433136
30009	9289	2.68773723967223
28977	8763	2.68626383961084
374403	5790	2.68613614942594
6217	9045	2.68338010769351
116151	2766	2.68249151232161
5143	79939	2.68176007799705
27102	51218	2.68129801818641
4638	8436	2.68031536610746
6129	6235	2.67931436367056
6136	6217	2.67733574872731
6142	6158	2.67635457752831
6142	6176	2.67627388141329
10890	830	2.67614026714057
116173	3690	2.67559947336541
6156	7114	2.67540030048218
51327	55432	2.67502086641722
1739	56204	2.67432809547179
2783	64115	2.67368498410181
6175	6188	2.67218526781588
51714	5861	2.67204306589984
6135	7114	2.67023048138698
100133941	1088	2.67022145166821
8284	8287	2.67000410637467
5742	80763	2.66959051082373
51094	8531	2.6675168542433
6169	6193	2.66671841525929
4332	84898	2.66583029858832
4076	5861	2.66551016635399
374403	84958	2.66546916557957
11336	4723	2.66433363253293
51629	6535	2.66313569585808
55738	8241	2.66201041101785
567	6147	2.66144536585587
738	8409	2.66082984369616
6201	6205	2.6596086594932
23531	8436	2.65758889045571
3097	360	2.6573793731452
2994	51218	2.65721797888964
116151	51312	2.65700268165388
10561	54739	2.65265123400654
310	6845	2.65208785048944
10075	6129	2.65062064591345
2766	51218	2.65049503445002
6386	8754	2.64650374263966
2994	54855	2.64522936799728
4257	4332	2.64408939041095
10006	57515	2.64397293728229
4332	6386	2.64242766202765
3674	4900	2.64242562847114
1731	3603	2.64227134215971
6155	6169	2.6412015823435
396	9776	2.63904418223321
79993	84281	2.63878065582306
54739	91543	2.63830710995333
10935	51714	2.63700840089407
5577	83699	2.63696218224717
6133	6188	2.63656265938066
2038	25893	2.6345534921717
10075	3106	2.63452848030788
4666	6235	2.63286811013575
11163	2235	2.63215961963229
285231	90338	2.63059324009092
6152	6161	2.62859258669126
4736	7178	2.62830350616043
11098	8530	2.6279309680822
6141	6204	2.62778219402397
115350	931	2.62621311632956
6170	6234	2.6254961107195
5478	6142	2.62441487445589
6201	9045	2.62318465068422
4638	81027	2.62239355182102
6142	6143	2.62035270528367
51191	6614	2.61953845406528
51136	64924	2.61889118721252
6232	6234	2.61460666513863
4179	8546	2.61414149829536
3106	6187	2.61405097348012
6152	6233	2.6129331555903
6136	6141	2.61229077553947
55904	5611	2.61105542552678
6135	7178	2.61090129966511
3433	4939	2.61067895289457
6128	6205	2.61012121528602
51312	8531	2.6094626296422
11322	9744	2.60836873004789
10075	6228	2.60811585191213
51714	57132	2.6073160791395
6141	6143	2.60711069863138
567	6160	2.60688865368899
10641	374403	2.60261619477183
6206	6222	2.59955157710013
11031	54918	2.59641268342591
118788	64422	2.59330328982237
56900	6845	2.59284640985521
1731	5335	2.59121384816807
2791	6403	2.59083539214033
4939	4940	2.58793843223275
116151	220972	2.58720511933838
647087	665	2.58485102478618
665	669	2.5829166357371
6164	7311	2.58264875218636
1669	671	2.58151819499782
60	6194	2.58146062797302
6206	6235	2.57991374767318
11024	126364	2.57913908037398
2038	51327	2.57764778540599
2235	25893	2.57705665288139
6152	6206	2.57652276065688
203069	79002	2.57620169782336
6156	6191	2.57539487601222
6141	6188	2.57458831374265
63940	7916	2.5738219710908
11322	147138	2.57244987619609
6206	6230	2.5714060988394
23530	8763	2.57122078274988
10561	4600	2.57120537695886
63940	8907	2.57014786165997
25940	9730	2.56916389047162
154075	81563	2.56851711615829
54855	6622	2.56810469070675
2091	3615	2.56723208214277
6201	6223	2.56654481232803
2091	738	2.56619856118195
2197	6206	2.56510983065385
378	5868	2.56402831671975
2994	55432	2.56337837375931
6133	6171	2.56273936011148
11163	25793	2.55940799550265
26092	5716	2.55903307119678
129607	51191	2.55846529468216
6772	83666	2.55737125457661
665	7145	2.5572619505657
383	4057	2.55647695023136
51218	665	2.55624240145805
6187	6228	2.55227471851104
6152	6205	2.54993501671104
25793	8780	2.54965601293954
10098	25853	2.54879173269776
6201	6235	2.54856311175136
57486	79939	2.54780786325738
2766	669	2.54689977411633
11337	1175	2.54557472141112
6208	6227	2.54277663780563
6232	6235	2.54197824475078
3001	5551	2.54128221794933
4599	4939	2.54084150118497
6235	7178	2.54083028406811
1955	4332	2.54058236270394
5552	6386	2.54053243173652
79939	90338	2.53964409440777
7072	9204	2.53888334305319
4257	4688	2.53863641330868
55233	5788	2.53804388252766
11098	9289	2.53595990556743
7292	8436	2.5342167645733
212	669	2.53110760291209
6206	6227	2.53090947529729
5478	6168	2.53050647528117
6204	6235	2.53029163217578
6147	6217	2.53018558053927
51094	759	2.52878464772913
27335	8409	2.52828335157358
6138	6159	2.5270783935737
6168	6170	2.52592901730448
6143	6201	2.52578099397258
162427	6709	2.52029959135276
6141	6194	2.51919692218121
116151	54855	2.51747163296334
5143	55771	2.51649003048267
6206	6232	2.51599182074581
10561	51191	2.51393275677841
147138	84958	2.5136654515954
54499	5716	2.51162581448282
11098	5551	2.51148168869319
29997	6141	2.50852023748339
55605	6352	2.50811932195696
81563	9289	2.50748102690592
567	6233	2.50736686758987
6208	6233	2.50370053907892
4354	669	2.50368791045882
25853	4354	2.50331246682162
6191	6233	2.50311791169706
25793	25893	2.50263763366973
6158	6206	2.50086178257637
6204	6230	2.49996597471994
6156	7311	2.49959921995227
5196	84519	2.49833366785472
6210	6235	2.49811846225149
6156	6201	2.49800500674205
388677	55095	2.49728684000848
5716	84248	2.49713996326075
6229	7316	2.49705554760001
116151	51094	2.49701030899573
11342	8767	2.49558651532936
2038	3045	2.49451907579196
6135	7316	2.4932474863053
162427	6597	2.49173722224157
59307	7535	2.4906768116635
2994	55437	2.48898612993657
6403	83699	2.48896630054394
3001	8530	2.48892740350539
26994	7504	2.48809514505948
84525	8530	2.48751210763548
10956	7384	2.48584517641742
4818	81563	2.48555077262355
3106	6208	2.48492544313841
25853	2994	2.48381080093552
6709	7916	2.48368150185264
23608	55796	2.48328712457628
6191	6228	2.48289844749271
55623	9669	2.47964727274553
118932	6772	2.47862344333776
3107	6164	2.47818876464098
1808	54918	2.4778689872976
10006	57092	2.47757407959409
6175	6201	2.47721685316292
10075	4736	2.47545061402031
25865	9744	2.47470810923749
1629	90338	2.47253034349391
6205	6206	2.47243558968719
6194	6223	2.47225687693474
6133	6167	2.46914617024791
7099	8301	2.46690057175068
2766	54855	2.46654574346946
8436	9848	2.45837096370709
374403	55738	2.45671503922068
6201	6233	2.45407828881482
60	6170	2.45386288588455
64422	830	2.45321528805835
401466	521	2.45122766147913
4818	7049	2.4479279822697
6135	7311	2.44654047152495
11336	6626	2.44337816178709
6147	6188	2.44164768592745
6678	80763	2.44137480983965
25865	6709	2.44105146748853
8409	84266	2.44046211544817
6208	6209	2.44017233018252
7145	8991	2.43989581608533
2799	834	2.43945605434895
6161	6191	2.43944243170492
4666	6129	2.43931880058304
6227	7114	2.43914039958221
339745	84188	2.43442536489034
54855	665	2.43294037303817
1915	6227	2.43249924487408
10097	5788	2.43248480665078
1915	6160	2.43165502780623
6141	6201	2.43040722328628
10075	6135	2.43002544509317
3690	83699	2.42890093127477
23170	25920	2.42665047016512
4940	91543	2.42562698302011
55024	84824	2.42562131232303
2039	51327	2.42259808877485
6129	6187	2.42217806744606
27102	51094	2.42045934015479
54973	8733	2.42018967583361
5478	6152	2.41824278491324
6129	6168	2.41590300274178
2197	6227	2.41554886298858
114294	7099	2.41553406527882
6143	6223	2.41406633809426
57515	79624	2.41363451781385
5573	9375	2.41226609753115
669	8780	2.41219468685753
2580	25920	2.41134641145087
3042	6622	2.4082368069179
29887	64422	2.40267557804403
25793	759	2.40226111504895
4736	6167	2.40203514015647
51714	6655	2.40014781114947
6622	7504	2.40003720520739
219333	55432	2.39964695329607
11331	440574	2.39802215503771
10273	54973	2.39606168531506
6132	6141	2.395788350113
27069	81542	2.39550161916003
6128	6235	2.3943019759996
6169	6209	2.39416920070205
6155	6228	2.39411674318826
10311	26092	2.3926814047292
29952	53615	2.39233344508591
567	6227	2.39125294891434
27102	665	2.38987916870254
4354	7504	2.38931026659403
6158	6235	2.38802020451348
2799	4668	2.38748492013303
2197	6175	2.38540532784006
1955	4257	2.38448002117035
925	926	2.38364339488901
340205	5473	2.38341811598674
25793	4354	2.3833672729122
54440	6404	2.38092119734289
6129	6142	2.38075659080061
6160	6167	2.37855230736043
4736	6187	2.37690915524045
3001	7049	2.37682939378344
306	4973	2.37663728579784
23523	8525	2.37542016135435
6158	6188	2.37482945604144
6160	6169	2.37389635068589
4666	4736	2.37337774531688
6167	6206	2.37159735224401
54855	6535	2.37118413846191
6193	6230	2.37107066554114
1955	23196	2.36897724592882
6188	6206	2.36732333394204
3655	51176	2.36602529930418
2309	51312	2.36578009724558
126328	4191	2.36564773606065
23471	23473	2.36400226149433
23608	8531	2.36230000979809
6142	6228	2.36161798881082
10938	26999	2.36078703151884
6155	6156	2.36015772637132
4238	9412	2.35667729934458
2994	6622	2.3556625381552
26999	994	2.35535728830462
212	220972	2.35431780507376
6191	6209	2.35284020939386
6129	6191	2.35266256482857
55320	8763	2.35183413944765
6152	6170	2.35008571719488
2633	83666	2.34708108277117
6158	7311	2.3470282585183
2235	2994	2.34574305688177
2197	6167	2.34534774112573
6161	9168	2.34267520238865
3001	84525	2.34185269910573
2766	51312	2.34166908757014
6141	6235	2.34134632233825
27161	9194	2.33836996224691
22931	23471	2.33811990346261
6156	6230	2.33664640803209
1879	931	2.33584084603571
2799	29992	2.33509318719365
4818	83888	2.33301919895302
6188	6228	2.33005567665985
11051	23473	2.3290662008639
51312	8780	2.32829520309984
1955	79887	2.3278948371074
26092	5868	2.32709560137072
27335	51035	2.32538070731834
6147	6209	2.32524701830924
25793	6521	2.32420973516023
3936	51167	2.32388751304594
5688	6185	2.32338130746844
6232	7311	2.32221969428543
759	8780	2.32176244336887
6222	6234	2.3214076364289
23608	25893	2.32063753130563
55862	91408	2.32016346134512
4335	63940	2.31938495333511
2994	7145	2.31897786570021
51312	6535	2.31870260661957
1351	506	2.31790265869184
6793	6830	2.31511692364482
6156	6171	2.31510306796242
339745	55704	2.31506472585569
54440	80301	2.31390570464817
1731	374403	2.31309376354889
239	2791	2.31262754667831
6129	6135	2.31171065734734
6136	6152	2.3101048574059
55432	669	2.30955373936444
2197	6229	2.308983540286
6208	6217	2.30793968189916
6597	7409	2.30506747635759
25893	669	2.30261302054924
2180	366	2.30256558636482
6142	6233	2.30240333814211
11098	3001	2.30181871059408
339745	5861	2.30123552452028
51094	7145	2.30013179296805
170463	9679	2.29921506626409
23318	23398	2.29899158930415
55825	81856	2.29781285219443
6142	6229	2.29327528851646
10321	820	2.29062336986392
26517	5293	2.29026630661481
1915	6147	2.28879014140433
51327	6535	2.28859866468288
6147	6235	2.28464336154078
4736	6128	2.28403410540362
665	7504	2.27946348910954
6136	6228	2.27657026740483
4236	8772	2.27648681599325
3106	6232	2.27591102091334
11342	830	2.27444037439546
6194	7311	2.27350905671041
27040	5335	2.27298222047584
118932	2633	2.27119550344142
10908	5777	2.27044605916468
25824	51079	2.2702250860742
6135	6228	2.26993276811822
51079	5708	2.26943756369436
6168	6233	2.26820866181009
126364	3055	2.2662631298415
23586	9636	2.26623898694254
2309	25793	2.26361333568148
2197	6136	2.26318387939861
6749	738	2.25608668388801
114885	8301	2.2550924663073
669	7504	2.25483632718889
11224	6122	2.25438281276868
3934	8993	2.25144701362472
5093	5604	2.24918393231715
6228	7311	2.24822247101581
4601	51312	2.24727752391564
2791	4638	2.24673211497242
3042	51218	2.24643739936573
6232	9168	2.24578764739847
23654	3055	2.24379162810969
83888	8530	2.24264360850256
338657	90592	2.24217826017685
11342	57589	2.24159706960093
5781	84248	2.23939170910541
6164	7316	2.23921390777357
6129	7114	2.23607002542333
6147	6160	2.23400707422905
3437	9636	2.23020592849321
23603	5230	2.22924890002994
6451	8754	2.22912015899758
6175	9045	2.22673834905444
27040	54977	2.2253998625072
6136	6156	2.22423520674627
6141	6156	2.22356924041859
25793	665	2.2232812985035
6167	6234	2.22289682093118
25893	3045	2.22247012982971
129607	94240	2.22138397274992
2799	4615	2.2210271594033
22931	9522	2.21936050537296
4332	9555	2.21794086057774
22931	23190	2.21529423499369
6141	6161	2.2137908321649
2935	55432	2.21378200113492
1731	9049	2.21127819456247
2017	3690	2.20928579338911
2783	391	2.20692345956264
11342	308	2.20643082461611
10235	64773	2.20434544031411
2791	6678	2.20319580864501
3106	6222	2.2019813708471
25796	79890	2.20165100977062
10935	26092	2.20030959645999
51167	5861	2.20004290503476
1669	4057	2.19969985661235
10075	6188	2.19856071639978
5551	81563	2.19826383081629
54499	84248	2.19723407729522
4666	6152	2.19574879562578
51218	759	2.19456451495763
51035	55684	2.19384434785204
126328	4695	2.18784868120691
6155	6217	2.18745480180402
4354	6622	2.18726105917665
6146	6169	2.18695039566899
25893	51218	2.18568923039776
2994	759	2.18564457653047
4076	51167	2.18425667575705
1639	26112	2.18404288454994
6191	6210	2.18401776322477
6159	6223	2.18360990937918
51629	9921	2.18344866387568
2235	8991	2.18272641596485
6535	6622	2.18153029001159
6229	9168	2.17838109243569
254863	84266	2.1776429075574
51218	7111	2.17757536217782
2783	7133	2.17475528520507
6187	6188	2.17463741354394
55432	759	2.17431176795692
129293	6932	2.17303370329858
10558	51167	2.17256446970135
100129792	165324	2.16867913992504
51710	90338	2.16794215742245
23225	374403	2.16510788619384
22919	2773	2.16367197896566
10097	22931	2.16121017636088
219285	4939	2.1596295153447
55534	7077	2.15930291448216
120425	29108	2.1565599847173
55320	57688	2.15605664818445
220972	9921	2.15603283420708
3251	6845	2.15435052972384
26228	55024	2.15426740779507
3437	6614	2.15397871046436
5683	7341	2.15325710904982
1669	820	2.15232970919117
6168	6208	2.15156743693811
6152	6235	2.14999304743633
5551	9289	2.14755088837027
116151	25793	2.14307832831575
6622	80127	2.14088360021675
10558	378	2.1406666769861
3069	6597	2.14008825447971
81027	8654	2.13992210110106
6176	6234	2.13784492488771
51218	598	2.13780704183982
57092	6856	2.13525774100986
11218	157567	2.13490434341278
22934	4354	2.13389169622253
4179	57092	2.13374880558965
10914	64844	2.13315618530988
7529	93621	2.13267382672946
54904	55660	2.13265946019355
6152	6168	2.13233059707189
55771	7840	2.12544304503909
4736	9045	2.12358935058125
3932	8631	2.12310906693424
54947	9375	2.12295602584963
7049	84525	2.12114238052158
53637	83888	2.12050830908351
83666	91543	2.11742608398596
10288	3055	2.11486373718722
6191	6205	2.11430798626305
4666	6141	2.11307609518575
10163	3069	2.1127435456424
115350	4345	2.10946316550269
2766	51094	2.10859411938183
6143	9045	2.10691864754897
4317	820	2.10685331015534
29799	53637	2.10621986448343
3615	8409	2.10560169561621
6135	6222	2.10283959699844
57515	8763	2.10128876618905
27102	4354	2.10026655280459
4052	80763	2.09897557361924
22913	8241	2.09823138371321
126328	84987	2.09686104223905
11051	8763	2.09437256536975
5790	7535	2.09170289715744
3042	7145	2.08852712562111
10098	2235	2.08756795209396
1843	2353	2.0859792199105
57132	5861	2.08411856716989
23471	9522	2.08247336042021
2791	29094	2.08228297979987
6201	6222	2.08110405313116
6845	8754	2.08072844352906
116151	51327	2.08047841963835
25853	27102	2.07987615452345
7099	9375	2.07901405110859
10857	64407	2.07900596894282
1088	8993	2.07672837477328
2994	8991	2.07648211746306
100131801	1340	2.07568951959776
28990	4236	2.07220357028222
3434	9636	2.07116728277703
25853	6521	2.07080030366313
116151	51629	2.07055504343367
2039	6622	2.06423944194486
340205	6403	2.06296379326288
2791	3690	2.05945548435628
54440	6892	2.05577205718359
3799	51107	2.0546748789575
11214	55660	2.05384724748674
10935	51167	2.05082764831209
219972	4668	2.04892082185305
6133	6201	2.04879478366586
283234	53615	2.04861185236403
100131801	4726	2.04817309404757
3837	7994	2.04704223467424
2017	5577	2.04528010422007
383	820	2.04512442685797
6217	6230	2.04411506676791
23608	2935	2.04312215186068
6142	6152	2.03708045676069
26092	28977	2.036274920206
4688	7462	2.03625616547556
51176	814	2.0357476907103
10273	4723	2.03241186097387
212	54855	2.03179335682045
4335	9130	2.02831019671975
7027	80232	2.0266620139297
10097	23325	2.02629078244892
11342	29887	2.02552779405225
10791	5721	2.02452643956812
5478	6141	2.02390866925861
10006	23530	2.02317940254589
57486	84267	2.02172511153336
4688	64581	2.02128537526669
6141	6206	2.01743386930954
10289	493856	2.01293928960526
2197	6232	2.01220781385545
116151	759	2.01202905516206
29997	6175	2.00986942539215
4076	84248	2.00410787420745
4354	51327	2.00410115804107
51094	51327	2.00267190771976
10006	5781	2.00262398413565
4257	5230	2.00077237739764
6228	6230	1.99899597177891
1236	51176	1.99891540703268
158431	22862	1.99863589609507
6188	6204	1.99528667249823
10159	5230	1.99499171936408
8334	84281	1.99480116255008
1629	55729	1.99437712932901
6176	6188	1.99202160776392
6342	64844	1.99155147717401
55142	90338	1.9905976827141
6160	6171	1.98861355195821
11322	374403	1.98804172204254
4354	6478	1.98747192135528
29082	6185	1.98431565813051
7384	9612	1.98397490614222
25865	5790	1.98306812968232
6230	6234	1.98279285629651
5469	55904	1.98182498253065
25865	7535	1.980177588176
51136	8634	1.97874163251078
51629	7145	1.97655985983092
3105	7316	1.97628830070187
5478	6217	1.97020695905378
51596	6633	1.96952126197675
6160	7311	1.96916157196897
6167	6217	1.96811860958872
11163	51629	1.96741653532174
6187	6191	1.96428107776326
120425	84106	1.96335228514847
339745	821	1.96304943707553
22797	950	1.96011312638179
126328	5688	1.95998589114011
6169	9045	1.95996208483075
2197	6168	1.95732225107107
286144	7099	1.95637547020216
4666	6194	1.95512986159075
10006	4179	1.95231979815458
283989	9289	1.95047860140197
170960	66036	1.94819860973769
6141	6227	1.94791713621784
6133	7114	1.94631883052643
147138	23225	1.94631237876242
220972	665	1.94604683319715
11342	51167	1.94581267360359
6152	6160	1.94545811265543
864	975	1.94497470185029
3074	9332	1.94409818290252
6223	9045	1.94390054636437
6128	7178	1.9428068914787
2091	27335	1.94243636531443
51629	55437	1.94165105794879
6128	6227	1.93901471968531
6164	6235	1.93835349992746
55233	9522	1.93738163860398
54855	8780	1.93668115367972
10097	9100	1.93530495894578
1639	54440	1.93481483183474
6175	6193	1.93367979869664
10904	4726	1.93320363263185
378	4076	1.93168746856257
54834	9194	1.92936896627335
6164	6204	1.92920953808605
25793	55796	1.92822257670628
23531	84281	1.9262299756677
10273	8733	1.92345496725611
5473	80763	1.92311452506986
914	925	1.92292639530609
738	84266	1.92225820592286
4179	8763	1.92152383246712
6167	6170	1.92063687345772
2197	6164	1.9170789123357
10890	8540	1.91599385821916
11322	23225	1.91507215607764
6171	6209	1.91196641565133
28952	8721	1.91179443250838
6171	6217	1.91153975467506
10217	340205	1.91117323854981
1915	6156	1.91054031119319
567	6156	1.91052059506427
1349	84833	1.91044761144086
2664	6892	1.90913489254115
3001	81563	1.90896925603843
6147	6227	1.90882202176974
1915	3107	1.90810213413029
2935	8780	1.90700681036512
51312	9921	1.90475975841036
23161	51136	1.90291346942116
55819	945	1.90143332056352
409	7791	1.90137936470124
10558	51699	1.8997413058481
3106	6205	1.89969859395921
598	6521	1.89935099440344
51596	79002	1.89909368158124
6135	6234	1.898252374858
23196	5093	1.89810273571705
3939	6845	1.89732508312749
4179	9100	1.89724202862363
10857	5577	1.89581555603621
6152	6167	1.89326723524295
54467	5529	1.89318687512805
25893	55432	1.89171455377537
6169	6233	1.88926688069017
4057	4973	1.88867066616453
395	5473	1.88778906566722
914	915	1.88760937289319
5478	6194	1.88734952348502
51070	91782	1.88725751377023
23526	84364	1.88673261768573
6227	7311	1.88581380525638
116151	7145	1.88567421952905
4354	51312	1.88495295576849
5228	90338	1.88485217086106
11322	4302	1.88366961383047
10098	55432	1.88360360785721
10856	5710	1.88155097650238
2038	8991	1.88078583945658
6133	6169	1.87930521799612
4354	759	1.87898767445231
55605	8530	1.87881418461419
53615	9130	1.87841804120236
116151	55796	1.87779348293703
340205	4052	1.87751246165646
2766	4354	1.87398389923792
30009	8530	1.87242748682196
3939	8754	1.8696645670687
489	8525	1.86909161197903
6597	7916	1.86890157174023
51389	8570	1.86827915641799
100133941	383	1.86823189514099
23190	23471	1.86763895546543
6136	6168	1.86749004914008
25793	27102	1.86673690607819
57589	9375	1.86628386131648
3932	4063	1.86561679244654
6164	6191	1.86556228542341
4666	6128	1.86518094676309
7049	81563	1.8637640165383
4666	6227	1.86227941320152
26092	4179	1.86119877636945
54947	57589	1.86000485797669
129607	64135	1.85865109084852
493856	55432	1.85609287363362
23586	51191	1.8546580483895
10097	23471	1.85362618102132
22934	25793	1.85322409527551
10261	6102	1.85002078270697
51035	8409	1.84983955494744
11333	79979	1.84949943740349
6135	6204	1.84947911178738
334	9770	1.84898316931018
84519	9848	1.8483613347047
54947	7099	1.84784329536461
23603	8724	1.84604056531045
4638	5577	1.84587393921049
23608	9491	1.84574503236299
51035	8733	1.84359131060831
124583	54440	1.8432337670621
197370	8666	1.84317121736992
26173	4034	1.84255179271702
11331	1327	1.84245161924416
4600	4939	1.84240380537517
3107	6210	1.84153524245226
5708	57862	1.83781307588841
6155	7311	1.83519614730705
6156	6175	1.83431622016151
6136	6161	1.8318581479341
220972	2994	1.83110833028711
4034	9130	1.83068128977767
147179	2316	1.83055161412648
3983	51070	1.8287710556611
6152	6232	1.82823709020135
2969	7072	1.82796004281365
598	669	1.82695481130415
23071	64422	1.82558151192864
23471	4179	1.81782808279873
3627	94240	1.81779095772417
4332	50856	1.81730843011906
6142	6175	1.81646297271106
6168	6223	1.81540503137113
3074	533	1.81440937667244
22913	23526	1.81428738996199
115350	1879	1.81423220764886
1879	5079	1.81160510570051
4696	84833	1.8105928623579
10311	4179	1.8105007757867
55320	9522	1.81036219689486
10006	28977	1.81029108516132
613	6709	1.80639476888439
6128	6210	1.80610436431273
6188	6191	1.80571169340898
25893	2994	1.80485634561171
6168	6206	1.80398772349952
2235	2935	1.80396139898422
2212	23136	1.80280122467972
51582	57515	1.802691523631
27040	5790	1.801598866424
51665	9744	1.80074519558907
2316	6892	1.80051347550908
2197	6158	1.8000287202235
2235	51094	1.79952073694369
5093	8754	1.7984919657052
10098	55796	1.79667887999975
1052	122953	1.79568431776724
162427	4134	1.79492824895959
170506	80155	1.79466722874054
643155	79624	1.79295417823567
53615	6494	1.79139939436062
60313	79027	1.79090054228733
116461	4801	1.78948766563529
2039	6521	1.78703425365143
2791	5473	1.78617250276319
6142	6191	1.7849464420566
10276	51176	1.78482415939034
6171	6233	1.78469227365023
738	8721	1.78380778281975
6176	6235	1.7805261179244
1955	4688	1.78037533546584
6142	6208	1.78032615097912
6171	7316	1.77937155878584
220972	8780	1.77372705565839
7323	8724	1.77203740367988
10097	8763	1.77193405969733
53637	79899	1.77137702748263
10261	1486	1.77017600576705
2197	6222	1.77001916363239
63940	7917	1.76650882967175
2212	8942	1.76485735161059
64848	79027	1.76484229432519
2766	6535	1.76395530343807
2197	9045	1.76374651208347
598	759	1.76279378574101
1536	57688	1.76263588405126
1936	3615	1.76205124071651
4939	94240	1.75980551870067
10217	395	1.75978185918372
2771	63940	1.75881557185731
27040	29098	1.75749035669146
147138	59307	1.75671595595199
55432	7504	1.75640862818688
2197	6160	1.75554515314404
2039	669	1.75540112337766
51218	8991	1.75526732092152
3587	5708	1.75497173671631
6229	6234	1.75447457743355
115207	4332	1.75438666378352
738	79002	1.75064847733481
51094	51218	1.75046731867424
6208	6228	1.74908041799271
27161	27246	1.74854973449898
158158	57730	1.74635473338661
25793	3042	1.74581015249052
51386	6175	1.74430708678451
4076	51714	1.74292355566087
11163	6622	1.74279039294964
6155	6206	1.74212737382896
162427	84987	1.74182082320048
64417	80012	1.74114507003806
25796	2771	1.73948011712701
6193	9045	1.73884641226703
7917	8907	1.73811636717407
8724	8754	1.73775308581404
10800	23325	1.73764153994296
1088	1991	1.73610313447951
22913	6494	1.73546690232368
54855	9921	1.7349672840637
6194	6206	1.73465816689249
54440	58190	1.73201853739973
1915	6168	1.72983969250034
51167	51714	1.72730028034901
6128	6164	1.72640810612647
4726	6185	1.72636920866262
6170	6191	1.72260047672214
27335	8721	1.72234516295428
6392	8763	1.72169668527851
567	6142	1.72141595613525
6133	6152	1.72094782150831
340205	395	1.71904756275908
55432	6521	1.71836888139804
220972	3045	1.71645075788271
152789	925	1.71572250690307
51218	57095	1.71450155470643
10856	5689	1.71386110361283
79888	864	1.7121814730608
310	3939	1.71114450813383
283989	7535	1.7109233511048
4666	6159	1.70948731213283
118932	8743	1.70828034217171
4736	6191	1.70662794922353
1915	6191	1.70652122621184
25793	9921	1.7046104468906
10908	2771	1.70319317530972
23264	57486	1.70228410421595
6128	6152	1.7005031401539
2197	6201	1.69979354953093
162427	613	1.69759078082052
10163	9647	1.69599838518896
6133	6230	1.69538265598374
212	23608	1.69185086239319
1639	9261	1.69044349783547
23190	9522	1.68759042482028
310	6342	1.68582165959499
2999	4818	1.68420968336146
7145	7504	1.68374606061965
2664	54440	1.68244246304829
23344	25920	1.68114937560067
2309	51629	1.68109754320006
4736	6135	1.68070198313672
2235	80127	1.67799431685243
54855	55796	1.67756639618276
8034	9736	1.67400116615372
2773	54499	1.67299319478494
10695	9647	1.67273953710015
2935	51629	1.67091376847463
4179	64924	1.67044755238241
4736	6155	1.66675740787727
1629	55142	1.6666664309982
23608	3042	1.66635929910295
4601	6622	1.66588749792752
84281	8654	1.66492180813935
4601	51094	1.66359338792966
116985	79890	1.66246186693989
6187	6235	1.66165735487682
100133941	4057	1.66048867738407
23603	64231	1.65953281531783
7178	7316	1.65855661801586
2783	56905	1.65838040128516
283989	53637	1.65666921639584
27020	8540	1.65664337601366
64844	6814	1.65569288858706
374403	5437	1.65454217663704
128240	5688	1.65433770519005
51714	55788	1.65422688833278
54440	6597	1.65326196046098
51291	6830	1.65116433913527
930	973	1.65007675275932
23190	5788	1.64833406600586
10235	55695	1.64721384423815
162427	54440	1.64718486350343
23523	6709	1.64708269614525
3042	3049	1.64533541338162
23264	55771	1.64373649988308
2994	3045	1.63889008512151
117246	6597	1.63760713361264
3690	4052	1.63745764888722
25853	7504	1.63387345754108
27102	55432	1.63331684907793
4668	4688	1.63303626363782
2766	6521	1.63159538136231
22797	54947	1.62934488144131
4354	8531	1.62790852463354
6152	6229	1.62485295449201
339745	51167	1.62262150074045
513	63940	1.61725895624917
226	9647	1.61682388652953
6204	9045	1.61636396813488
6128	6232	1.61395303905672
8724	9061	1.61343463732204
23531	4638	1.6094893981234
1520	2124	1.60939824755841
1359	9590	1.6080918843883
10273	3385	1.60611479245695
10944	7341	1.6046482229984
10938	5790	1.60437114677877
5585	80895	1.60024193771948
6142	6160	1.59676369386724
3431	83666	1.59595944904896
6152	6176	1.59575641660373
239	3674	1.59480544226475
147179	1639	1.59407342709811
6122	6165	1.59372176105222
153222	5295	1.59297832814171
2994	669	1.59141396788964
3107	7178	1.59110285359347
212	51094	1.59015201408689
4076	4200	1.58778993781583
116151	22934	1.58761791133287
1639	6597	1.58710086169815
6128	6228	1.58680619343067
6191	7114	1.58626852153284
114548	2799	1.58581828074564
11313	396	1.58554842754581
6451	830	1.58497144250331
2039	25893	1.58488040382807
4302	9744	1.5843247681882
4668	55819	1.58411561275168
51313	8754	1.58331033229594
6175	6209	1.58309803681741
6158	9168	1.58307385258411
6210	7316	1.58119871585198
4236	91603	1.57836497306657
6168	6171	1.57708205968848
3106	6229	1.57590436388504
6222	7311	1.57586445500649
171546	286144	1.57566106591905
567	6129	1.57529381472983
51218	669	1.57428210723169
7535	81926	1.56879844417082
5551	8530	1.56769609258121
7535	9744	1.56715395566387
6845	8724	1.5670575910958
22848	374403	1.56579281411704
219972	29992	1.56393054590905
26301	64115	1.5634460240925
3661	8241	1.56328697851626
6626	7318	1.56080197471733
25851	57666	1.5598589622446
2235	7111	1.55903849554238
6160	6235	1.55886298023011
162427	26173	1.55849429774675
10964	4940	1.55845452981388
23608	3045	1.55818456037347
54855	7504	1.55797680442894
6147	6176	1.55621735196745
310	5781	1.55252233572079
23225	6305	1.55101887076683
170463	22913	1.55078878698639
3434	4600	1.54887330705437
5469	5529	1.54776423444512
10075	6204	1.54759225524508
219285	3433	1.54740838119233
1915	6135	1.54685099131707
6160	6188	1.54586252296802
6141	6222	1.54399585232336
84519	9886	1.5433529869845
2512	7316	1.5421205790979
254102	7297	1.54145557498411
129607	3429	1.54103830287056
2316	80709	1.5382884837374
138151	9989	1.53742682457561
1997	23190	1.5342792335817
4236	51340	1.53422454585338
3627	83666	1.53410152848498
10273	89941	1.53358158266623
6152	6191	1.53331211850293
6209	6230	1.53188307533264
5900	975	1.52948447449514
4052	79993	1.52875246476293
23530	51582	1.52803455687337
219285	91543	1.52748734822075
6169	7311	1.52732384934437
91543	9636	1.52687148338652
254863	8409	1.52461513142831
6136	6234	1.52408293736286
6129	6208	1.52331295845406
5473	6678	1.52316607853251
6209	6223	1.5227865471048
665	8531	1.52215741962141
26092	6400	1.52180882839197
22889	256471	1.52148372384248
933	973	1.51972466840938
3106	6194	1.51969185695876
6232	7316	1.5175400044123
5708	93380	1.5175134165349
23313	408	1.51728004306349
51710	84267	1.51697501934407
22934	51629	1.51584998799882
1991	671	1.51560542701482
3433	4600	1.51208519929292
10641	5790	1.51190199879082
3107	60	1.50689878863924
85019	90338	1.50634110211122
81027	83699	1.50618432030439
57659	7994	1.50532071016117
2791	395	1.5031293304193
6132	6175	1.50272369889399
6678	84519	1.50191318430752
83443	84833	1.49942244506889
2766	51629	1.49914316788843
6142	6170	1.49884504871707
1486	23325	1.4984668822917
6171	6191	1.49689409100974
100129792	55771	1.49666988721822
23473	8763	1.49624717906178
11342	1536	1.496106658978
6128	6156	1.49549768587935
7099	8942	1.49494885922392
2771	2783	1.49371111316244
23531	8334	1.49347941886653
6170	9168	1.49270513166929
5567	9184	1.49185941946876
10098	51312	1.4915705130464
23471	5788	1.48950859775432
6204	6210	1.48874901168729
6633	79002	1.48727429875441
2017	6403	1.48713912422707
55363	7328	1.48657448544267
339745	8301	1.48522444050246
10235	9814	1.48438792319215
353	8409	1.48301100921825
6227	6234	1.48300664670011
3055	7097	1.4824141234988
10075	6235	1.4824030737846
10321	4680	1.48140976539404
353	84987	1.48015465786072
2766	55432	1.47947046324956
23325	55233	1.47779680098276
6201	6204	1.4776447843414
1495	23603	1.47614810304613
4689	945	1.47494685884143
6195	9673	1.47236473138702
10908	63940	1.46962569928095
212	7145	1.46937976409325
22934	55796	1.46936146666241
55320	57132	1.46766217002476
4666	6205	1.46518324342526
6845	9375	1.46421937504173
9612	9647	1.46346659745797
1915	6233	1.4632156601962
10735	51605	1.46267566112666
79002	8721	1.46147526833957
59307	84958	1.46017240311942
4601	55796	1.45916403157875
23471	9100	1.45845088553934
4601	51218	1.45541059746824
10964	4600	1.45502267987791
6206	7311	1.4543715987792
168850	57606	1.45418637923267
4939	54739	1.45392740645302
6187	6204	1.45293796104477
6191	6217	1.45210655799931
2791	84519	1.45163301848987
3646	8667	1.45132773250649
2124	8724	1.44814661030725
5790	9049	1.44814095490252
4893	6845	1.44401932463777
10235	23526	1.44285635117512
5829	6793	1.442476368479
51714	6883	1.44158530460948
23215	7707	1.44147120200437
6129	6171	1.43916733891688
4134	5605	1.43831279184299
6122	6223	1.43721341781158
834	9517	1.43199801819913
1915	6129	1.43079508779692
23526	84619	1.42992100760308
10006	26092	1.42848853984281
493856	54855	1.42810566982206
10235	147138	1.42789938903633
2235	57095	1.4256500444182
54440	6603	1.4252974770557
10217	80763	1.42421441359877
2664	6830	1.42391513360821
147138	9744	1.42380219115872
7096	7099	1.42034471112428
10075	7316	1.42027650646997
6129	6141	1.4181874234056
1349	9377	1.41800718729216
55796	665	1.41770911670097
598	7145	1.41747288852257
10097	1997	1.41734615964587
1936	29997	1.41657490550608
11051	2551	1.41561603854489
6164	6201	1.41551582444795
126328	6923	1.41441928068571
91543	94240	1.41313415621881
2589	3251	1.41154018252987
51010	84437	1.41081512853869
6171	6227	1.41065764053498
5742	9886	1.40954425553471
6128	6135	1.40941035012053
6614	91543	1.40814277287733
3105	6233	1.40707690999711
55615	8934	1.40639711284689
5660	7305	1.40510211527406
100129792	79939	1.40442994998764
83860	9669	1.40132659978788
6152	6164	1.40063702809643
432	945	1.40004105181888
162427	8175	1.39960387177074
7384	9647	1.39926539671458
1936	84266	1.39663920687881
51094	5494	1.39537926654988
226	23406	1.3950368997504
1915	6133	1.39375204912256
2791	3693	1.39283665099626
212	25793	1.39247047791466
3615	738	1.39190527297566
10561	3433	1.39123871738724
10273	84364	1.38645808160295
6597	9130	1.38599696186192
10938	7535	1.38529658253571
1327	150678	1.38351618844131
3661	374403	1.38345217482967
11051	6856	1.38302624141105
4638	84281	1.38297746211545
10935	22803	1.38290330930828
3107	6222	1.38210946343626
254863	5037	1.38188600996573
2197	6234	1.3802188537596
54838	5708	1.37956850828447
6760	9135	1.378663708018
8763	965	1.37671124705459
23603	9555	1.37571692262176
147179	7916	1.37558437075133
3094	4869	1.37557620420932
1936	8721	1.37342323806452
2766	2994	1.37272734699577
10075	7311	1.37257151699132
2624	9590	1.37142466714384
396	5708	1.37109403113175
162427	25920	1.37075554260534
375743	55578	1.37012211106224
6830	80709	1.36990048172236
1327	1340	1.36617274337907
340205	84281	1.36482710989635
4599	4940	1.36219079834768
152789	6352	1.36091958169697
10217	6403	1.36016540751939
5900	81926	1.35910395430439
3434	6614	1.35859742032888
55771	8621	1.35729511623479
100131801	5708	1.35715294224595
199990	90864	1.35546181536081
60	6142	1.35309188118276
115350	55024	1.35208121760673
427	5230	1.34887795090546
6451	6845	1.34887785707758
10561	6614	1.34759272457443
374403	8241	1.34581771300046
29952	54973	1.34540345746777
100133941	306	1.34495856272327
57092	9100	1.34435377061277
126328	29082	1.3386659932291
81856	90338	1.33859231029133
25853	2993	1.33823309152773
1051	6303	1.3363572144582
3163	5790	1.33518568184668
1955	5230	1.33449744537507
51167	7099	1.33329563767432
8301	9375	1.33235959465767
10376	84790	1.33086044970338
5534	6016	1.32953815325632
55819	6916	1.32936010729513
4940	83666	1.32886816206492
567	6191	1.32861197230597
55049	55738	1.32740375109441
11313	124583	1.32730002070509
6167	7311	1.32616397559136
5778	7535	1.32575959419165
219333	26994	1.32538095096595
2235	598	1.32293939728519
100133941	3934	1.32055725311311
154075	83988	1.31870363929313
4191	79701	1.31840549358219
8334	84519	1.31643673655557
1915	6209	1.31395166246869
163049	30000	1.31059134410212
115207	23196	1.30966473784229
6142	6204	1.30948820185952
6176	9168	1.30886363380006
212	25853	1.30848640473749
51141	7072	1.30706890818882
6142	7114	1.30642306888819
1915	6217	1.30622932815661
53637	5551	1.30511252073377
10558	9375	1.30415727921617
4354	8780	1.30176836595694
1642	93380	1.30157627857725
3074	4688	1.29759066755694
6122	6159	1.2945243727167
5478	6201	1.29442476658109
4335	6597	1.29362534128016
26092	8763	1.29106600631374
126328	5708	1.28515542680321
5727	7049	1.28484080194671
9045	9349	1.28427777178891
170960	84267	1.28256247987378
51510	64135	1.28229246119291
7385	7812	1.28068052394627
466	90843	1.27996792669197
6386	7099	1.27691203032706
11342	7099	1.27534330684949
25853	51629	1.27329746866488
8766	9978	1.27139747141033
23527	4534	1.27124488425335
395	81027	1.27041303774873
84901	9139	1.27039873767099
6191	6204	1.26975812003115
2309	8531	1.26872754210024
10006	23190	1.26827736777105
396	6404	1.26817629276976
199	9056	1.26783372509084
22797	7099	1.26769832933023
53637	81926	1.26715488590821
334	7462	1.2667797619749
10857	81027	1.26609199104451
10641	54910	1.26566907719926
2091	51596	1.26502123763425
23001	81846	1.26494946724931
147138	22848	1.26457103771011
10935	4076	1.26452899593009
11188	11336	1.26316562366271
10287	391	1.2597049677736
26999	6709	1.25949099109883
29887	830	1.25948654653916
25793	9491	1.2582434260703
84364	89941	1.25733044543069
54739	9636	1.25681425262824
11342	23071	1.25459691356315
10430	10856	1.25448678702766
23603	4688	1.2542095070135
1520	5552	1.25407995083738
1915	6188	1.25147612737628
6204	6223	1.25041441716919
4200	9375	1.2479343809412
132160	6597	1.24722603175744
4666	6217	1.24508480758059
2309	55432	1.24460462213835
10856	9577	1.24282281679592
29760	55024	1.24257395645932
1236	129293	1.24242219276017
11123	4753	1.24112514586834
25893	54855	1.24062159824378
2791	5196	1.23959694733501
3251	5093	1.23929092330551
8666	8721	1.23898729000569
51218	8780	1.2369936721842
84898	948	1.23364547187613
4688	9770	1.2327941358
6521	6535	1.23223336967054
6352	914	1.23183772692242
150678	8721	1.2317208784486
3690	6403	1.23130038775829
10010	8763	1.23027190951723
219972	942	1.23019919862538
212	665	1.2301882369541
115207	948	1.22998645655532
54973	955	1.22995287352754
6709	994	1.22878884101172
665	8991	1.22632516961323
1879	4345	1.22616459948353
10938	975	1.22583390217859
4939	51191	1.22439501052543
5469	56987	1.22422480652689
55437	80127	1.22369945098585
126328	27183	1.22234217559816
6223	6227	1.22057927041488
6152	6193	1.22042117124579
199786	973	1.22038710977642
4800	57599	1.21924226002614
2993	54855	1.21820563372242
29108	51296	1.21762523153923
10098	23608	1.21306016046384
10163	9612	1.21278415682236
4736	6147	1.21277367476755
6161	6201	1.21153518422165
55182	63940	1.21087630588983
60	6147	1.2105194483326
84898	9555	1.209841345965
10904	6597	1.20650096047344
23071	3920	1.20499237448546
162394	80155	1.20196466562779
6146	6193	1.20087373504134
10273	513	1.2007168830113
5708	6185	1.19927025828866
1639	63940	1.19910543636926
3001	3824	1.1985402882661
340205	80763	1.19819104300812
3001	5521	1.19763377749013
6152	6158	1.19647576333328
10641	4775	1.1943651602166
360	6932	1.19340879727322
26092	4200	1.19282098722507
5605	63940	1.19266975701493
25865	55226	1.18947476407427
6136	6206	1.18762176260099
6168	6191	1.18719528565169
7099	8754	1.18515719026946
6168	6169	1.18468111842495
57515	6342	1.18440464542561
1955	5836	1.18377535183208
6152	6222	1.18334224275362
10289	54855	1.18311107633175
11184	6709	1.18243608062307
5573	7096	1.18239674149255
6521	665	1.18057420459771
168544	84106	1.17822025011666
64844	7555	1.17795977391379
22890	7072	1.17740841949843
6135	6227	1.17715852295371
147179	6830	1.17623323622636
219333	493856	1.17460525163571
51094	6521	1.17250907927493
23318	375743	1.17188597064618
219333	54855	1.1713153571266
27020	830	1.16946092030674
5577	63933	1.16891301297406
23654	391	1.16882262555863
10273	59307	1.16787252856062
10006	84248	1.16706257216095
114885	7096	1.16705611207724
10098	55437	1.16684385503938
2993	2994	1.16627864935957
51629	57095	1.16524407216038
55615	7535	1.16519967917529
2124	6643	1.16273726025527
55863	84248	1.16160991656926
11051	23530	1.16117744793105
10159	9375	1.16057911356755
5204	8665	1.15876109251165
60	7316	1.15722178698925
2747	4179	1.15135180506349
5196	5577	1.14922747698632
10217	3674	1.14851948512301
26999	5037	1.14848980938934
51582	5868	1.14799316236423
26994	669	1.14793380576931
170960	8621	1.14639526828115
2791	9848	1.14602138423604
26092	50640	1.14572155227019
165324	5143	1.14498711182
81027	84519	1.14459158403765
6135	6143	1.14419239563808
54855	8991	1.14299777741605
25793	669	1.142535050362
2039	3045	1.14144088763751
6159	6201	1.14094329916688
4668	834	1.14028743325718
57606	9100	1.13900982750296
2850	60675	1.13754600083093
11336	8733	1.13523481525713
2039	598	1.13520200163292
10092	57132	1.13518220910417
2197	6159	1.13514103830404
11163	51218	1.13405581671602
10098	2309	1.13243622134198
27335	6633	1.13159636403685
11342	3939	1.12974601374035
5781	7812	1.12903020872906
4666	6209	1.1277430283791
489	9744	1.12723379576934
6535	7145	1.12714723079958
26999	915	1.12685961591661
25946	391	1.12628792510565
22848	23526	1.12415083394689
2872	8985	1.12266270080557
25853	7111	1.12177593694978
10641	59307	1.12072609809674
3437	710	1.1189551203113
6128	6233	1.11866707198198
4257	79887	1.11858152081248
374403	6305	1.11648918188597
4666	6222	1.11523718792414
10938	59307	1.11457382991605
83666	8743	1.11420700947911
132160	23396	1.11394131412636
5577	80763	1.11272029512844
10695	79890	1.11171617518638
11098	81563	1.1101910369985
1088	1116	1.10714707207946
26994	55432	1.10709072821836
340205	3674	1.1061969634306
3105	7311	1.10589202057861
1175	25796	1.10515443288949
51329	8721	1.10487504445206
51094	669	1.10395928182743
10098	598	1.10356798310359
6187	7311	1.10244743093646
55233	57132	1.10068432665395
27020	57515	1.10052730191201
100131801	6185	1.09879705976224
10261	830	1.09873682956059
5093	6845	1.09869706788788
598	6535	1.09747404405025
4800	6760	1.09661792141037
51714	57092	1.09655693962765
6147	7114	1.09641337717662
432	4689	1.09632642476051
830	8540	1.09606391546402
5478	6235	1.09523180670559
10010	57515	1.09492670402577
23526	8241	1.09451625366152
55819	7462	1.09429768549501
6143	6164	1.09400257393443
51710	7840	1.09215622914615
6128	6187	1.09141803769449
51167	8301	1.0905731415838
7528	92140	1.09010137598315
6229	6235	1.08808783615635
25893	5494	1.08805937226433
26092	5861	1.08727075272449
665	8031	1.08641279364313
6194	6234	1.08624860267296
115939	29082	1.0855827222699
23225	55738	1.08553323512839
8019	93380	1.08445938383906
3107	6194	1.08358035762031
1175	23406	1.08357780362002
395	79993	1.08312219274306
6167	6205	1.08311895201217
51176	5569	1.08177619297201
1088	4973	1.0812477735475
6176	6201	1.08117011430922
51714	5868	1.08065224040443
147138	23526	1.07951828140171
55605	84525	1.07925488598566
6170	6235	1.07911015151272
22848	8629	1.0781096014845
4736	6193	1.07635540970222
7404	7544	1.07083714279604
54904	55904	1.06949796757936
23325	91408	1.06842668106157
29997	6152	1.06605401919231
11322	84958	1.06400469306634
25853	598	1.06383506233827
2197	6188	1.06357362723743
5143	84267	1.06296877875633
6135	6171	1.06291085530312
6133	6191	1.06261610992696
5716	5868	1.06225065772496
1991	4680	1.06064217164326
7404	9086	1.06050357279862
6856	9100	1.05939127585664
64115	7133	1.05643973006278
310	7812	1.05607690585271
6633	8409	1.05504336027298
51586	6625	1.05482081824117
23325	55862	1.05392214745567
51329	54973	1.05209206572902
51496	57599	1.05092016982599
129607	4600	1.04945881767695
149628	9289	1.04868226429896
6156	6223	1.04758520829426
6195	80301	1.04695849797841
83607	89890	1.04587083201354
51441	7528	1.04530067777146
23526	55111	1.04502787124825
6932	79814	1.04377994772292
6201	7311	1.04165364896788
4601	665	1.03966973632651
1629	170960	1.03875666382532
1230	9935	1.03724168337222
4089	57711	1.03687725669666
6147	6228	1.03340573534819
3939	5604	1.03321221785926
2771	391	1.03315411023611
7504	759	1.03312592952175
51593	54973	1.03212732157102
7384	79890	1.03209934953987
23531	79993	1.03112805745863
51094	8991	1.03092385220331
3674	3690	1.03024184910561
54440	6830	1.03022430852388
1629	165324	1.02854221748694
2935	55796	1.02660393646504
353	738	1.02615694433632
57688	80315	1.02601125957931
6772	94240	1.02555301803699
22803	6883	1.02442239655949
339745	57132	1.02439085836471
139105	79993	1.0232317641621
353	51035	1.02318683366306
55327	6049	1.02240620420525
10558	203228	1.02221931755987
222166	5577	1.02211905558021
383	4680	1.02173193624547
25793	598	1.02143524674157
160760	58493	1.02115550049574
10600	60592	1.01927468412593
6760	7072	1.01878725613283
10600	11051	1.01754522542474
23312	4853	1.01645852478215
4601	51327	1.0146062119475
28977	9100	1.01406315100074
57688	7099	1.01285976599787
4257	6386	1.01151299451583
10904	55700	1.01126951882674
51629	54855	1.01118712537825
29992	55819	1.00992023509549
914	926	1.00968753676464
203228	8767	1.00865395977427
6143	6210	1.00711448949912
115207	3459	1.00462404700402
6175	6194	1.00371498010088
54440	6464	1.00280826357329
4345	5079	1.00269406791641
11051	5781	1.00184360926958
57129	83443	1.00153486590955
23473	23530	1.00151136573763
4818	83988	1.00053589332236
