1915	6228	4.16155150184116
6232	7178	4.16148748122001
10075	6156	4.16140548846382
6228	7178	4.16138917091651
6168	6232	4.16136499679464
10075	1915	4.16135491950004
1915	7178	4.16134210282438
6228	6232	4.16131554186634
6133	6168	4.16130909817698
6168	7178	4.16129703624355
6133	7178	4.16128870718745
1915	6232	4.16126453970786
1915	6191	4.16121418113608
10075	7178	4.16121333437503
10075	6171	4.1611999089715
6191	6232	4.16117933696744
6168	6191	4.16116611854607
6191	6228	4.16116353097344
6171	7178	4.16114569829391
6187	7178	4.16113222735159
6168	6228	4.16113141331974
10075	6228	4.16112353590132
1915	6168	4.16111221484321
10075	6168	4.16110765395196
6143	6222	4.1611012182755
6210	7178	4.16109924147223
1915	6133	4.16109773006746
6133	6228	4.16108877944244
6161	7178	4.16108838313376
6147	6156	4.16108721947473
10075	6232	4.16107611970099
6156	6168	4.16107375688404
10075	6210	4.1610715874345
6156	6161	4.16104706185473
6133	6232	4.16104519739982
6210	6232	4.16102310415184
6161	6171	4.16098036215622
6133	6191	4.16097084493105
6161	6222	4.16097061465859
6187	6222	4.16096015790034
6171	6210	4.16095910721134
6167	7178	4.16095803604896
1915	6210	4.16095007013599
6161	6232	4.16091931954416
6143	6161	4.16091503005318
6161	6187	4.16089634013895
6164	7178	4.16089447717953
6161	6168	4.16087316114061
10075	6161	4.16087289870109
6133	6161	4.16087011998946
6222	7178	4.16086276010911
6187	6232	4.16085921129103
6167	6232	4.16085652053683
6147	6168	4.16083297295968
6143	6156	4.16079134266264
1915	6161	4.1607893181124
6171	6228	4.16076914428633
6191	7178	4.16074882866613
6187	6208	4.16074617011923
4736	6168	4.16074336536448
10075	6191	4.16074137449203
6164	6232	4.16073167302886
6168	6210	4.16071816609464
1915	6156	4.16068170952677
6164	6187	4.16068081794331
6168	6171	4.16067968657664
1915	6129	4.16062986404543
1915	6171	4.16062323163961
6187	6228	4.16061186922676
6171	6232	4.16059697401283
6161	6210	4.16059168026858
10075	6133	4.16058072811944
6161	6228	4.16056749139606
6156	6171	4.16055601814141
6210	6228	4.16052994148133
1915	6187	4.16049854056146
4736	6133	4.16044733048114
6187	6210	4.16043458727365
1915	6222	4.16042372909951
6168	6222	4.16042346697248
6156	6232	4.16040088615513
6129	6170	4.1603835876881
6222	6232	4.16037340861082
6133	6156	4.16036786576716
6133	6167	4.16033775761413
6129	6133	4.1603212410954
1915	6167	4.16031873185252
6161	6164	4.16031264898528
6143	7178	4.16029335952713
6129	6191	4.16028231758718
6167	6228	4.1602665210401
6222	6228	4.16026083040099
6171	6187	4.16024815467086
6164	6222	4.16024120134216
6168	6187	4.16021362190691
6167	6168	4.16020892499759
6143	6187	4.16020861668929
6156	6210	4.16020720905138
10075	6147	4.16020592377013
6156	7178	4.16020531447068
6156	6191	4.16019376121452
10075	6187	4.16015864704506
1915	6170	4.16015635668575
6160	7178	4.1601489616369
6164	6171	4.16014218133997
1915	6143	4.16013357463818
6161	6191	4.16012975532725
6156	6222	4.16010025997215
6147	6232	4.16007934162403
1915	4736	4.16007820967238
6133	6222	4.16007654455235
6191	6210	4.16006141652793
6171	6222	4.16005543347908
4736	7178	4.16004608384674
6164	6168	4.16003691792766
6164	6228	4.16003518940214
4736	6228	4.16003118555236
6171	6191	4.16001381023628
10075	6143	4.1600111899765
6143	6232	4.15998486355242
6133	6171	4.15996788252227
6170	6191	4.1599574508834
6156	6228	4.15994607139418
6129	7178	4.15994198627519
6164	6208	4.15992787960053
6170	6232	4.15992218007951
6129	6228	4.15992082352431
6160	6228	4.15991409895353
6160	6161	4.15990531180733
6161	6167	4.1598982682345
6143	6168	4.15981550871311
6208	7178	4.15981492435904
6129	6167	4.15981085608672
6143	6210	4.15980078346275
6133	6143	4.15979330600663
6167	6191	4.15977111844205
6147	6161	4.15976949785011
6143	6191	4.15975286295564
6133	6210	4.15973993497527
6167	6187	4.15973837875273
6169	6205	4.15973544332535
6191	6222	4.1597324856228
6170	6228	4.15968698108652
6133	6187	4.15968604793702
1915	6147	4.15967356462794
6210	6222	4.15964761498732
4736	6232	4.15964703851537
6133	6170	4.15962406349446
6160	6222	4.15962179561879
6133	6147	4.15960882987207
6205	6208	4.15959289801064
6147	6228	4.15959043502818
6147	6222	4.15958180669311
6156	6187	4.15958119658568
6143	6171	4.159522936853
1915	6160	4.1595223949229
6187	6191	4.15947971018885
6133	6160	4.15947387158192
6160	6187	4.15945966054007
6129	6232	4.15945927338861
6147	7178	4.1594532784919
10075	6222	4.15944945017066
6133	6164	4.15939993861977
6143	6228	4.15938513882144
1915	6164	4.15937870132232
6208	6222	4.15937629922153
6155	6170	4.15937476492394
6164	6167	4.15935676974628
4736	6156	4.15931104403343
6147	6191	4.15930477030286
6204	6205	4.15929701253422
6170	7178	4.15929049583006
4736	6191	4.15927421917402
4736	6234	4.15926192363468
6208	6228	4.15923279091275
6169	6194	4.15918478640935
6143	6147	4.15917093218704
6208	6232	4.15913454616187
4736	6160	4.15913079999829
4736	6164	4.15912365013331
6129	6168	4.15909940390831
6155	6167	4.15908469094968
6194	6201	4.15904665412059
6147	6171	4.15904415787876
6164	6210	4.15902518261406
10075	6170	4.15899600265622
4736	6222	4.15898001960248
6160	6208	4.15894747617073
6147	6187	4.15893887832283
4736	6161	4.15893725761788
6147	6210	4.15892685957089
10075	6129	4.15891336623511
6129	6155	4.15886580081104
4736	6147	4.15875357231955
4736	6167	4.15865548879399
6160	6232	4.15865403519162
6167	6222	4.15864724835028
6160	6168	4.15864629764781
6167	6170	4.15863917921963
6133	6155	4.1586275455143
4736	6143	4.15859529293799
10075	6164	4.15856168698383
6160	6164	4.15838730232535
6168	6234	4.15834195598209
6133	6234	4.15833809786131
6194	6204	4.15826825373801
6143	6160	4.15826248931204
6228	6234	4.15824931733216
6167	6210	4.15818102202036
6160	6167	4.15813861890697
6143	6164	4.1580917499033
10075	4736	4.15802645317318
10075	6167	4.15802149215087
6160	6171	4.15798713607238
6133	6208	4.15797647307623
6168	6170	4.15794668224442
6129	6156	4.15792509247379
6147	6164	4.15791436857571
6167	6208	4.15782939334008
6156	6160	4.1578185434861
6156	6164	4.15778657717665
6160	6191	4.15773550659801
6161	6208	4.15772730423228
4736	6129	4.15771604419155
6164	6234	4.15771577816533
6234	7178	4.15769858652277
6164	6191	4.15752188907599
4736	6155	4.15742026455518
6129	6161	4.15736660995052
6129	6210	4.15734651933934
1915	6208	4.15732673527773
10075	6160	4.15726999873147
6160	6210	4.15723216786382
4736	6210	4.1571898420185
1915	6155	4.1571858855242
6155	6228	4.15718142419681
6167	6171	4.15709869353849
6167	6233	4.15709729117295
6232	6234	4.15706231062893
4736	6187	4.15703834895109
4736	6171	4.15702552937808
6169	6204	4.1569646608517
6143	6167	4.15694840317016
6160	6234	4.15694681200051
4736	6235	4.15670092412167
6194	6205	4.15669778771558
1915	6234	4.15661885885834
6129	6187	4.15661858635998
6161	6234	4.1565929045971
6155	7178	4.15657998932887
6129	6143	4.15654995201981
6155	6160	4.15652116742074
6176	6208	4.15651927618526
6156	6167	4.15633008307059
6155	6191	4.15632041835065
6170	6171	4.15629741100762
6235	7178	4.15622164679966
6194	6209	4.15619507404901
6143	6208	4.15613633722917
6129	6160	4.1561160206165
6176	6187	4.15596594905432
6147	6160	4.1558759356641
6164	6235	4.1558697155109
6133	6235	4.15585379152547
6191	6208	4.15575556578853
6164	6205	4.15575078394869
6171	6208	4.15565892498561
6146	6152	4.15558401806077
6155	6232	4.1554568553882
6147	6167	4.15543124244376
6129	6171	4.15539388966001
6222	6234	4.15529647825857
6168	6208	4.15521611561269
6208	6210	4.15506229576464
6171	6234	4.15504716880973
6129	6222	4.15504516768225
10075	6234	4.15499663441439
567	6208	4.15499381270553
567	6167	4.15494278851827
6160	6235	4.15489498868702
6156	6234	4.15487962327927
6161	6170	4.15484736312337
6170	6210	4.15480115336041
6204	6209	4.15478219261777
6167	6235	4.15467324878079
6201	6223	4.1545031805243
6129	6147	4.15447045110968
6232	6235	4.15446943154286
4736	6170	4.1544565715366
6155	6168	4.15438540206878
6176	6204	4.15425436181044
567	7178	4.1542147599631
6156	6170	4.15397957794622
6187	6234	4.15387921360954
6187	6205	4.15379079035452
6167	6234	4.15375908301933
6168	6235	4.15371054440098
6191	6234	4.15367044766388
6129	6233	4.1536691433648
6155	6235	4.15339109181421
6155	6234	4.15325310534496
6222	6235	4.15322964630112
6228	6235	4.15295172655706
6232	6233	4.15283882998659
6129	6208	4.15279844301971
6192	8653	4.15272009671308
6234	6235	4.15264902850982
10075	6208	4.15243570054782
6204	6208	4.15222425121859
541578	91966	4.15205181673944
6208	6235	4.1519521958871
4736	6208	4.15192114803273
6176	6205	4.15189197155604
6169	6208	4.15185823468823
6210	6234	4.15159140859708
6170	6187	4.15153469361578
6136	6194	4.15152441781038
1915	6235	4.15152179581174
6170	6234	4.15144998898116
6160	6175	4.15104599048384
6208	6234	4.15096266445409
567	6232	4.15096018413755
6169	6209	4.15094862053851
6146	6175	4.15087464667106
6155	6161	4.1508281204981
567	6187	4.15073234330407
6161	6235	4.15068977529576
6143	6234	4.1505822260743
6194	6223	4.15050016723137
6169	6201	4.15044585519151
6129	6164	4.15039080046369
4736	9045	4.15037500234558
6233	7178	4.15035106201214
6146	6160	4.15032883811399
6164	6170	4.1502737003115
4736	6152	4.15017545276796
6204	6223	4.15017540497511
6167	6205	4.15016688842067
6133	6233	4.14988214377348
6205	6209	4.14986882081419
6191	6235	4.14986784275403
6176	6222	4.14981250729372
567	6164	4.14969083463513
4736	6175	4.14955284640936
6147	6234	4.14940880113268
6521	759	4.14936712648296
567	6228	4.14932776769491
6160	6170	4.14917704911782
5196	5473	4.14911012071402
6206	6235	4.14871858899392
567	6170	4.14866667702659
6205	6235	4.14820841292154
6129	6234	4.14813125988188
6201	6209	4.14803716120107
6170	6222	4.14803523459485
6205	6222	4.14797804597905
6155	6164	4.14795742651892
6143	6170	4.14789395498314
6209	6223	4.14789295036431
4736	6146	4.1478726862532
6155	6233	4.14779454422841
6201	6235	4.14774538587315
10075	6155	4.14772914513234
6201	6206	4.14752546143796
6170	6208	4.14733706264615
1915	6233	4.14694561091018
4736	6233	4.14676782246108
6155	6208	4.14669304179033
6169	7311	4.14655616376334
6146	6155	4.14650488050181
6201	6204	4.14636071752616
6205	7178	4.14635133255757
6164	6169	4.14628751845271
6143	6235	4.1460292699042
6201	6205	4.14596254171229
6152	9045	4.14592222582432
6156	6208	4.14588592222502
6155	6222	4.14569844575364
6170	6233	4.14564105298037
567	6133	4.14556589257309
6167	6176	4.14551992959078
6175	6187	4.1454738008834
6152	6155	4.14530532126121
6205	6232	4.14524744013026
26986	6156	4.14523623686274
6160	6205	4.14510843657216
6169	6235	4.14506022973748
6169	6223	4.14493643511187
6147	6208	4.14474007949264
6279	6280	4.14468330805993
6147	6170	4.14464027596552
6171	6235	4.14461476967525
6175	6222	4.14452920262035
1915	567	4.14438961107037
6136	6209	4.14429434212048
6152	6160	4.14425514785908
100128731	517	4.14417454335538
6205	6228	4.1440888880435
6176	7178	4.14394099802931
7544	8653	4.14386197198083
6201	6208	4.14380755743263
6143	6155	4.14354513305286
6155	6156	4.14342251291605
6228	6233	4.14337671966117
6208	6233	4.14281715018163
51327	759	4.14259951315572
6164	6176	4.14215462724846
6210	6235	4.14210076703585
6155	6187	4.14199169789908
567	6155	4.14179700247818
6146	9045	4.14151092065527
567	6129	4.14108383659924
6187	6233	4.14102125167164
567	6171	4.14050550861351
8287	8653	4.14025007861084
6187	6204	4.1402262953126
567	6191	4.14012917090576
6187	6235	4.140128441285
567	6205	4.14007457633041
6143	6176	4.1397359078781
6155	6171	4.1389633806636
51327	6521	4.1389520072813
6191	6233	4.13883360214528
6168	6233	4.13881821377383
6164	6204	4.13880761453402
6152	6175	4.13872530996613
6176	6201	4.13872401866482
6161	6233	4.13868432183975
6188	6194	4.13854387898114
567	6168	4.13820033269872
567	6160	4.13755436829038
567	6222	4.13750997846645
6133	6205	4.1372298684527
6160	9045	4.13720374792837
6133	9045	4.13708357917363
6164	6233	4.13707254394069
6210	6233	4.13699500972335
2197	6217	4.13699033923468
6133	6152	4.13686076772004
6129	6235	4.13614289157708
6192	8284	4.13591697231105
6176	6232	4.13586971331075
6168	9045	4.13569359185683
6152	6169	4.13563978132988
6147	6155	4.13540513501023
6160	6233	4.13538248370004
6175	9045	4.13530584326803
6136	6201	4.13501915482439
6160	6176	4.13496548766914
6147	9045	4.13494821754529
6147	6175	4.13478090909865
6161	6205	4.13464591109981
8284	8653	4.1344303992988
6170	6235	4.13435969378843
6194	6208	4.13417535629684
567	6161	4.13409064145316
6175	6208	4.13407882842908
6133	6146	4.13401504646498
6206	6208	4.13354513380579
6222	9045	4.13341740234597
6133	6175	4.13338645646033
6167	6206	4.13337988004945
6208	6209	4.13306373019401
6201	6222	4.13278601041968
6143	6233	4.13271987642668
6160	6169	4.13263518644921
567	6176	4.13250304683529
6233	6235	4.13229381678944
6164	6201	4.13202472812421
6176	6228	4.13191404916354
1915	6205	4.13172433652059
6155	6210	4.13138822541956
6167	6169	4.13136955567944
6161	6175	4.13115699896218
6146	6222	4.1310994148398
6161	6176	4.13103426415496
4736	567	4.13098095893988
6222	6233	4.13052801088036
6146	6234	4.13031600051605
6175	6228	4.13029867344377
6175	6176	4.13007542002457
6164	6175	4.12986967252834
6167	6175	4.12974350517689
6152	6235	4.12972324274244
6175	7178	4.12939595001778
6205	7311	4.12939228352169
26986	6143	4.12910319984045
567	6210	4.12907278392613
6155	6205	4.12893781655672
6168	6175	4.12886118996873
6206	7178	4.1286577434171
1915	6176	4.12833179930869
26986	6160	4.12807112633511
6152	6234	4.12801709916852
6222	6223	4.12738887728662
6146	6169	4.12736683992833
567	6233	4.12718766782446
6161	9045	4.12718613709842
6155	6206	4.1271012150394
6205	6223	4.12677587190879
26986	6147	4.12649091621685
10075	6235	4.12598621482691
6194	6235	4.12583081301815
6156	9045	4.12547740369637
3042	3045	4.12508477317321
6191	6205	4.12479045102099
6175	6223	4.12472030558937
6143	9045	4.12451011456483
6135	6201	4.12444681363773
567	6235	4.12382227857571
6155	6169	4.12351660124781
26986	6222	4.12342597115327
4736	6205	4.12308828459895
6175	6234	4.12297842687931
6205	6234	4.12290931820238
6143	6175	4.12289312191697
6205	6233	4.12230796452291
6147	6235	4.12197813260848
6152	6167	4.12181020953541
1915	6175	4.121150408225
6156	6235	4.11988392958785
6176	6223	4.11988129539541
26986	6161	4.1197551575371
10075	26986	4.11972121454343
8284	8287	4.11920103198433
8284	9086	4.11919415025885
6201	7178	4.11903477120179
6158	6194	4.11891285263718
6160	6206	4.11848726769802
6208	6223	4.11847575872443
6146	6228	4.11840695443604
6169	6187	4.11830595056071
27335	517	4.11792614263585
4736	6201	4.11761454587562
6143	6205	4.1175824120358
6136	6169	4.11741805816608
6169	6176	4.11706983038937
6169	6234	4.11666418339288
6167	6201	4.11610770805391
567	6234	4.11606193154944
10075	567	4.11576672675601
6175	6232	4.11551886675405
6133	6206	4.1150962178566
6234	9045	4.1150528943552
6152	6222	4.11385094410091
6176	6191	4.11275481438151
6169	6188	4.11174144692357
6194	6206	4.1109160139023
6164	6223	4.11090285094552
6204	6222	4.11064013471699
6129	6152	4.11048779382364
6169	7178	4.1101104168963
6168	6205	4.10987911806064
6201	6227	4.10979271827994
6171	6205	4.10942548743149
6160	6201	4.109318303683
6152	6205	4.10925070511836
6156	6175	4.10919244955181
6167	9045	4.10908121768659
26986	6187	4.10864198258409
10075	6233	4.10843066336131
6169	6175	4.10804377530031
6205	6206	4.108028309259
6129	6146	4.10793850311836
6152	6233	4.10779616015526
6191	9045	4.10759551421946
6146	6167	4.10685169166996
1915	6146	4.10647163185479
6188	6204	4.10636653911581
6133	6176	4.10594149663659
6155	9045	4.10590086369752
4736	6169	4.10553875779419
6187	9045	4.10553525242171
1915	26986	4.10531344801011
6152	6161	4.10497078871044
6146	6168	4.10490461610083
6152	6228	4.10483702333422
6146	6205	4.10471499292812
6143	6146	4.10378450433181
6175	6201	4.10366636901684
6169	6222	4.1030266652274
6129	6205	4.10279274178598
6176	6194	4.10272161726356
6168	6176	4.10262801034479
6176	6206	4.10261615238595
26986	6171	4.10237997562378
7178	9045	4.10230146820154
567	6169	4.10188315216539
2791	5196	4.10135145090035
6164	6194	4.10092866296691
6169	6206	4.10090647948303
6152	7311	4.10078282414584
6175	6191	4.10058066913455
26986	6191	4.09959914391095
6228	9045	4.09955791315679
1915	9045	4.09948082390546
6206	6227	4.09903597197278
6146	6191	4.09862255924882
6171	6233	4.09859758554297
6152	6208	4.09831959517632
2944	2946	4.09793385219314
6136	6204	4.09762616340457
6146	6161	4.09754389499229
6146	6187	4.09685835546693
6133	6169	4.09683638804856
6233	6234	4.09582600223661
6223	6235	4.09580349178464
6146	6208	4.09515755955156
6156	6233	4.09496585332339
6155	6175	4.09495301082627
6206	6222	4.09487601035938
6146	6235	4.09455173782965
4736	6176	4.09454251620981
3045	6521	4.09402077432481
6152	6168	4.093755739436
6191	6206	4.09352691836009
6192	8287	4.09314985145789
1915	6152	4.09267470691549
6176	6210	4.09148518738593
6152	7178	4.09130831580377
26986	6228	4.09120551643374
6146	7178	4.09102380319735
6143	6201	4.09084583972734
6164	6209	4.08992657468304
6206	6228	4.08924183260385
6227	6235	4.08920835508681
6175	7311	4.0890374377922
26986	6168	4.08901488592163
567	6143	4.08893718002425
6147	6233	4.08888577913862
8653	9086	4.08882291017239
6171	6176	4.08881559862272
6175	6205	4.08721770938034
6164	6206	4.08673614535987
6187	6201	4.08636258438673
6152	6164	4.08615061421399
6146	6147	4.0853444048909
4736	6206	4.0852655430486
6133	6201	4.08506099055428
6160	6223	4.08504965973477
26986	6210	4.08504437804859
6205	6210	4.08473242581528
6167	6204	4.08437991286167
6129	9045	4.08414819067647
6188	6209	4.08399222806441
4736	6223	4.0822383309767
5196	81027	4.08204645257475
199	2219	4.08196559340155
2219	5199	4.08084560815628
6232	9045	4.08079740951177
6155	6176	4.08078145372771
6209	6235	4.0796751376587
6176	6235	4.07957535533719
6194	6217	4.0795678131054
6169	6232	4.07950415727807
6201	6217	4.0792940949948
6136	6205	4.07699661829613
6158	6188	4.07671843296135
6129	6176	4.07615577943307
3045	51327	4.07521540773296
6175	6204	4.07485090362281
6129	6175	4.07475645850058
6170	6205	4.07471110482338
7305	7940	4.07449580935141
6160	6209	4.07442892880401
6146	6156	4.07442733737872
10075	6176	4.07403329382725
6204	7311	4.07397326027707
1915	7316	4.07372520237517
6143	6206	4.07368485941764
6143	6152	4.07340073098975
6136	6223	4.07305416235823
6169	6228	4.07257347709727
567	6206	4.07174740662297
6129	6206	4.07155972444855
1155	125988	4.07154698197221
6146	6223	4.07133368322161
6206	6232	4.07108443520814
5265	7940	4.07059877644271
1915	6206	4.07016231900743
26986	4736	4.06934490597869
6169	6233	4.06906448819525
6187	6223	4.06873549038094
6146	6164	4.06864197981143
6155	7311	4.06862355003164
6155	6201	4.06793984047517
6159	6223	4.06755333054417
6209	6222	4.06748862819236
26986	6133	4.06741407050654
7404	8653	4.06731426529929
6161	6206	4.06686395040069
6201	6232	4.06675219231825
6156	7316	4.06502181482892
6152	6191	4.06454888271192
10075	6175	4.06441975588834
6176	6209	4.06356007347199
567	6156	4.06337887864075
6175	6210	4.06302174038416
6167	7311	4.06277957308878
6146	6232	4.06089541025703
6152	6201	4.06012892959523
6187	6209	4.05912175739032
6175	6209	4.05911093987291
567	6201	4.05891579365476
6204	7178	4.05858421271216
6176	6233	4.0581473275693
81027	8436	4.05663211368509
29058	8574	4.05598387631312
6147	6205	4.05543093834425
10410	10581	4.05474916217843
6135	6194	4.05414741656974
6234	7311	4.05413551080213
6176	6234	4.05384263159787
6164	7311	4.05330899036613
6235	9045	4.05302747477885
6152	6187	4.05287767651257
2791	5473	4.05212082080169
6206	6233	4.05210347772081
26986	7178	4.05209147728534
8287	9086	4.05100876683368
51520	84064	4.04997056220547
10075	7316	4.04977109684175
6164	9045	4.0497609546822
6187	6206	4.04917482704604
6192	9086	4.04833369957731
6168	6206	4.04808466670446
6147	7316	4.04807312762442
6156	6176	4.04787150171182
6168	6201	4.04754245023567
6143	6223	4.04726705368202
100128731	1351	4.04639042682232
84064	8935	4.04628830510819
6521	6622	4.04511866496094
26986	6146	4.04472245396104
6147	6176	4.04444198814337
567	6204	4.04349113623642
6161	6169	4.04274649931059
389541	5439	4.04228777727669
6209	7311	4.04190623544427
6161	6201	4.04092600503354
6175	6235	4.0404500454086
1351	6881	4.03974334065214
7544	8287	4.03971219141889
2219	4069	4.03919182024143
6201	6228	4.03867140753341
6201	6234	4.03863747346105
6146	7311	4.03860351587756
6143	7316	4.03853490267662
6161	7316	4.03851239797544
2197	6194	4.03801154118729
6204	6232	4.03749330411371
6210	7316	4.0374852837996
2219	5265	4.03745213522818
10381	10383	4.03682001226008
6160	6204	4.03503150209524
4900	5473	4.0348511830961
5196	8436	4.03469163279843
1351	517	4.03453884581984
6171	6175	4.03425384699391
517	5479	4.03328175189091
25804	353	4.03275739774556
6146	6201	4.03243424447495
26986	6232	4.03083197723901
6152	6232	4.03081355679628
125988	4282	4.03061907809686
10075	6205	4.03043276451572
6147	6152	4.02859521217948
6208	7311	4.02845854729856
10430	128240	4.027274750555
6201	6233	4.02370701415769
6210	9045	4.02304378017981
6170	6206	4.02244522032494
6206	6234	4.02175698437243
6235	7311	4.02157485795638
6167	6194	4.02124745277283
6160	7311	4.02093899919176
6204	6235	4.02082142501265
64407	81027	4.02014995696119
6222	7805	4.01939061437892
6136	6206	4.01917532042441
6191	6201	4.01747115231905
6228	7316	4.01734347157107
29058	84064	4.01689742354701
6208	9045	4.01626136452243
6152	6223	4.01548934000484
6171	9045	4.01478272668248
6223	9045	4.01345060542167
10075	9045	4.01340082449024
10430	25804	4.01297819211344
6146	6176	4.01272542006657
6152	6156	4.01241637584549
6191	7316	4.01203232882031
6170	6176	4.01022845674305
3045	6622	4.00805147720776
6194	7311	4.00726118975314
6143	7805	4.00660012086106
3106	3107	4.00659496550758
6136	6188	4.00657522115136
6168	6169	4.00313475145232
6168	7316	4.00300022528913
3045	759	4.00234263901444
6223	6234	4.00110964096606
6156	6205	3.9985073876859
6232	7316	3.99776148439594
1915	6169	3.99749892249369
4501	4502	3.99592584506839
2197	6135	3.99588598338646
1915	6201	3.99583568248857
6206	6209	3.99544084790576
26986	9045	3.99343267667554
4736	6227	3.99315231129062
6206	6210	3.99302652095811
4736	7316	3.99235243734413
6152	6227	3.99146447193802
6280	6283	3.99072575865645
6158	6169	3.9892122444435
567	6147	3.9886376983856
6175	6233	3.98836367498106
6152	6194	3.98831029979912
4695	6923	3.98765768497886
10926	64376	3.98728060103973
26986	6175	3.98537835686915
353	5434	3.98515891730612
6194	6222	3.98421636100495
6135	6205	3.98338208302467
6122	6223	3.98071023124872
6152	6209	3.98068939532705
6171	6206	3.9802963189501
6161	6204	3.98027714654366
6176	7311	3.98016120814413
6133	7316	3.97959118165387
6678	81027	3.9794183746051
6135	6206	3.97904390801025
6160	6227	3.97760141077142
6187	7805	3.97721453533805
6205	6229	3.97693319414713
26986	6129	3.97659778817261
6188	6223	3.97620179666589
6160	6194	3.97519675980127
115207	1462	3.97505140078017
2197	6201	3.97452648473743
4736	7311	3.97417730084089
6129	7316	3.97044972774098
1351	5479	3.96573685070246
6161	6223	3.96377903360128
6204	6228	3.96246158431486
2039	6622	3.96166731802932
567	6194	3.95732988586564
6187	6194	3.95617153021259
6187	7311	3.95608884279216
6176	7805	3.95454269964629
6223	7178	3.9538648521483
5216	5441	3.95153897050403
4282	51024	3.9510251069608
6194	6233	3.94826608625857
6167	6223	3.94801546186215
1471	2219	3.94519789047623
6136	6217	3.94361796590117
6142	6165	3.94155764167133
6135	6229	3.93951855663974
6146	6233	3.93911015905915
10075	6146	3.93887800562873
6201	6229	3.93798986008125
6146	6170	3.9370428724313
6152	6170	3.93646217931923
26205	55802	3.93363298129218
6169	6191	3.93330701800117
6141	6142	3.93130683896696
5439	5441	3.92989053339058
6175	6194	3.92882336553263
6161	6209	3.92873737326756
6161	7311	3.92847053011754
25804	79090	3.92744742514601
84064	93627	3.92664586285715
6194	7178	3.92344017360359
124446	79090	3.92215934849355
1155	4282	3.91971227075539
6143	6169	3.91935130141751
6160	7316	3.91877086868088
6143	6204	3.91872335634308
7178	7316	3.91867999306708
6129	6169	3.91814991482312
4282	517	3.91646221776222
6188	6205	3.91599039898278
6135	6136	3.91292154439489
6133	6227	3.91269670631632
1351	51282	3.91017642941032
26986	7316	3.90986031287598
1652	517	3.90966078775828
11151	5499	3.90955106740032
199	5265	3.90752200686886
6135	6208	3.90718007453029
6146	6171	3.90716964787923
6204	6206	3.90671962074081
6187	7316	3.90637297079856
2197	6136	3.90609236290306
11320	64919	3.90381453168894
1471	7940	3.90319189228362
6135	6209	3.90267421242263
29997	9045	3.90214073206077
29997	6152	3.90173988548663
6129	6201	3.90147918463234
4695	5439	3.90075001499416
6222	7316	3.90036953949404
6223	7805	3.89974258398699
29997	4736	3.89821375468324
6201	7311	3.89688692125575
6147	6223	3.89478522517372
6142	6193	3.89155934549725
11079	51367	3.89009311394488
6228	7311	3.89000120264952
6201	9045	3.88995975365557
84993	9158	3.88965821756278
125988	353	3.88942094073834
170960	5143	3.8890865127899
4738	5499	3.88850066930835
3134	3135	3.88731698923923
6152	6206	3.88599019898917
6171	6201	3.88522421031355
6171	7316	3.88514262774804
6192	7544	3.88397129257668
2920	2921	3.8839487547417
6223	6232	3.88314052846303
6233	9045	3.88277219078985
6169	6227	3.88236580875236
200185	353	3.88176799514157
6169	9045	3.88111149148267
6152	6171	3.88101987771916
6209	6229	3.88049712249216
4716	5499	3.8792091279968
26986	6234	3.87753969635176
6233	7311	3.87595658745109
6209	7178	3.87530044332844
100128731	84266	3.87388371873316
6158	6204	3.87057002298502
2039	25893	3.86798493812133
6135	6176	3.8674558261164
6209	6217	3.86567561372107
7178	7311	3.86452971588546
164	27000	3.86230253684573
51520	5635	3.86169518654701
6175	7805	3.86164737659291
4900	5196	3.86156237768818
25824	353	3.86052144003091
6194	6227	3.85962857642611
6133	6204	3.85883532544178
6168	6223	3.85774824485456
5473	8436	3.85751565056726
6146	6209	3.85695865338832
6201	6210	3.8564668480253
6133	6223	3.85638077361409
10075	6152	3.85543848030482
6227	7178	3.85421416767501
1535	200185	3.85420888009726
567	6175	3.85288402647189
6158	6209	3.85081751279764
25853	6622	3.85052313777392
6136	6158	3.84966699875175
4736	6194	3.84824468924621
29997	6222	3.84549665281085
6146	6210	3.845207374744
1337	517	3.8444883585116
10327	8574	3.84340951148714
567	7311	3.8433606355663
6521	7145	3.84110804739787
6228	7314	3.84058190932726
26986	6164	3.84051275460011
6206	6217	3.83874043173518
4716	4738	3.83812955932649
26986	6208	3.83551141869883
4736	6204	3.83415681825913
10476	4738	3.83411406916608
6204	6234	3.83350075354448
6122	6147	3.83342436274757
1191	3674	3.83199569929734
6205	9045	3.83103661435938
1652	4282	3.8299924910911
6152	6210	3.82694699455684
6170	9045	3.82612829331183
6241	9768	3.82581946261962
6122	9045	3.82414592676846
6147	6201	3.8240045744296
6169	6171	3.82381333554287
29997	6143	3.82344872815418
6234	7316	3.823356730412
6169	6170	3.82322740017926
6209	6234	3.8228672568122
10476	746	3.82244511388603
6168	6204	3.82124566266334
5903	6198	3.82104227141832
6204	6233	3.81883373635114
5439	6923	3.8177075787505
1669	671	3.81634610215966
6167	6209	3.8160712406342
6133	6209	3.81606147125866
6188	6201	3.81418380010944
2197	6223	3.81154283241461
6232	7311	3.81145432083561
6133	7311	3.81111094965167
4694	5439	3.8102794682622
6136	6176	3.80806134837131
113246	517	3.80731571733576
28956	4716	3.80727764904673
1798	8935	3.80699717762379
6141	6193	3.80307571433201
6227	6234	3.80284802021926
6135	6223	3.80081022432265
6135	6217	3.80039267056649
6136	6235	3.80020216190468
29058	51520	3.79860107785703
115294	90624	3.79613361988648
10075	6206	3.79559894286274
6146	6194	3.79490877730562
6155	6194	3.79241866232023
6147	6169	3.79203280988083
116362	1475	3.79036957308516
6146	6204	3.78644422718272
10926	133746	3.78587706075296
4666	6158	3.78209893273996
6222	7311	3.78101176302702
29997	6161	3.78065716303891
64407	8436	3.77896155048898
125988	200185	3.77248496180507
5196	6678	3.77245990640477
6194	6229	3.77190001165263
84064	84153	3.76990049222215
6135	6235	3.76955438674436
25853	6521	3.76950526776212
1915	6204	3.76919677580586
6155	6227	3.7688154011349
10273	4738	3.76667011841235
5588	914	3.76410733903649
6170	6175	3.76381648978062
6194	6232	3.76301435486043
2162	5742	3.76179364290995
4350	4723	3.7605037966126
6168	6227	3.75798353134259
29997	6223	3.75770082022698
567	6146	3.75660354408091
170960	90338	3.75536953070027
2197	6209	3.75463105481407
353	389541	3.75359216110453
10430	353	3.75126541718365
29997	6168	3.75118550469762
4983	79966	3.74891918546195
5434	5439	3.74843447699853
212	3045	3.74722229052043
6175	6206	3.7467714315577
6176	9045	3.74488825248689
2038	3045	3.7406194021897
55824	64919	3.73794828285204
6223	6228	3.73473994386773
2791	4900	3.73334522078066
5147	5635	3.73223462268992
6169	6229	3.72912660442745
25909	6198	3.72829033087243
6223	7311	3.72805462589463
6133	6194	3.72783100521635
4282	6150	3.72716837887603
2647	353	3.72472732928425
1915	7311	3.72410676725562
84064	8574	3.72191967133768
25893	6622	3.71997107915351
6152	6176	3.71960207224261
567	6209	3.71928568935254
10273	5499	3.71722906496288
6171	6204	3.71696924535945
6194	6234	3.71645927995773
517	84266	3.71548485502502
6204	6210	3.71402527817033
29997	6234	3.71139037134898
6169	6210	3.70951122874685
6206	7311	3.70873466288601
25853	3045	3.70863715257954
6160	7805	3.70674088707922
4736	6209	3.70587176227717
6147	6204	3.70542042592236
4496	4502	3.70390999059976
6143	6209	3.70219023227885
6161	7805	3.69924789412197
6275	6277	3.69757284140533
6208	6227	3.69726122318766
3674	6678	3.697215594989
6206	6223	3.69609570783797
29997	6133	3.69258169436227
1329	6923	3.69254811286811
7544	8284	3.69057885621719
100128731	1652	3.68806809417381
1535	353	3.68774667908901
26986	6167	3.68702979837229
50486	5329	3.68474323850892
29997	6235	3.68391747143123
100128731	5479	3.68267738286549
2038	6521	3.68232762938429
51024	517	3.68083143038884
5199	5265	3.67595968285938
6209	6227	3.67534953847467
567	6152	3.67342664896768
389541	5441	3.66737096418304
353	6150	3.66688341580378
6208	7805	3.66609731635718
389541	5434	3.66284620680042
51327	6622	3.66228467396968
6222	6229	3.66018021401145
6135	6204	3.65908511687656
7805	9045	3.65524053903974
28974	517	3.6544950196089
6229	6235	3.65359604381722
1535	5434	3.65123574577752
6146	6206	3.65003473552594
10476	4707	3.64877012005413
6191	6204	3.64804598683361
6451	8801	3.64707445262016
3934	671	3.64669254372221
29997	6146	3.64589952173599
6175	7316	3.64308225013084
11079	51520	3.64229207771304
4694	517	3.63893898123976
1535	389541	3.63082801451909
29997	6160	3.62914673906214
27335	293	3.62853626083528
2533	25939	3.62627497956578
6146	6229	3.62546915756112
6175	6227	3.62521624799866
1351	4282	3.62451820750824
26986	6155	3.62445267689704
6165	6193	3.62372302739434
6209	6228	3.62250712798866
119504	51520	3.6220915908766
6223	6233	3.6220149868127
6152	6204	3.62168149277283
6136	6208	3.61565151849131
1351	1652	3.61273465138366
6167	6227	3.60848961634276
29997	6147	3.60584060934769
25824	5216	3.60318596381337
6222	6227	3.60029592505934
6194	6228	3.59939295711061
3042	51327	3.59856623808908
1915	6223	3.59497468691154
204	51501	3.59309350882468
6164	6227	3.58995200350288
100128731	113246	3.58994212955528
29997	6156	3.58967313467141
2647	5216	3.58917887754562
6135	6169	3.58701802888216
6156	7805	3.58686934835908
6170	6201	3.58548733683135
4753	64919	3.58531180273938
1535	25824	3.58443882728324
2107	64645	3.58422889701668
6156	6223	3.58415786872531
6152	6229	3.58104569405895
6168	7311	3.58047192228707
125988	1652	3.57954892172103
212	51327	3.57806009759766
5143	5228	3.57781300288468
5698	5699	3.57622161743599
5216	58485	3.57616658933324
1351	84266	3.57528349885898
4350	5434	3.56966404965459
6158	6201	3.56946722057351
29997	7805	3.56852853588884
5441	54998	3.56802974712622
29997	6175	3.56764560346553
10273	28956	3.56722143154415
113246	1351	3.56689422882365
6168	6209	3.5667803086679
3042	6622	3.56520406342074
100128731	4282	3.56262883380118
6209	9045	3.56184026113883
6150	84266	3.55621868110248
114049	6628	3.55571889210518
119504	84064	3.55545493396524
6209	6232	3.55491890343571
29997	6167	3.55268331013258
3702	64919	3.55170051768968
6208	6229	3.54656998066399
6161	6194	3.54429210822317
293	6132	3.54375375547274
2162	81027	3.5435190529437
1191	5742	3.54238713535512
6156	6206	3.54218352544377
2647	5441	3.54192510567201
6156	6201	3.54148562392899
389541	4695	3.54113941882483
79095	84266	3.53999381340304
6678	8436	3.5396107430732
6208	7314	3.53892605573892
6223	6227	3.53746657480067
6167	7316	3.53710035232609
5143	90338	3.53366343290827
2219	929	3.53075436713198
10075	7314	3.5294297225884
6155	7316	3.52633528079898
6147	6206	3.5259983073747
6155	6223	3.52267698296236
25853	51327	3.52226086845252
22900	51520	3.52177443024824
11164	84064	3.51980655362082
6159	6209	3.51841643153982
212	6622	3.51562072127307
6152	7316	3.51540674711165
6136	6152	3.51382510050842
6158	6217	3.51297865490349
5434	5441	3.51127594850232
6135	6222	3.50812992368887
29058	8935	3.50740177607454
1191	2162	3.50696289075806
84153	8574	3.50686721147899
11224	6193	3.50604297229651
567	6223	3.50553173286503
25796	353	3.50029429291323
6187	7314	3.49905676915318
6143	6194	3.49879434950289
25804	5434	3.49865933049316
5199	7940	3.4941268439679
6206	9045	3.49182046755656
6155	6204	3.49082140062228
915	917	3.48792924730187
1337	5439	3.48637830386719
400916	5790	3.47961880522888
6170	7316	3.4743834032152
10095	63940	3.47167410821613
517	6132	3.47108944847902
6122	6222	3.47099646232927
4694	84299	3.46986352745034
26986	6170	3.46724735985273
6122	6175	3.46618586061428
112487	5635	3.46526621442816
389541	54998	3.46148261458706
29058	84153	3.45719451679405
11079	8574	3.45680133043886
6171	6223	3.45665093702167
6227	6228	3.45504996569399
1351	381	3.45470820182471
11311	84064	3.45026626573547
199	5199	3.44884672533367
3704	4358	3.44564342730751
1915	7805	3.44537321099328
22894	55802	3.44203365138797
29997	7178	3.44184127851167
6136	6159	3.44050255588424
11079	119504	3.439648795933
6171	6209	3.43623577668313
1535	4282	3.43277970181975
293	517	3.43148516619779
2197	6204	3.43041280600805
10673	2533	3.42751743178142
254863	6150	3.42627168632514
4666	6217	3.42520019930198
6171	7314	3.42493313940901
6129	7311	3.42217267368557
29997	6187	3.41905990993237
28956	4738	3.41886024652204
7178	7805	3.41853634324044
1329	4695	3.41557978282485
6136	7311	3.415049160109
10075	6201	3.41209805528039
6168	6194	3.40772799452657
51282	83443	3.40652891423497
1329	5479	3.40620610078689
29997	6122	3.40513087242794
7316	9045	3.40403069889214
4736	7805	3.40283232332255
6232	7314	3.40162814685571
84248	94056	3.40099441064619
6160	6229	3.39933849459514
10075	6169	3.39514093639715
128240	9158	3.39448796246772
119504	29058	3.39416020338447
116362	5265	3.3939816516325
6191	6223	3.39233128225975
6146	6227	3.39154524061542
28956	5499	3.38936397978387
212	6521	3.38841236586902
6227	6233	3.38791023974902
5216	5439	3.38259112373797
25824	5441	3.38110239795927
254863	4282	3.37869958418257
1191	81027	3.37656286598302
55049	79090	3.37174228437622
6210	6223	3.37064477849895
51367	8574	3.37023164692094
6191	7314	3.36840040183501
100128731	521	3.36723151060438
2791	8436	3.36601425688421
6156	6169	3.36502688658992
125988	1535	3.36425983224223
1191	4900	3.35529114075299
3576	8843	3.35462308597799
6170	7311	3.35338600889155
6170	7314	3.34913494992854
517	6881	3.34912036060744
1915	7314	3.34631140732156
10209	7316	3.3451010062782
1337	1340	3.34166227620505
25853	759	3.33922259247436
567	9045	3.33793986954518
3045	8991	3.3376573658347
1462	9332	3.33710828570531
4929	8013	3.33271202886292
1725	29086	3.33184575626288
4738	5434	3.33154455161662
6133	7314	3.33004045911663
3561	6778	3.32671240474165
309	84064	3.32605580456333
1915	6209	3.32470115042782
2791	81027	3.32464148712958
1329	27089	3.3216993873094
11311	51520	3.32129767002214
200185	25804	3.31889326456823
5721	9246	3.31754101663463
125988	254863	3.31707597591505
1337	389541	3.31587972974151
7544	9086	3.31502619701411
125988	25824	3.31491167687549
133746	64376	3.31399518263322
517	5790	3.31109682598256
3001	84525	3.30867846948179
6191	7311	3.3068228609677
6159	6194	3.30461695148257
6146	7805	3.2992804954313
6234	7805	3.29797007334895
6147	7805	3.29479952847479
353	5216	3.29479740448725
1329	1337	3.29456355245187
6881	79095	3.29447986912563
6204	6217	3.29315629958323
1915	6194	3.29268271036705
125988	5790	3.2925883026109
25840	84064	3.29256508507396
27335	6132	3.29011439685809
4900	8436	3.28599888104311
26986	7805	3.28404857778121
6227	9045	3.28040287013586
125988	6150	3.27812109909696
6143	7311	3.2772313961537
4666	6188	3.26932125111764
11151	2771	3.26754277840219
100128731	28974	3.2664381623882
6122	6143	3.26405195331302
125988	517	3.26231767171073
29997	6164	3.26155837147356
5473	81027	3.25736506811939
6217	6227	3.25684571688626
22900	5635	3.25607548505343
115350	79368	3.25544114045473
6191	6227	3.25328168802764
10926	64645	3.25314785672033
55422	8013	3.25050291372235
4329	5635	3.25012457651712
3105	3107	3.24642337414952
25804	25824	3.24541535919861
93627	9896	3.24202596939153
6164	7316	3.23960332018151
25824	5434	3.23813219281125
6208	7316	3.23380942701169
4832	55049	3.23142888869979
151011	65124	3.22999728248355
64376	8731	3.227436523018
1155	5790	3.22477936753258
6171	7311	3.22025380900714
84064	84287	3.21755935288653
6164	6229	3.21605026005602
6133	7805	3.21431805941595
6191	6194	3.21269281519864
124565	84064	3.2057446462789
1351	79095	3.20471230900623
1340	517	3.20400474404204
6161	6227	3.20258317765969
6136	6175	3.20108249391069
389541	4694	3.20047109617362
170575	25939	3.19968085758653
6135	6143	3.19947524806098
6122	6156	3.1978818469166
51024	6923	3.1919106538261
10095	29108	3.1902791084294
1471	5265	3.18974812836695
1915	29997	3.18824520357464
6233	7316	3.18790235797311
29997	6201	3.18663829720635
11079	51409	3.1856477629645
3692	517	3.18547405031701
8574	8935	3.18451425198611
5499	58485	3.18291386310247
10926	8731	3.18243022027111
1329	4694	3.18225906688814
6217	6223	3.18127514801751
200185	6150	3.18039177513699
6169	6217	3.17722754694248
6204	9045	3.17605363275025
6164	7805	3.17335204026338
55651	9158	3.16596001166094
51327	7145	3.16357980758727
10273	6415	3.16349419220302
6122	7805	3.16055662747322
119504	8574	3.15729583545795
1337	1351	3.15671327298571
55802	6047	3.15626162794236
6155	6209	3.15525426591652
6227	6232	3.15519516125373
1351	3692	3.15416119001962
11316	9040	3.15355022954341
6204	6229	3.1519826049715
7178	7314	3.15064035146555
6171	7805	3.14972417425423
200185	5434	3.1496960068749
25873	6132	3.14652751083832
27350	29086	3.14414794057186
125988	4350	3.13973885097853
1475	4005	3.13528870320326
23157	85007	3.13057631502353
1175	5441	3.12771698581622
6191	6209	3.12573880882465
51409	84153	3.121017810352
6168	7314	3.11974932145547
11311	22900	3.11942214615624
11311	29058	3.11936683498938
6210	7314	3.1171725765974
100128731	4694	3.1151349287452
51520	8935	3.10821919535401
27089	4695	3.10532528170783
5216	5434	3.10130389333852
29997	6232	3.09910771487866
6235	7316	3.09524992705919
6168	7805	3.0951368510209
27335	6746	3.09498394834527
4695	51024	3.09429598194381
6159	6204	3.09139878595668
64581	9935	3.09099376715134
29997	6191	3.09011052845393
5196	64407	3.08885285977203
10856	204	3.08543788898076
100128731	6150	3.08208554656759
4736	6122	3.08114592906925
212	759	3.08071045128486
6622	8991	3.07532981441974
2219	7940	3.07394438610687
26986	6152	3.06929590824169
1475	4069	3.06598217985998
6198	64786	3.06371973482586
1351	4722	3.06188477792966
6135	6160	3.06185986224521
1230	64581	3.0588519079887
226	2597	3.05813025840353
1535	5790	3.05385067069955
10095	28956	3.05015685584731
6158	6205	3.04770427530715
6129	6204	3.04671987149037
6209	6210	3.04339964270748
7311	9045	3.04115726812672
1155	5216	3.03842956458943
11079	124565	3.03572055599159
29058	51367	3.03196841190623
1535	81926	3.03186668224507
100128731	51024	3.03034715740837
4257	948	3.03027376053752
57446	8574	3.02613715578609
389541	4282	3.02571387538193
6143	6227	3.02241300513545
3692	6183	3.02105021405658
2207	7940	3.02009252177873
6158	6223	3.01813323740091
6147	6209	3.01538857546873
2771	63940	3.0106899087974
6622	759	3.00694576030664
389541	5790	3.0032273084709
51367	51409	2.999921039749
6210	7311	2.99949471408079
10026	5532	2.99779297624785
113246	6881	2.99460658918784
4666	6159	2.99228460835463
3702	914	2.99009401440782
27089	51024	2.98957167801584
10075	6204	2.98955248640754
1460	4350	2.98578685547418
2647	389541	2.98338116103222
6223	6229	2.9831995752408
6234	7314	2.98242215530936
6210	7805	2.97838685071223
25820	6198	2.97740111310507
513	6150	2.97640202687596
5635	84064	2.97585548759266
25824	4713	2.97501639701087
1052	1471	2.97382064556413
4353	671	2.97077449133264
10095	10273	2.97034041646374
124565	51520	2.96931287350236
4694	5479	2.9657124113415
2993	2994	2.9652658755758
353	4282	2.96240586218314
5605	84993	2.96147359349205
2776	317649	2.96096302376367
58485	7384	2.96071825201605
200185	56655	2.9605280643853
8733	9158	2.96032793214552
389541	83442	2.95835045726314
1669	4353	2.95785458821672
10589	25796	2.95772930724389
6171	6227	2.95772808074666
11224	4666	2.95684535134488
6147	7311	2.95629567713477
25824	4282	2.95550312180774
25909	5903	2.95315728549575
1475	2776	2.95284071145958
200185	4282	2.94990223088504
84064	9896	2.94950062016345
1337	6881	2.94849030721617
6136	6160	2.94763847396112
51150	58485	2.94738067201925
51071	84064	2.94679642251451
4282	4832	2.94668157464414
6204	7805	2.94632836561695
25796	57804	2.94549204797434
6201	7805	2.94334056754077
6150	79095	2.94159130859624
1471	5199	2.94007309799812
6228	7805	2.93963306317469
54210	8843	2.93855521921984
6159	6188	2.93724992315828
353	4350	2.9369017378931
219854	51520	2.93454058761222
220002	84064	2.93312145872836
6156	6204	2.93231211562231
6136	6146	2.93222930735325
1892	84064	2.9318416783806
4201	4738	2.92752816063282
1155	1535	2.92676995709771
4707	746	2.92645372487549
6194	9045	2.92531618838645
164	91746	2.92315275472565
124565	29058	2.91738373086867
119504	124565	2.9167610165566
100128731	389541	2.91431777058678
6136	6164	2.91063535741624
51329	83442	2.90698563645303
200185	25824	2.90426709332912
1329	517	2.90182313882721
6129	6227	2.90150936452117
204	5635	2.89727622186919
1155	581	2.89681034692229
1105	25909	2.89618059173512
200185	389541	2.89430788737704
6277	83442	2.89037323901186
6521	8991	2.88959487446282
29997	6228	2.88699349663186
2319	26020	2.88287465610862
10273	4716	2.87882100239724
4695	5691	2.87796941546441
25873	6165	2.87779190546338
309	51520	2.87697208033939
29997	6155	2.87606266723002
11079	29058	2.87570154146911
140890	284695	2.87432782181877
10589	5434	2.87241466296377
914	917	2.87173126407829
2876	5439	2.87102950210795
23157	51466	2.87041756644913
10327	11079	2.87020520784321
5790	6150	2.86968197127349
124565	5635	2.86939658195339
124565	1798	2.86860412173452
7404	8284	2.86666392644189
11164	204	2.86202723361672
2197	6188	2.86164003720169
27089	5441	2.8605074594655
2776	408	2.85721877189175
567	6227	2.85687072993979
2038	6622	2.85593806102449
6275	83442	2.85115158174797
1994	204	2.84915455764875
6164	7314	2.84692533967428
115209	26091	2.8420731274078
6188	7311	2.84194996850152
353	581	2.84095844974341
6192	7404	2.83936806311653
27089	4282	2.8382732424209
353	5790	2.83789277118135
10600	57154	2.83543826370567
10075	7805	2.83352741619601
51079	5439	2.83301276696898
2771	5216	2.83225663768798
4282	6881	2.83047737435641
4738	5699	2.82643656490799
11164	471	2.81771514913009
3674	5742	2.81683749411343
2778	7316	2.81615997583446
4069	5199	2.80905862633012
6210	6227	2.80890468238584
199	7940	2.80800491725797
29997	6208	2.80795127575077
11079	84153	2.80593292348044
27089	521	2.80378600998237
10273	10430	2.80370811513287
5479	6881	2.80359069728152
53371	9821	2.80328078200951
1603	84545	2.79902766414171
5216	83442	2.7974698745036
51367	85007	2.79480303342191
1329	1351	2.79201362368645
6209	7805	2.78851120127161
6191	6229	2.78602843100451
51282	5479	2.78332746398143
6143	6229	2.78213873008605
4282	84266	2.78212221389584
64645	9908	2.77790008584827
10075	7311	2.77768335207114
10430	9158	2.77638874969766
389541	4723	2.77634916947453
5441	5691	2.77631964787277
27000	55254	2.77011254867686
6209	6233	2.76932846493809
115294	26275	2.76829309363295
150684	27350	2.76704233722373
7298	9768	2.7667135240088
389541	517	2.76130856342825
27000	5718	2.75920010192231
3820	919	2.75694295792065
100128731	1329	2.7529132439325
1629	5143	2.74745144182281
5473	6678	2.74646613068774
6175	6229	2.74391746159495
513	79095	2.74323660389636
389541	521	2.74229113877555
1535	581	2.73666816844458
25824	6150	2.73462509244415
10075	29997	2.73398849386202
5439	83442	2.73256930047513
129450	164	2.73232699225553
10554	2319	2.73057418495845
26986	6176	2.72897264060777
11079	85007	2.72696704584805
6205	7805	2.72679738430649
6228	6229	2.72089863223239
4680	671	2.71958322493853
6194	6210	2.71890944659014
1175	5216	2.71651205870702
2207	5265	2.71633897888946
51409	85007	2.71382301916315
29997	6129	2.71381139666308
29997	6210	2.71072087198292
6167	7805	2.71034324880477
29997	7311	2.71023645563254
1389	84191	2.70970961903631
119504	51409	2.70764035769307
6171	6194	2.707309044631
51150	5499	2.70628525638754
1191	5196	2.70544196320755
1337	6923	2.70534744999039
200185	254863	2.70529644754644
79159	84299	2.69492591605364
6136	6227	2.69354959491684
6146	7316	2.69295537597318
6205	6227	2.69092390839914
113246	84266	2.68914635316899
353	5441	2.68801463105865
4983	8434	2.68798963690111
220002	23157	2.68631795793287
366	54210	2.68503304382151
11224	6141	2.68457468561027
1340	5439	2.67968077382425
11164	84287	2.67903677504707
170575	2533	2.677097864663
6232	7805	2.6754196528724
1351	56993	2.67440309532516
1915	6227	2.67425528330249
2197	6169	2.67349105571381
389541	81926	2.67348063023629
23097	9896	2.67320745356786
6122	6146	2.66857707815477
29997	6171	2.66758459015317
125988	25804	2.66755804935312
28956	58485	2.66542252924717
4282	5790	2.66224136785742
3002	3824	2.65998004255745
6129	6223	2.65315112118704
6132	6142	2.65178108970464
389541	6923	2.65153303092761
389541	84299	2.65109214905329
1230	9935	2.65100621229303
6187	6227	2.64914952901306
55802	84132	2.64115456165512
6122	6168	2.63985596327741
4695	84299	2.63929497770417
3575	915	2.63806372535413
7404	7544	2.63747197001403
3561	9214	2.63516101811269
285231	90338	2.63423979773923
29997	6176	2.6338188012628
11079	55374	2.63116022963113
353	79090	2.63028139920101
5532	84064	2.62010174795017
100128731	6881	2.6197101003335
6129	6194	2.6197027110126
26091	54536	2.61632157667015
6160	7314	2.61097728901791
119504	9896	2.6102913276632
84287	8935	2.60816780414122
5216	5499	2.60798834202115
6122	6187	2.60796660291202
6135	6152	2.60744589143054
6133	6229	2.60501413390989
6161	7314	2.60335943464986
1155	353	2.60236247746261
3001	5551	2.59845828151653
374291	5434	2.59552455141533
10476	5699	2.59488431606775
115294	5257	2.59445846089872
10327	51367	2.59313514020503
389541	51329	2.59144965430149
23313	2720	2.59061593137839
1329	521	2.59050756397089
113246	6132	2.58733473219477
5434	5499	2.58424214053329
25804	84331	2.58398554914176
26986	6235	2.58336115833348
10095	2771	2.58291377238476
1725	57804	2.5824665944619
10095	126328	2.58188855941735
125988	4723	2.58162602681068
4900	81027	2.57972779934663
220002	84824	2.57798837520263
3674	4900	2.57774267377687
3002	5551	2.57678731967466
7404	8287	2.57520973821747
2771	58485	2.57415388376408
2771	5499	2.57353144468066
1652	6150	2.57207726516801
1155	517	2.57020478316411
6152	7805	2.56700006574907
10209	6208	2.56625518478482
199	3689	2.5624848220891
10273	25920	2.56064659745073
100128731	27335	2.56043390257906
23264	5143	2.55883894878426
6188	6217	2.55805375709748
10075	6223	2.5574690759845
116362	2219	2.55565537584095
51729	9908	2.55469083423819
6136	6222	2.55384295248356
27350	4738	2.55350323401029
4350	4358	2.55345575573473
11224	6165	2.5533171752928
25820	25909	2.55289982514477
4666	6136	2.54198329670731
60561	9439	2.54195143077633
4282	56993	2.53967637563002
10273	58485	2.53178003082752
6159	6201	2.52939020649706
25824	2647	2.52822125449943
29997	6206	2.52765388649644
119504	8935	2.52511905780922
6229	7178	2.52340064723955
29997	6209	2.52181654866423
201973	90624	2.52143270293854
10430	5434	2.52035190092022
353	4723	2.52002780519315
4329	51520	2.51893880863488
6521	6535	2.51741107979536
10926	2107	2.50767466962893
517	521	2.50574177835052
5479	5531	2.50415998871818
10430	8733	2.50345233954223
23560	8731	2.50131860796659
64919	919	2.50043457964089
1915	6229	2.49908157025149
4736	6229	2.49872044581224
284695	65117	2.49825154422401
54998	6150	2.4982445945259
353	57804	2.49796056957738
29997	6233	2.49487766565513
124446	25804	2.49399835289464
119504	219854	2.49178705453851
1351	28974	2.49164907877518
25796	5790	2.48581521392488
51160	5439	2.48516890443078
50852	64919	2.48498773546235
6129	7314	2.48099133011994
6191	7805	2.48039623821325
26986	567	2.47733517396266
1337	5479	2.47589720180862
6155	6229	2.47409271363415
28956	4358	2.47303114209818
389541	6150	2.47274189461023
2213	84824	2.46929704711122
81926	83442	2.46624307082432
85007	8558	2.46396103253956
567	7314	2.46311914477538
22900	84064	2.46238999519173
1471	199	2.46194160728623
4983	55567	2.45985861235768
2647	5434	2.45932779366833
10430	6415	2.45675332494986
79084	84064	2.45655463483391
23344	8907	2.4544687267714
51282	84266	2.45272189176749
6156	7311	2.45178987656221
6135	6164	2.45158407133276
212	8991	2.45074397801949
2197	4666	2.45042622854528
6147	6227	2.44503010221391
116362	199	2.4443790672139
1337	2876	2.44391038740816
10589	389541	2.44269405332409
6132	6203	2.4416021454473
29997	6205	2.43478104204641
3674	81027	2.43457463280826
212	3042	2.43418093951482
284695	51602	2.43219639407223
10134	5434	2.42997131916736
1337	4637	2.42614286248486
84064	9678	2.42296361196393
27000	84132	2.42284386470121
10589	353	2.42081788561446
10430	6723	2.42030716876048
6193	6203	2.41901988470852
11079	84064	2.41834880401795
11333	115939	2.41683923492115
5583	914	2.41608217903308
695	84064	2.41570857804608
6170	6204	2.41383981021328
164	51631	2.41248546793654
10476	51160	2.41161608872109
6881	84266	2.40997194077557
6176	6188	2.40721205332688
10430	200185	2.40539471173327
1329	5439	2.40377036206253
4694	6923	2.40114411064966
11311	204	2.39858254745579
11311	5635	2.39780249756056
55049	57804	2.39619734853538
113246	28974	2.3951466088567
150684	4738	2.39417264735582
2213	23157	2.39237222609144
51520	8574	2.39200222752069
51282	517	2.38692489527478
51024	6150	2.38683474334027
6135	6146	2.38518376822058
3561	51520	2.38333430088947
11311	9896	2.38142730349858
10209	6235	2.37979376401857
2876	6923	2.37872860893539
51520	93627	2.37808854292367
5701	8480	2.37728100397576
1337	27089	2.37479650774525
212	25853	2.37371084580698
1155	1652	2.37349856598686
10209	6233	2.37084758979631
200185	54344	2.36618636353136
1639	3561	2.36324214239939
6187	6229	2.36202755536329
29997	6169	2.36114914617719
125988	5434	2.36072937744457
25820	9807	2.36001022121678
1155	83442	2.35880415036711
29992	5265	2.35858055725568
10209	6201	2.35577699094768
3689	7086	2.35473126391124
6129	7805	2.35471993454027
10476	28956	2.35367508831583
54916	9750	2.35296592483065
84450	9896	2.35267637505004
6135	7178	2.35130476628089
2107	9188	2.34756880702115
254863	4832	2.34285064558827
112487	1355	2.33746848665577
10026	7518	2.33584105731669
1355	84064	2.32887809178123
1088	3934	2.32790103591069
6136	6167	2.32774508357527
133746	64645	2.32670740631795
29085	79090	2.32248747168237
6723	9158	2.31972380060667
6135	6167	2.31779298359708
4282	4723	2.31703993888092
125988	56655	2.31647480463249
200185	4738	2.31431695529714
1155	5441	2.30745907049494
5439	84299	2.30413514305776
10095	58485	2.30253574303889
4201	4716	2.30240026405825
6135	6187	2.29903223987136
5635	84263	2.29777445363733
3042	6521	2.2972838447849
57129	83608	2.29628112371889
10567	125988	2.29599647543606
4722	51647	2.2928290711532
10273	200185	2.29008210842199
164	5718	2.28856872388518
1535	6150	2.28142652150889
199	4069	2.27642187030399
140890	164	2.27565670211622
124565	23265	2.27024224434208
219854	84064	2.26706793518221
1355	90624	2.26658295031786
1535	5441	2.26438056828697
1798	84064	2.26314957419676
115294	9896	2.25915995961845
4716	5699	2.25610502173974
10438	253943	2.25564028765193
1652	5790	2.25426599013924
6147	6194	2.25328971063392
25824	389541	2.24859318393492
6156	6209	2.2480084595287
2771	5605	2.24760290090111
1340	4695	2.24202860550377
4666	6194	2.24161708861744
170622	25873	2.24134303783015
389541	4713	2.24002932448383
11079	8935	2.23634618305845
1535	5216	2.23540972186246
11171	9188	2.23427503179096
5199	929	2.23084988632686
10273	55651	2.22672956058979
1351	521	2.2267042148308
6161	6229	2.21172998617815
353	56655	2.21116447619835
84681	9158	2.20507168431326
4353	4680	2.20441907985119
10589	581	2.20247778872466
6222	7314	2.20108629147704
373156	6275	2.20083986214583
6229	6232	2.1975594303989
6159	6169	2.19402066982907
51520	84153	2.19300304664157
1355	5635	2.18868166005771
1603	6391	2.18854608745932
11079	51657	2.18788684921779
2038	8991	2.18000009228444
3702	919	2.17987371269169
4736	6136	2.17958117081761
2197	6206	2.17944059822382
2107	56902	2.17556110339634
2219	54504	2.1721244675916
2107	6921	2.16823944729527
25820	5903	2.16727658414571
25824	27089	2.16523674259425
100128731	5790	2.16454919413645
25804	56655	2.16428442844363
6150	6881	2.1588620510408
113246	1652	2.15343297976568
381	517	2.15292049221442
113246	51035	2.15031142769066
23518	51201	2.14858021229053
200185	84545	2.14377083754832
6122	6161	2.14188109806677
119504	22900	2.13814209126615
10026	112487	2.13611627536008
220002	3561	2.13579847646998
10273	9158	2.13550618686555
3934	4057	2.13485716060189
1355	84263	2.13434422798041
55802	9589	2.13369368585419
6156	7314	2.12951540305002
6136	6187	2.12688759902135
7316	7805	2.12514636992496
2235	7145	2.12427154186225
10289	284695	2.12241195098725
53371	54700	2.12031978771826
10209	3727	2.12012847838086
2876	5441	2.11968799222823
10476	5499	2.11873767022041
200185	4713	2.11716109481876
199	54504	2.11475425209587
51545	951	2.11332163164803
100128731	1337	2.11222046987418
57804	79090	2.11176673446996
23157	51367	2.11107472910306
130814	9270	2.10987283744745
10667	2067	2.10840670593925
4358	4738	2.10704796903674
6165	6203	2.10695785953915
2107	9908	2.10576453253435
517	6150	2.10576100514442
10327	84153	2.10437963764936
6141	6165	2.09951752266313
3002	84525	2.09815774065293
11320	55824	2.09406457094452
1088	1669	2.09402628974503
11311	63901	2.09385276591232
23518	57560	2.09289926740972
517	5439	2.09005487776864
1105	53371	2.08924230557442
152007	57085	2.08899463436977
25853	7145	2.08842377496814
25804	4713	2.08786518075793
6129	6209	2.0871585119047
51762	9107	2.08589340688113
2647	5439	2.08459871750842
381	6881	2.08428648631838
51520	5607	2.07863257195407
10134	4738	2.07824427000979
10283	90624	2.07792043674152
28956	5699	2.07458054629608
1669	4680	2.07386452833887
6135	7805	2.07165981208187
1535	2647	2.06703536956418
10600	1105	2.06515801180217
2162	8436	2.06486126760104
6122	6164	2.06381208166459
6229	7311	2.06354509658422
22900	29058	2.06180459027301
1191	2791	2.06146666012933
1460	4723	2.06121596034084
6170	6194	2.06064328868219
6136	6229	2.06009090702746
148423	284695	2.05950391024298
2038	212	2.0574187505909
4723	4832	2.05580665640273
64376	64645	2.05146899139262
128240	8733	2.05094299008005
84153	8935	2.05039591859246
1155	8636	2.05009390950681
4282	51282	2.04885436460961
2204	84002	2.04731425553226
22900	84263	2.04709579243508
6171	6229	2.04569772192962
4695	5441	2.04431178375186
2207	29992	2.04146461334565
5439	81926	2.03744359705562
57560	93627	2.03403826028807
1351	6132	2.03389751324512
5434	81926	2.03324544259673
154075	84525	2.03286376614736
51028	84064	2.03226808093702
6167	7314	2.02804138303853
1212	1351	2.02713444473056
25853	6535	2.02560931706813
6188	6208	2.02547181385478
54467	546	2.01832469175055
2162	5196	2.01824430333758
11027	57085	2.01535777659449
11079	79415	2.01469155117355
3553	8870	2.01417083429035
6158	6159	2.01000378573652
150684	4358	2.00957426139621
6135	6155	2.00918487433075
1191	6678	2.00906139231483
23264	90338	1.99985593152831
414919	85007	1.9968858793066
1088	671	1.99474167515343
29058	63901	1.99406418465457
55374	8574	1.9856939408444
10026	5634	1.98482532384324
22900	8935	1.98322505270306
128240	25804	1.98102307427756
4695	51160	1.97949892682175
51631	6198	1.97741952059211
64919	914	1.97679820456829
309	8574	1.97469410016057
25836	9147	1.97410571862097
22894	92400	1.97357147022419
3049	6622	1.97181240120533
6141	6203	1.97171584465443
51506	517	1.97136655515634
2038	759	1.97029824248974
1088	4680	1.96981725338087
51642	84064	1.96746100196828
51520	79084	1.96737766072623
6158	7311	1.96424875378558
4496	4501	1.96207247531137
254863	353	1.96189880180748
5216	6275	1.96125329890879
3490	4005	1.96112557077233
51386	6146	1.95993864155982
79090	84326	1.95902054932234
134147	5228	1.95846387128985
28985	84064	1.95589454744788
6133	6135	1.95515925919663
2920	3553	1.9540103459436
140823	1652	1.95143824395396
4723	5439	1.95098029421489
10926	9908	1.94991777794723
4832	517	1.94826704240897
695	93627	1.9447591799597
10476	4716	1.94427899907171
2783	9040	1.94154742244645
8896	9587	1.94113125213033
124446	51329	1.93952685681347
29058	9896	1.93876087521302
2197	6205	1.9382754452339
11164	51520	1.93710181879998
23560	53371	1.93639108274501
6206	6229	1.93438199032874
11151	51160	1.93406555283653
51071	51520	1.93085155792517
204	84064	1.92745433093274
4282	79095	1.92686174951985
11151	28956	1.92599835931501
389541	51160	1.92594518543924
6122	6160	1.9238710943916
3674	5196	1.92384497017553
4708	51529	1.92205538248598
6135	6161	1.92163827864675
27166	5216	1.92128011730715
5329	6446	1.9194989173314
2357	29992	1.91946824600265
11027	29992	1.9191079200421
6235	7805	1.91806620697973
84064	84245	1.91792111952993
6170	6227	1.91589048166015
2771	374403	1.91471957048808
5635	83787	1.912590312244
11171	51729	1.90986038862043
2107	3422	1.90620209355226
10430	25824	1.90475409309468
4736	7314	1.90004017400337
28232	55824	1.89992732568848
51762	5903	1.89726782538118
3028	4738	1.89435273845829
100128731	4832	1.89314567979457
567	6135	1.89224624099376
1535	4713	1.89162274525242
217	5265	1.88809754445133
2235	51327	1.88649932706464
23157	3561	1.88405785585083
115294	201973	1.88371456875676
25893	6521	1.88294764455954
1337	1652	1.88256397246501
1175	2647	1.88175421184097
5903	64786	1.88173134519612
1337	4282	1.88132596210316
1460	353	1.88057036575835
11171	2107	1.8792402483074
10430	79090	1.87919717237255
27350	4358	1.87795276142119
6147	6229	1.87030345998384
5583	919	1.86909010695583
1155	348262	1.86619164405489
2224	4201	1.86605200810078
5265	929	1.86598976252245
6135	6191	1.86486862031973
126003	54998	1.86192168626624
204	90624	1.85757765160117
11320	4753	1.85566583923573
164	8452	1.85463929882769
29997	7316	1.85303911047124
5228	90338	1.85223994248173
1535	348262	1.84982168905858
10008	948	1.84970724198178
10574	5245	1.84316238557369
10075	6209	1.84278867228354
2876	389541	1.84182778767453
1337	521	1.83977920736768
6535	7145	1.83854619370457
4738	746	1.83705541541682
8935	9896	1.83649135866641
10589	1535	1.83531538914286
125988	348262	1.83309594217142
22900	2313	1.83153511826662
5434	57804	1.82912112829674
51367	84153	1.82640122475941
26986	6233	1.82465044901448
27335	79002	1.82350376975902
25796	79090	1.82289974407773
2776	87	1.82195448349648
23215	90799	1.82132880440277
217	4005	1.8193155778563
2778	7805	1.81878282078882
124565	84153	1.81853330879878
5605	7384	1.81774595904933
200185	5441	1.81772537088053
374882	5434	1.817606134824
25804	706	1.81676235348289
3824	5551	1.81598592210107
1460	200185	1.81568931902078
116362	4069	1.81544404094284
113246	51282	1.81463210096975
6176	6229	1.81440518458146
4680	932	1.81345935419632
10095	115939	1.81336055525406
10567	9040	1.81290985691532
4713	5434	1.8120394807223
2107	22919	1.80941336693783
10327	29058	1.80903951272207
29992	7940	1.80857187735013
10209	6205	1.80647070824745
10673	948	1.80530638048311
1652	51024	1.80411877605483
10915	53371	1.79932766749683
119504	4329	1.7992614989209
125988	27089	1.79921733373014
28978	8574	1.7953238639957
146722	199	1.79408782189796
6935	9807	1.7928323403876
10095	5699	1.79242914036541
10273	5434	1.79241190594257
3674	5473	1.78975058959247
2162	64407	1.78957423668333
2235	6521	1.78918060734283
51282	6881	1.78708351141273
6156	6227	1.78605484820151
10600	91746	1.78547086805722
25804	5216	1.78330718024162
64645	9589	1.78150591357551
389541	4832	1.78030481304115
6205	6217	1.78024192425797
1351	6150	1.77817424237515
220002	309	1.7769067431846
6136	7178	1.77383924030918
10915	9821	1.77279061084538
3561	84064	1.76891640238032
1781	55737	1.76644196893933
11079	1798	1.76640660339408
6217	6235	1.76630450301306
2769	84002	1.76212362054641
11333	1725	1.76054830941738
1337	4694	1.76050518639049
119504	93627	1.75741875965322
1212	381	1.75626675104861
51520	9896	1.75550618550258
1175	5691	1.75358150040281
6142	6203	1.75274680164847
54916	79631	1.75269695834924
124446	55049	1.75242782848531
27166	83442	1.75138530330694
6122	6133	1.75077704834934
10075	6227	1.7486349911773
4716	58485	1.74779571082891
10589	1155	1.74764437820884
10095	4738	1.74744208929243
389541	5216	1.74609168275707
2107	50640	1.74517660476298
55651	84993	1.74468413800121
79109	85007	1.74335810966896
125988	389541	1.74152318339772
3553	6364	1.7410811011185
51520	84287	1.74038360755823
204	51300	1.73997470841197
1355	22900	1.73928661064876
25796	51545	1.7385634202387
29997	6204	1.73628752638934
4694	83442	1.73476712996167
197370	9214	1.73317317802715
1155	25824	1.7331514192934
125988	4832	1.73107216144369
3006	3008	1.73069907520724
1535	25804	1.73047151295157
10430	125988	1.72981470431237
2319	8907	1.72866339808768
6135	6233	1.72584617885744
10476	5691	1.72207804445481
10095	7384	1.72069642657276
5698	5721	1.72050824244756
1669	3934	1.71793718716815
2162	5577	1.71702549300209
29108	63940	1.71687284852334
10589	4723	1.71672487967323
3702	5583	1.71622054215398
1487	2319	1.71514060035916
10589	5439	1.71366037875815
10273	4201	1.71018283422674
5698	9246	1.71014058819708
164	5903	1.70880813552084
23560	55802	1.70788432272821
60526	9896	1.70725795208343
4723	5434	1.7065232971803
10209	6187	1.70313622643011
55422	9929	1.70219719060977
25824	5439	1.70101044899289
1155	200185	1.69835620165017
10589	4282	1.69670451713029
1340	5691	1.69613427556563
51327	8991	1.69608540090918
1355	8935	1.69446436907949
6135	6232	1.69439957694934
26205	6198	1.69416344460498
124446	57804	1.69401646206465
25917	6018	1.69178825358412
7311	7316	1.69164959718956
84954	8733	1.69108956696535
10327	84064	1.69082794523889
10574	25923	1.68914506380808
54765	63901	1.68858921798094
1650	55651	1.68815018574971
10134	374882	1.68628932847705
1155	1460	1.68620413125193
4694	5441	1.68477189966838
51246	5869	1.6824582105072
1535	25796	1.68153232007516
10209	6176	1.68150883461363
3001	9289	1.68126236448418
5790	84266	1.68110476475958
10474	2319	1.68049295511061
6229	6234	1.67548871845262
6136	6234	1.67359457070157
51520	55002	1.67085705246665
100128731	125988	1.67056395166102
5434	684	1.66996975122767
25796	8721	1.66910763678852
5441	58485	1.66853832397154
220002	9214	1.667884896414
6122	7178	1.66766801110195
84869	90624	1.66756890087436
51409	90507	1.66723457333955
1155	4723	1.6647903299026
5050	9158	1.6615876080991
11311	1892	1.66124413762851
115352	79368	1.66065359156563
100128731	6132	1.65984484418101
10926	6018	1.65871640847174
6147	7314	1.65690929299897
7145	759	1.65632105693672
1212	6183	1.65519440125662
6168	6229	1.6484858246186
55824	5588	1.64546998683017
353	5439	1.64387303998714
124565	309	1.64268072065277
25804	389541	1.64230984734423
6622	7145	1.64206108914236
51160	5691	1.64183404131355
27335	5479	1.63425982424728
4350	51160	1.63423252319797
51631	64786	1.63376743750942
27089	389541	1.63276840835359
55349	55540	1.63252284749927
51106	93627	1.63154796099578
1340	6923	1.63112599068116
29058	309	1.63039924055033
1351	51024	1.62754293319013
11027	4542	1.62747906887158
2959	80219	1.62737075816337
1355	204	1.62711770582335
1798	29058	1.62607869428887
10327	51520	1.62367792677068
125988	25796	1.62351932757187
100128731	2876	1.62325526081834
2313	9750	1.6195436700525
79133	9818	1.61736782630953
125988	65003	1.61630387173021
119504	3561	1.61138113972922
10589	5216	1.61135589645242
119504	5635	1.60870344849924
4722	5479	1.60847965856916
10273	1460	1.60561783764343
51071	8935	1.60549269937729
4832	51329	1.60457454461694
79966	8434	1.60415625486072
3033	84064	1.60353934893448
6229	9045	1.60195067683581
128240	6723	1.59874188148702
124565	51409	1.59824761455796
2783	5441	1.59812593168435
389541	51024	1.59509098337854
1460	51160	1.5950549226671
6135	6188	1.59360266140252
6135	6228	1.592110013943
25796	6415	1.59184686299598
353	513	1.59137665467015
56993	79095	1.58929327610808
1351	51647	1.58799911211412
51024	84266	1.58750000857051
517	6923	1.58711719247887
10589	4832	1.58625978936979
11079	219854	1.58441352914129
56927	9158	1.5843890375475
6205	7314	1.58434237238272
146722	1471	1.58176275044896
51282	79095	1.58163187397112
10209	7178	1.57911145909157
51501	83787	1.57791582452034
1997	64376	1.57730639434904
5499	84304	1.57617201213853
128240	29085	1.57569279657381
8417	90624	1.57512429597033
128240	353	1.57400421730297
5439	9040	1.57326765939602
124565	8935	1.57194678808153
10273	2771	1.5700287706175
25820	64786	1.56793564123587
2876	4695	1.56565041208723
3575	3702	1.5655355771241
142891	64376	1.56541681093601
126328	51367	1.56540072634165
6233	7805	1.5649012707222
51150	5441	1.56418258201798
1892	29058	1.56352242587545
6227	7311	1.56096776216837
34	84191	1.56065680483856
10926	51729	1.5605010276026
2553	7430	1.56031016815512
3692	5479	1.55914076680222
100128731	51282	1.55828713406109
517	83442	1.55747331413181
1355	51520	1.55739313815164
2197	6158	1.55699858702082
10026	1121	1.55682647861062
1781	90624	1.55638494152842
10926	9589	1.55493300449553
27335	84266	1.55407054088148
25771	8801	1.55284606809999
4736	6135	1.55283712653708
5499	84993	1.55196453727874
26986	6205	1.55056505853943
11164	28985	1.54961721008145
10189	6628	1.54699523108275
125988	4713	1.54592880963617
51312	6622	1.54559591957722
4329	84265	1.54516385135682
4695	5434	1.54253100140754
6176	7316	1.5423816966791
11079	51642	1.54188294645641
11151	1175	1.54042827647445
164	6198	1.5398470968585
6204	6227	1.53895588761552
3561	7317	1.53737920700221
28985	84287	1.5344109345437
598	6521	1.53434005487891
115294	546	1.53290302273453
521	6923	1.5316676182116
25840	6850	1.53163197121073
100128731	293	1.5312295178339
282809	51201	1.53086579558594
10430	29085	1.53006165054654
1915	6135	1.52850713733076
1052	3398	1.52708098608405
1389	2313	1.52477196875813
57062	91746	1.52365107386313
5790	6881	1.52316307239847
10476	1175	1.52261812801707
115207	948	1.5198338278119
51024	5439	1.51979107743344
5050	84993	1.51947182415946
4358	84993	1.51937941477936
4350	8721	1.5191476525773
254863	5790	1.51818318748862
6129	6135	1.51670874741302
204	83787	1.51658285960743
317649	408	1.51608493132189
148423	65117	1.51575166221239
1475	5265	1.51520697925586
84525	9289	1.51345498634952
10384	130814	1.51148656336957
11164	5635	1.5110708533429
64376	9908	1.51000161926449
1471	54504	1.50918404113693
389541	4350	1.50866793989308
1639	2319	1.50811392997924
51501	5635	1.50795821620288
27072	8417	1.50775829480857
125988	1460	1.50674928712802
55802	92400	1.50651210851159
1460	6415	1.50607478037881
3575	64919	1.50204376142753
353	84331	1.50198809985214
1462	1475	1.5007751799245
51762	64786	1.49810169055275
1535	56655	1.49617768443651
4832	5434	1.49581520368621
25917	55802	1.49548063768641
26091	9896	1.49443426175277
1652	3692	1.49334815819992
119504	51106	1.4921296667362
1475	217	1.49097883637086
2965	51501	1.4903958700465
28978	57560	1.49037944217839
2625	919	1.48993906131701
10273	8721	1.48901713093716
25824	51024	1.4887323735743
3702	55824	1.48844804725026
26986	6223	1.48778107631229
10567	4282	1.48744352195856
1329	389541	1.48643079189852
4694	51506	1.48502265398243
10384	11118	1.48335054462016
6122	6201	1.48114188027823
8935	93627	1.48002833233127
2771	4716	1.47995827961103
134147	5143	1.47978465592865
6129	6229	1.4791890489512
353	81926	1.47873666165557
10915	1315	1.47848754314278
112487	1389	1.47838694904438
1191	5473	1.47819763520664
10589	2647	1.47631904267429
22900	9896	1.47511015131259
128240	25796	1.47432274262767
49854	6782	1.47387887858216
10467	5691	1.47318013541305
5583	64919	1.47235162702022
5441	5499	1.47163596567048
414919	51367	1.47133862955695
1535	374291	1.47111778724169
4358	5499	1.46979677150176
381	56993	1.46892665439753
10926	1997	1.46633358018909
2213	6850	1.46560405033319
4005	4257	1.46498770987834
124565	3561	1.46468218624965
728489	84266	1.46435758626765
219854	5635	1.46418210121728
25804	29085	1.46386018373243
220002	51520	1.46284360737754
1337	5441	1.46086438187309
204	471	1.4602486596048
10209	6143	1.45974272178505
2771	5434	1.45957538212792
22900	5532	1.45859611064074
125988	5441	1.45795230845955
4900	6678	1.45451507124045
10890	5110	1.45198646487272
3561	84153	1.45066829491492
200185	374291	1.44795060193001
4282	54958	1.44685381872323
25824	521	1.44568202249672
10589	5441	1.44442968048543
1731	5790	1.44404936288943
6170	6223	1.44303423320445
10430	25796	1.44286617511385
197370	84824	1.44266843529739
10430	56655	1.442564181742
10273	6723	1.44227122907576
348262	5441	1.44087022697971
2319	309	1.43925211680129
353	4713	1.4370867945223
2197	6176	1.43693100786962
4680	6947	1.43685455554629
10430	1460	1.4357337560432
348262	54998	1.43490577505756
11151	58485	1.43442556658571
517	79002	1.43376543106952
55824	6653	1.43348906073454
5434	8721	1.43230347051591
200185	5790	1.430235794354
29058	51409	1.42966143235679
2235	759	1.42945780796171
27335	6881	1.42918036877773
5216	706	1.42876525976406
6167	6229	1.42820616390356
1329	2876	1.42454593919836
1460	4282	1.42439471560589
22900	63901	1.42119842454493
1191	8436	1.42099006868
1355	3033	1.42088415395015
5588	917	1.4206825766754
132160	51466	1.42030657840881
217	5199	1.41926911572608
124446	4832	1.4190889485746
25796	5434	1.41882771255282
28978	51520	1.41783372373854
152007	3689	1.41559400533143
6169	7805	1.41357713789637
28970	34	1.41340081663078
119504	284004	1.4130740957327
1155	400916	1.41219749373904
2876	5216	1.4109780792284
309	8935	1.41002212179054
1155	4350	1.40830353127938
254863	84266	1.40723785324637
4738	51160	1.40721348247816
6122	6152	1.40626927265815
11079	5607	1.40574297125965
10095	7167	1.40533697953223
51327	6535	1.40508588383418
192286	517	1.40263957555186
204	55662	1.40252536557815
2319	3561	1.40240542892402
115294	27072	1.39952906399488
1521	4818	1.39938384937622
6135	6175	1.39858219647786
6135	7311	1.39835445612018
10273	84993	1.39717458854993
124565	79053	1.395408106064
2038	51327	1.39419492606351
150684	29086	1.39126648146558
5499	5691	1.39049071565211
408	920	1.38806823441296
10589	25824	1.38765323099877
170575	474344	1.38566463423112
6233	7314	1.38518217965291
100128731	10632	1.38348477959299
51367	64098	1.38309176364642
1460	389541	1.38264428414441
6136	6155	1.37981644419851
11164	11311	1.37874084064678
119504	51367	1.3783763780832
51367	55374	1.37747588640568
22900	84191	1.37597857201962
3422	9929	1.37259741653679
100131801	5479	1.37005619862772
3042	759	1.36986090834981
2107	55854	1.36847521794569
10273	128240	1.36764513703832
6210	6229	1.3675771773506
10376	84790	1.36671305774514
219927	51647	1.36600507148304
6205	7316	1.36577222433158
10026	10611	1.36501341223907
11027	5265	1.36280985331071
3376	9276	1.3623737532727
1471	929	1.36150285985424
1666	29058	1.35993092345952
6136	6161	1.35933749411748
1155	254863	1.35908323684171
6122	6204	1.35856166545597
64756	7360	1.35318238129913
3820	64919	1.35299118068138
27089	4707	1.35238114230723
84191	90624	1.35102525752066
10209	6161	1.35087193066491
1471	217	1.35062818727664
517	6746	1.35052165945252
10209	6194	1.35039340867121
1652	4694	1.35027453922517
1351	27089	1.34992667742883
10589	5790	1.34909391098306
1105	9451	1.34865293446874
1155	6415	1.34729126629097
1315	4976	1.34700225795832
5903	84132	1.34682302609866
1892	79084	1.34480083356723
11333	128240	1.34268952022176
2647	58485	1.34181435916514
10273	10476	1.34163338651708
220002	25840	1.3412414928093
6176	6217	1.33813038857585
100128731	51506	1.33688016634106
594	8574	1.33550462762186
22900	51071	1.33465415105999
27089	5691	1.33086635010788
1781	55863	1.32979808365046
26091	5257	1.32909245551466
6122	6167	1.32895335685286
204	84263	1.32872403001139
6135	6234	1.32792234689808
25796	25804	1.32596768637018
23560	9107	1.32587654082347
23157	84824	1.32449203012257
1460	65990	1.32431686949855
6188	6235	1.32383335583832
373156	51329	1.32334988518897
4694	4695	1.32289144506449
2533	2776	1.32118373996338
140890	58155	1.32058103361752
6279	6283	1.32018130593839
1155	25796	1.31978981902409
5634	5832	1.31857756147619
23157	57446	1.31754482933528
3692	51647	1.31284722306107
6159	6175	1.31226791236356
10209	7311	1.31078165592442
5441	83442	1.3105786283934
51657	65123	1.30950493323588
285440	57446	1.30860513792412
10589	254863	1.30777061009698
1460	9158	1.30743704127872
25804	55049	1.30420475384209
5551	84525	1.30389956538614
25824	746	1.30359244727679
10567	5479	1.303188901021
29997	6227	1.30270644405997
746	84833	1.30247799052591
10026	84064	1.30013122180977
2647	581	1.29874979093287
6146	6159	1.29805663638487
5605	9158	1.29790161734702
25804	4350	1.29677381838724
81790	90624	1.29590613471876
1212	6881	1.29547481698124
11079	64098	1.29417941966182
51386	9045	1.29346044534337
84954	92170	1.29328259959498
25796	581	1.29237584455568
100131801	1351	1.29109973603114
6122	6234	1.28952235592332
220002	2319	1.28946400510288
115207	4257	1.28936328960769
10589	55049	1.28910311956944
200185	5216	1.28872605348001
517	56993	1.28583706812625
65123	79109	1.2854079455536
10589	200185	1.28424362969748
1798	51520	1.2811493357522
309	3561	1.2804842938551
5577	81027	1.28044317799894
1105	9972	1.2797283296358
51160	5441	1.2772607192536
1105	23074	1.27720272685378
400916	4282	1.2761565854499
11311	119504	1.27577558214856
51430	51444	1.27528730448582
10209	6167	1.27490992108972
1471	3957	1.27436553852733
51367	51520	1.27285039015208
25853	598	1.27204791547656
100128731	79095	1.27198702964532
10209	6222	1.27191499490001
1535	521	1.27084720806755
6133	6136	1.27022389733943
10600	60561	1.27009248569684
10330	4201	1.27008308424164
3490	4257	1.26821360348583
64115	7940	1.26808425355204
29058	51071	1.26807757456126
65117	91746	1.26765300517981
51201	57560	1.26720517320841
6132	8409	1.26703802566743
10430	581	1.26655159994649
10026	5635	1.26342094130485
10209	6135	1.26265477252955
27089	746	1.26158977056404
124565	5607	1.26114039807758
3692	4722	1.26110458161259
28985	29058	1.26095302417003
254863	513	1.2596072016884
11151	5216	1.25661568798273
5441	746	1.25627449532022
64581	728	1.25561396553575
7404	9086	1.25507070975729
348262	4282	1.25501446169583
29997	6194	1.25481944179492
10273	5216	1.25454771465495
1652	27335	1.25392999439506
11311	695	1.25363150396203
8935	9830	1.25263263170227
27236	2965	1.25109548165975
10589	4713	1.25044711273854
128240	79090	1.24873320154258
10238	10890	1.24639030442472
29997	6136	1.24394413322028
2357	728	1.24366408657237
164	23215	1.24361626422237
63935	7019	1.2433769889621
6158	6227	1.24220031201066
10209	6209	1.24060948896171
51329	81926	1.23985512737607
10574	1994	1.23957129513836
27166	389541	1.238935355203
4282	4350	1.23814133170401
4832	5439	1.23779977402938
6146	6188	1.2372920442787
4738	54344	1.23719908175055
112487	140707	1.23628615427145
5439	5691	1.2353398770693
1603	200185	1.23436090489271
348262	389541	1.23432060498146
1163	204	1.23417179011363
204	93129	1.23379811141706
10134	5499	1.23148313976923
124565	51367	1.23059903451842
10026	51071	1.22994861447806
220002	5777	1.22986780150515
84064	84824	1.22977385338631
124446	25796	1.22935309831918
254863	389541	1.22842778318833
6018	9589	1.22766292172125
6155	7805	1.2276293787615
2162	3674	1.22731231854592
4695	51506	1.22562467077712
124446	353	1.22529203623891
57560	8935	1.22430027723088
1632	9158	1.22322589791292
5836	6283	1.22301859172268
126003	6150	1.22133710898696
10026	22900	1.22018720977942
10026	9830	1.21943630470062
100128731	27089	1.21857750280921
54520	6198	1.21800720412827
6132	6881	1.21745548077615
1212	79095	1.21702226384814
10327	23157	1.21478512646621
100131801	517	1.21430253452626
6122	6232	1.21404585940212
5435	5441	1.21401222965285
2876	517	1.21126424636106
10578	1521	1.21065756524905
11079	57446	1.20933585183897
125988	8721	1.20850967244773
4358	5605	1.20798125300077
2553	26205	1.20791238030391
140890	148423	1.20760702359779
10915	60561	1.20720714346931
10476	4201	1.2064916377028
10327	309	1.20628969787812
1155	56655	1.20585391900583
119504	84153	1.20500142816702
10430	84331	1.20498272600925
5698	8717	1.20431652530848
2197	6235	1.20418125738686
49854	64376	1.20375598543099
128240	8721	1.2034555230282
4929	55422	1.20295423655984
51520	51642	1.20283464817099
30968	51160	1.20184066669926
3576	50486	1.201072195522
25824	2876	1.19752829375889
1155	65990	1.19751577082225
1652	6881	1.19670769837272
23308	55422	1.19649255393793
10075	6194	1.19547134555512
567	6136	1.19467747792262
6176	6227	1.19258490607981
283899	6576	1.18989245985368
55657	57506	1.18987158364146
374291	4696	1.18965314991638
64645	8731	1.18895536216579
170960	5228	1.18862820025478
133746	6018	1.18838179838622
4118	4753	1.18794783014407
6136	6143	1.1871007733187
3702	50852	1.18480406491901
1535	254863	1.18429208963849
581	6415	1.18388638822906
374403	57804	1.18350722003996
219854	51367	1.18211752908633
6122	6210	1.17695474549279
26091	93627	1.17596103877794
27166	84299	1.17551589195197
9107	9188	1.17413147374816
10093	5699	1.17167560948221
34	90624	1.17096795465144
3105	6204	1.17023695720735
5441	6150	1.16998823870882
51409	8574	1.16957026849076
6778	8907	1.16903348634973
11320	123036	1.16847047766754
381	79095	1.1683430102038
22900	9750	1.16648817344439
353	6415	1.16624907440694
51703	55699	1.16482115358585
5435	5439	1.16416788186503
27089	517	1.16345028682561
6156	6194	1.16338280472415
25824	4695	1.1615970742385
389541	684	1.16136468808136
1212	51282	1.15702848211796
119504	51657	1.15681957279019
204	5147	1.15655093555942
10026	6595	1.15473697565599
28974	5479	1.15446903864627
23518	286205	1.15220131834093
6208	6217	1.15141280614385
200185	4350	1.15120213023281
6799	6817	1.15046297417211
27350	5699	1.1497491651993
1652	254863	1.14743812379472
79090	84331	1.14664219643082
10600	9439	1.14286589043985
27236	528	1.13926600634465
1389	90624	1.1389740774061
10567	517	1.13674089254387
1652	4832	1.1356811858461
51520	84263	1.13564928318023
11164	5832	1.13490003325512
23560	9188	1.13470644252611
51520	57446	1.13431606898228
140890	60561	1.1340245406108
51024	5479	1.1321832893108
3561	51466	1.13186790713179
759	8991	1.13171901462454
3692	6132	1.13072094657956
373156	83442	1.12863706755146
11079	309	1.12545266977215
5143	6581	1.12537874932158
10283	204	1.12532756063281
5216	6277	1.12522425013405
10209	6234	1.12496568269827
25804	4282	1.12478453252306
389541	5435	1.12445143066917
79966	8671	1.12397874032096
51703	7360	1.12333797036011
6277	706	1.12333097840862
51696	9589	1.12271325300809
10600	164	1.12210617604384
388969	84450	1.12095321460106
4900	5742	1.12081905738781
5439	79159	1.11977013460305
11140	11316	1.11785343517775
1329	51506	1.11574513360731
25797	2776	1.1135367693966
25804	6150	1.11268352461111
6194	7805	1.11167846737817
2197	6159	1.11146452014751
5216	5790	1.11120490752734
204	51703	1.11078454224963
29058	594	1.10785587791675
164	9798	1.10479787945908
11079	3561	1.10477269210379
10209	6232	1.10374668268832
5434	5691	1.10328147915163
4637	517	1.10309738905011
55023	9147	1.10309673928071
4694	79159	1.10170250165195
10209	6160	1.10144577650118
4118	64919	1.10116532194851
4666	6209	1.0999020172766
115209	93627	1.09975902922586
124565	284004	1.0995674081102
64919	940	1.09897189585368
128240	84993	1.09886369370329
1892	204	1.09663994376133
51386	6122	1.09613960870754
945	948	1.09465101345114
5441	9040	1.09335520005573
1675	5265	1.09271440793005
1652	51506	1.09145382391823
79053	84064	1.08986385020863
113246	5479	1.08866069979808
55374	57446	1.08848682985228
10095	4716	1.08722768657884
1725	84993	1.08715207405367
55856	83787	1.08531497763089
1535	54958	1.08453515301843
27089	5439	1.0841409442922
10209	6152	1.08364716705196
4358	5434	1.08265297664483
5147	51501	1.08243749834461
11320	3820	1.07989717132764
1781	204	1.07940407652309
58476	84275	1.07870527022742
27335	5790	1.07847410029346
55824	5583	1.07846243185219
54947	8825	1.07804572568895
11311	84191	1.07746523384524
6850	84064	1.07579876232611
2217	79090	1.07574242749297
200185	348262	1.07484610974828
10856	51501	1.07280394677719
6036	932	1.07261192721623
2625	64919	1.07197738098795
2647	5790	1.07182962396578
10695	6626	1.07001248408911
10209	6206	1.06990268722325
3033	90624	1.06953469173583
10327	119504	1.06853921036112
22900	9830	1.06803308988698
23157	8574	1.06745869063543
2783	83442	1.06663163698621
51409	84064	1.06559346131013
140890	91746	1.06539622109204
115939	4696	1.06528880353278
1340	51079	1.06364193907966
51202	64645	1.06332486811161
115209	84064	1.06294238677088
1212	3692	1.06237719276434
5605	6576	1.06212808432582
5691	746	1.06063635360801
6627	91746	1.06041226989668
10134	4716	1.06036477003639
27000	8480	1.05896747774252
10672	9188	1.05879157662502
164	55254	1.05800028784192
10430	6576	1.05754753140233
2776	55824	1.05662388804651
124446	125988	1.05662318909884
5434	84331	1.05656469664722
5147	5245	1.05424479049046
10209	6169	1.05271554191782
1340	2876	1.05268025087309
219854	4329	1.05228478478361
254863	25824	1.0506051578661
51329	5439	1.04975602805981
6122	6159	1.04851184753696
116496	6653	1.04776121812034
6143	7314	1.0476254364698
128240	93343	1.0472402627025
84287	8574	1.04540618054316
1121	546	1.04486980739511
2197	6208	1.0448149879803
27166	6277	1.04333345197232
9589	9908	1.04276751106104
10578	3002	1.04193712062537
27166	4694	1.04110765250668
6122	6176	1.03981928818278
5439	54998	1.03963420634786
10422	7384	1.03923975821201
6227	6229	1.03825224269572
51028	51520	1.03746179325529
4722	5531	1.03703672061037
119504	90507	1.03579379195892
1462	4257	1.03516272035333
6198	9807	1.03512970826783
11079	65123	1.03402345810716
1355	83787	1.03398500276325
5635	9731	1.03238966697248
115294	26091	1.03157642512258
10330	4716	1.03141305356045
51071	6251	1.03114359361098
1355	9830	1.0307921589666
219854	84287	1.02812492684997
1798	309	1.02520819259526
25796	55049	1.02476940078589
6206	7805	1.02430401317763
5790	83442	1.02329028808544
200185	2647	1.02320338004844
10611	22900	1.02312928856843
90624	92255	1.02171743166109
2647	4713	1.02111812365698
11311	1355	1.0210113268655
1675	199	1.01930131103276
6158	6206	1.01921008480108
5537	55802	1.01906166836964
4282	60314	1.0189331264699
10209	29997	1.01856869293648
124565	9896	1.01649760984683
6170	6209	1.01568654010903
3692	6881	1.01537182294813
100131801	51282	1.01455046212097
59286	84299	1.01247289255555
10589	128240	1.01235783534201
353	83442	1.0097771550725
53637	83888	1.00957064576349
10330	4738	1.00681571185315
5790	65990	1.00491826375446
1460	8721	1.0044579028693
10209	4736	1.00432802044685
164	7844	1.00395791406339
11079	84287	1.00329513581136
4832	51024	1.00308410901494
100128731	254863	1.0026608237532
4282	65990	1.00246530316648
5479	6923	1.00238461843465
3692	381	1.00177232763031
129531	2965	1.00149774046053
64919	7074	1.00115151848221
10476	3028	1.00009202531433
