10075	7178	3.96850773949
4501	4502	3.94720827778511
4493	4502	3.91050967645942
55771	57486	3.88964607086294
6133	6164	3.88303312750695
6171	6229	3.87984899540159
1915	6171	3.85225845142402
10859	11006	3.85092271571299
4496	4502	3.84914720240995
4496	4501	3.84677035428138
4494	4496	3.80321245973343
134147	57486	3.79583972022355
1645	1646	3.79244467912773
4493	4501	3.78602163350729
6228	6232	3.78302978677177
1915	7178	3.76607375673638
134147	23264	3.76068487494295
6228	6229	3.75962072199783
2335	7178	3.75690101258741
2335	6171	3.7495197532854
3936	4688	3.74822381069765
57486	79939	3.74067909853998
6164	7178	3.73582045508974
23264	90338	3.72824179492935
2335	567	3.72613088464224
1915	2335	3.72478416852028
134147	90338	3.71743362631875
6241	7298	3.71579232919882
6171	6228	3.71569547904546
2533	2885	3.70956621084583
27303	619279	3.70754609907228
4494	4501	3.70522252274468
134147	1629	3.6979330081425
1289	1290	3.69497777041173
134147	285231	3.68582091076414
4493	4496	3.68118505635555
6232	7178	3.67146165496943
3627	4283	3.66331678034547
5346	9370	3.65708527259197
10075	2335	3.65204511144041
134147	284071	3.64991702427863
6171	7178	3.64736293267421
6147	6228	3.64493054527345
1629	81856	3.64453412899286
55771	79939	3.64005218160982
1956	8425	3.63738665831311
4501	645745	3.63358571287789
10075	6228	3.63116946328464
1915	6164	3.62973430725391
134147	165324	3.62490919166642
3106	3135	3.62331071395266
10075	6232	3.6230273885825
6171	6205	3.61945044660564
6164	6228	3.61346468047324
1839	53405	3.60951433632245
50515	942	3.60492683329267
1902	53342	3.6001397208977
2335	6229	3.59601321932426
1629	90338	3.59582873444708
10075	6164	3.5921719044831
55589	963	3.58591648009289
285231	90338	3.57668649896514
134147	55771	3.57641257597038
6164	6232	3.57590980231701
23264	285231	3.57521575038383
1230	3936	3.57117415515697
6228	7178	3.57064988855391
4494	4502	3.56809296208966
29887	64116	3.56587602147558
6156	6232	3.55971850716819
567	6171	3.55904689386613
6164	6171	3.55655452516535
523	7107	3.55216151001919
6171	6232	3.54741305736843
4502	645745	3.5404745301147
4496	645745	3.54031851188498
2023	2597	3.53887371987947
4288	51203	3.5385150674149
2335	6228	3.53104204140534
57486	90338	3.52986317230337
6133	6188	3.52618435021757
6133	6210	3.52185679201178
6229	6232	3.51250395720232
2869	8425	3.5044560802098
1839	7102	3.50001679899007
165324	81856	3.49567289526189
1915	6129	3.49495189911322
166647	80031	3.48851635509192
6133	6228	3.48828918048914
6229	7178	3.47968698409952
1915	6232	3.47633400570983
1915	6228	3.47382105127668
4493	645745	3.47023783659984
2167	9370	3.46629259135046
1915	6205	3.46405421367107
6122	6147	3.46217951352416
3936	942	3.457894665676
6176	6229	3.45712745240593
3106	3107	3.45389512479592
3108	3119	3.44641903781637
6170	6232	3.44396081811995
2335	6232	3.43754166017382
240	719	3.43675065851393
28959	55365	3.42694133979786
166647	22902	3.42152890778273
55771	90338	3.41925206734635
6147	6229	3.41512301464599
10586	4088	3.40272781806782
10075	6229	3.39344530300453
22941	84417	3.39196764545626
221091	53405	3.3870785132606
158471	57545	3.38565681054804
79939	81856	3.38520832153258
6161	6187	3.38442462883532
10288	10859	3.3825757037947
4494	4495	3.38249458598347
6161	6164	3.37507116017189
151742	1839	3.37469501262655
6133	6232	3.3666566480456
4495	4496	3.36516117861062
6133	6161	3.36502426112617
6161	6228	3.36428922755827
100423062	51237	3.36350019144412
6850	8673	3.3617194839381
6161	6168	3.36004788786209
719	963	3.35706975113306
83416	91319	3.35329048371582
10010	571	3.34397733502582
10075	1915	3.33687043294973
4736	6232	3.33508631180456
7298	991	3.33307116810637
10075	6171	3.33260031954045
285231	55142	3.33205135124509
2124	51311	3.33087205164598
5450	6480	3.32475881397573
6217	6222	3.32267984629159
1234	597	3.31323783190031
6164	6229	3.31289403151383
151742	1956	3.30998333903913
165324	90338	3.30929402724041
284071	90338	3.30714655562403
79939	90338	3.30428410692443
3689	7805	3.30151552010699
3936	51311	3.29833002427699
1629	55825	3.29565897172643
2869	55568	3.29479424353105
51311	84191	3.28907707445952
5552	56833	3.28854535755194
23264	57486	3.28531871242987
4781	862	3.27937012607218
3689	54210	3.27883455529543
240	963	3.27362939003631
6133	7178	3.27012814671807
1915	6229	3.26991074316605
53405	7102	3.26778177756821
53405	55273	3.26699179032046
6147	6187	3.2640238094704
5698	6772	3.26295791029613
2203	6888	3.25920354076747
3689	9555	3.2571486337054
54210	9555	3.24680746896387
51237	5450	3.23593516878568
29992	3689	3.2349343186779
134147	80097	3.23467095443083
134147	81856	3.23261200571284
6161	6210	3.23209849315401
619279	862	3.23116009782264
10095	391	3.22858010130743
54855	54900	3.22780431853775
3903	963	3.22778062524274
55681	81542	3.22339258986065
1629	165324	3.22262919935284
3936	56833	3.21201629312213
3107	3135	3.21111394569122
2207	3689	3.2109390037237
51311	942	3.20980845930184
6129	6152	3.20331060977133
10095	3689	3.2009766440035
1629	285231	3.18674620793721
7545	9358	3.1865525061846
50515	5603	3.1859622124453
55825	90338	3.18362202928896
23264	284071	3.1772729507693
151742	284018	3.1740683235134
567	6229	3.16882110114461
6167	6171	3.16773690997254
2633	6772	3.16557246807397
6168	9045	3.16527049188734
55793	90338	3.16516293449737
2167	5346	3.16506990609247
3131	7049	3.16389044174617
7298	9768	3.16153100764385
23264	55771	3.16148063503043
7494	83416	3.16026217795693
3105	3107	3.15913877365203
2619	7499	3.15853040681839
3111	3115	3.15420655715305
6169	9045	3.15148606623578
3936	50515	3.14987471249896
4774	7049	3.14829345078083
53405	80031	3.14756663277756
284071	57486	3.14346560682535
6164	6210	3.14271370336389
2203	84034	3.14258466764717
4494	645745	3.14142655934542
6161	7178	3.13532755839301
285231	57486	3.13312973705978
10577	1508	3.1329283445197
165324	79939	3.13221085599377
151742	84417	3.13185069411161
134147	79939	3.12391076142156
55500	79624	3.11195185626381
10075	6161	3.10707427028094
3936	5552	3.10626750496587
3055	7940	3.10401203804015
165324	23264	3.10076526833836
399	51237	3.10015771872456
3002	5788	3.09499653783257
290	4245	3.09448319963329
55142	55771	3.09252509481278
10075	6168	3.09024222456921
151742	8425	3.09016376837584
10561	129607	3.08632641634235
6168	6169	3.08568461168868
64747	84191	3.08065611565294
4736	6156	3.08053222307753
10095	1508	3.08033348300447
55142	57486	3.07978817274669
10075	6133	3.0755169075968
6164	6187	3.07523004004719
1629	23264	3.07460372436456
1629	57486	3.07201075302556
1915	567	3.06967982102729
6168	6228	3.06903570089468
914	915	3.06163025484231
158471	29094	3.05793510558549
2203	9555	3.05383404525233
114294	84191	3.05305532236186
114818	84952	3.04950427496411
23524	58517	3.04944714234901
26137	57685	3.04042002573558
26137	55568	3.03477872057039
6156	6228	3.03001000211817
10095	4542	3.0281808974289
6187	6188	3.02656935480829
81671	9276	3.02206150986586
1508	7805	3.02169999378625
4493	4494	3.02056021465321
6147	6161	3.01937982908898
162394	23524	3.01792948861448
85461	9411	3.01606533315956
5552	7128	3.01370811814888
4688	54210	3.01179807654589
3133	3134	3.00663780873407
54205	81671	3.00572074918249
151742	85379	3.00354451806823
1234	55092	2.99573427909101
4666	6122	2.99454101811876
257106	8673	2.98994025835629
6133	6187	2.98241016708844
6147	6164	2.98131495166297
6147	6206	2.98086106572981
80031	84935	2.9774183611315
53405	9358	2.97418625123
2207	7940	2.97344537177973
253827	55742	2.97168058798249
221091	9358	2.95458378046548
2944	2946	2.95222362656507
567	7178	2.95141349582703
53405	9899	2.94717057420096
257106	6850	2.94427485263161
80097	90338	2.94271822328423
6147	6232	2.94228313436997
1839	84417	2.9418184012415
5450	608	2.93895228698165
1508	56833	2.93660268553429
4781	619279	2.93492203943428
3512	608	2.93364176720843
23236	2941	2.9285973037878
10075	6147	2.92679908373271
10096	7903	2.92451365492265
4774	4921	2.92350299762389
54855	83416	2.92307887131668
22980	7317	2.92076089089571
5307	9139	2.91503826126816
3932	80342	2.91286406829236
7060	9358	2.91172213187178
1230	56833	2.91017068108777
10125	10507	2.90754584417596
11320	64092	2.90564806268456
8514	9056	2.90421539452767
161779	55733	2.90200329690498
6168	7178	2.90097196851939
2009	9737	2.89782058134296
10186	4781	2.89766591209283
7272	9582	2.89245742428737
22931	9412	2.89223784999239
29108	8673	2.89086182268122
55568	84952	2.89057636382797
1476	9555	2.88891791730555
151742	7102	2.88767843897253
4736	6228	2.88699925401297
26137	9737	2.88644192165225
284996	9446	2.88130843297769
257106	83706	2.88000872588716
3627	6355	2.87802576574083
5592	619279	2.87569291732845
4155	64005	2.87077158090655
8404	9737	2.86932491098368
29108	6850	2.86798646158784
285231	55771	2.8657279359315
1508	240	2.8649133401865
55142	90338	2.86490377705935
54210	7805	2.86375799605958
5325	55742	2.8617491592557
284996	6503	2.85959725388437
57214	80183	2.85901715739762
114905	4774	2.85646728850195
1839	85379	2.85638280556342
6143	6234	2.85531909544456
3702	915	2.85332956274534
7321	81542	2.85306149955113
55233	81542	2.85256960007243
1915	6133	2.84557133476489
4245	5777	2.84023861081289
22797	84191	2.83988791124981
6888	84034	2.83635085628618
29094	57545	2.82953705136964
4283	5698	2.82512465270569
6167	6228	2.8248300987806
23264	55825	2.82165368279475
5450	83416	2.82155389524704
23213	84168	2.82154320038852
284071	285231	2.82045907129162
55825	57486	2.81344259975305
115362	3659	2.81324496230467
10095	2207	2.81223451799962
2268	290	2.81097865660288
151742	2869	2.80687023693764
6133	6170	2.80617734980167
6133	6171	2.79599630593806
257019	27327	2.79431693833303
1915	6156	2.78509735394956
2207	3055	2.78500112568645
3105	3106	2.78225427092781
50515	84868	2.78090252736885
2633	5698	2.77910631785654
10096	81542	2.77471890488704
55568	7102	2.77416608994562
1317	1508	2.77339285822056
285231	55793	2.77079953477905
54900	6382	2.77035972943748
134147	55825	2.76889727442755
5634	5985	2.76574817925925
10586	55568	2.76508504513787
6147	6168	2.76361527040451
6170	7178	2.7632964476995
4736	6164	2.76223403005069
3429	9246	2.76119176775189
290	4792	2.75777523703137
1317	3936	2.75581095449576
165324	84172	2.75521235621353
6147	6156	2.754198245664
80342	914	2.75189217363374
5341	9466	2.74777776474664
23264	80097	2.74255423891376
6133	6229	2.74184387482692
23643	80896	2.73247033850831
1629	79939	2.73171240846804
57569	83857	2.73162256800842
53405	84417	2.73091364926155
6156	6164	2.73055478315795
51311	64747	2.73007705841104
4688	51311	2.72911969312534
23213	80114	2.72870660886956
2124	942	2.72650026954311
2009	53342	2.71814364130185
284071	55771	2.71275043079742
1290	2191	2.70657667987914
3134	3135	2.70569671994499
10529	254042	2.69896811378324
151126	6660	2.69536346191558
526	54210	2.69460947976812
3133	684	2.69187838315073
1230	5552	2.68899133271056
11226	6195	2.68855474083166
1629	55771	2.68704364740516
10914	27101	2.68616340427709
64092	9447	2.68576410219061
10640	4893	2.68531131709535
23524	6046	2.68529360677327
55568	9737	2.6848982596804
6187	6228	2.68272674624479
10964	129607	2.67691671420542
4067	4615	2.6748700310792
2869	4915	2.67432210973171
2013	79901	2.67337782242635
7102	84417	2.67046630790859
63924	9370	2.66661550927446
103	55337	2.66240722737573
55742	90102	2.65621405959566
10914	55500	2.65503109527737
54900	83416	2.65090882533899
4736	6210	2.64911659783135
4088	55568	2.64731067580876
5720	7453	2.64566283883785
10863	962	2.64434240210372
6913	8322	2.64209720317021
53405	55568	2.64159700626862
23264	55793	2.63880682268278
23244	84640	2.63874633184609
6164	6205	2.63812587457287
6168	6234	2.63427267138047
5450	54855	2.6302318814691
7940	9144	2.62682557675916
6147	7178	2.62603863714714
6129	6133	2.62560341395376
23244	253943	2.62240695560392
1839	7148	2.62231620084993
55284	6102	2.62082075426491
6129	6232	2.6172114511595
2023	7167	2.61505862436507
55742	56243	2.61163653075724
4774	6934	2.61143705375785
6129	6170	2.61048811589819
80031	9358	2.60560904155506
6772	83666	2.60549244609
2212	2885	2.60533739965837
4288	9768	2.60339696179271
1956	55568	2.60336199171414
115362	5698	2.59894263113469
4736	6147	2.59709527438048
2013	80310	2.59663424445794
287	4856	2.59384497018157
6129	6164	2.59246096998882
6228	6234	2.58841812954101
30001	5230	2.58658232518028
4223	83604	2.58163623419195
10914	6059	2.58109670942471
2799	526	2.57954365229039
3106	3134	2.57898336444618
253827	800	2.57816784063048
3689	7940	2.5683226528548
1824	719	2.56711591542242
1234	55619	2.564232556518
1230	4354	2.56278912634883
4736	6187	2.56242324461761
10075	6187	2.56031523502629
10159	10487	2.55958268324374
55825	81856	2.55788751915717
5223	5230	2.55454990504027
83706	8673	2.55333506139064
8490	9411	2.55242861411875
51715	800	2.54372459364133
4312	4314	2.54288720755344
2869	7148	2.54112409143934
257106	4155	2.54005593677142
27303	862	2.53764968036042
1508	3936	2.53624938970313
6188	6206	2.53380694502714
10288	11006	2.53309538006697
55092	942	2.53214962297725
55041	84034	2.52979915962084
290	896	2.52479619151549
124460	27071	2.52112557417025
26137	4774	2.52111930477542
5515	571	2.51879642204731
57823	914	2.51872679584757
6480	83416	2.51427295608587
2771	7791	2.51063273163811
80031	8991	2.50719574092001
23264	79939	2.50611834205475
7164	7545	2.50344214242021
27248	84513	2.50190393512406
6143	6188	2.50188577312576
6187	6210	2.49920005137316
1839	221091	2.49870974223334
6133	6234	2.49681849708298
10125	3001	2.49651017423407
7153	9232	2.49579420564701
2009	9068	2.4935506446907
81552	864	2.49203949321495
10914	55681	2.49132235353029
11151	2533	2.4911575106122
1490	55617	2.48981288958279
57823	60489	2.48832318498151
51311	7378	2.48769825490724
10410	10581	2.48765013209763
11326	7305	2.48600430713364
134147	55142	2.48483577612875
10096	4893	2.48317946499921
643155	865	2.47920198339053
64744	9056	2.4791471582622
1824	240	2.47881887245063
1009	1290	2.47677570004951
3113	972	2.47607033754908
23543	8082	2.47435842847382
7167	8682	2.47411353429635
6161	6232	2.47240445210229
526	9555	2.47163958650488
1520	2124	2.46897585466975
285231	6581	2.46798291027777
10095	7805	2.46651664665367
1289	6678	2.46647595306997
165324	57486	2.46476201187051
81034	84248	2.46332363618947
4071	83604	2.46268930719833
22837	7499	2.46152659742184
54900	608	2.45999373115221
23406	4542	2.45622647929517
4736	6161	2.45487368288265
1192	929	2.45487154009618
131034	260293	2.45093449688301
4542	9144	2.4480668444936
6147	6171	2.44089235633662
6122	6164	2.43685571406797
4282	7167	2.43534680036538
118788	58472	2.4347967786422
1508	23406	2.43433219750588
3119	79930	2.43422492608343
4736	6133	2.43148369688463
54873	6934	2.42346785869549
54210	9404	2.42209132518384
2734	7317	2.4201879176936
4688	9555	2.41873421954909
6136	6210	2.41605942719224
891	9768	2.41229895739351
3689	9056	2.40766012820093
55930	8404	2.40659310839549
53342	79710	2.40575496425764
2799	5538	2.40363298838527
114818	55568	2.40208968091536
3151	57570	2.40124222194049
6141	7178	2.40033164269464
2825	55568	2.40025891264448
4820	79048	2.40001537187307
5515	830	2.39951551165355
2335	6164	2.39772082705454
285231	80097	2.39570674565689
284071	80097	2.39378956173928
284071	55142	2.39267132827608
3702	914	2.39066487353443
226	2821	2.38789908196031
100423062	5450	2.38692602904559
27303	4781	2.38624079683526
5552	963	2.38585806143872
100423062	57823	2.383525180533
30001	8935	2.3834864238681
5478	6175	2.38311473943055
3689	8682	2.38045815676169
28959	5920	2.37785958901254
5136	51454	2.37591359493622
51661	81031	2.37584685935699
4495	4501	2.37318615793564
3429	684	2.36531627674581
5515	81542	2.36519248410581
6187	6229	2.36452705825525
29992	397	2.36022258605909
3134	684	2.359570166247
4282	5033	2.35916731589555
4542	6793	2.35779504751245
7060	8470	2.35563198214724
2869	7102	2.35541787234844
51056	6373	2.35351038000827
9470	991	2.35158969938482
4245	58475	2.3503557801018
55568	8425	2.34983827683493
2207	29095	2.34668113360527
5396	83468	2.34621983946493
51237	57823	2.34365104893607
256130	55118	2.342843489013
2013	2774	2.34274863675501
4067	9056	2.33797773305824
6594	81031	2.33689877152964
23406	257106	2.33565122320675
51444	55681	2.33219139074948
288	53405	2.33075048509569
3627	5698	2.32828279429991
1075	952	2.3209198646623
55729	8621	2.31769252060086
80031	93166	2.31669491258988
3689	9404	2.31535426319579
257019	55568	2.31524686814191
10549	6747	2.31436872889739
221091	55273	2.31369704715367
493856	59345	2.31292122166919
2934	3983	2.31290192143701
4774	57562	2.3117682228513
6164	6188	2.31147252917022
3796	55681	2.31020326883433
10092	51167	2.30812081254841
6133	6168	2.30790598520228
29992	7805	2.30766561235589
27128	51177	2.30689310710427
55704	7107	2.30447720597133
151742	55568	2.30383904737561
55825	79939	2.30245864412868
114818	26137	2.3003892097851
199	397	2.29871118795719
3689	5315	2.29649868933292
64919	914	2.29389996224084
10507	10863	2.29281979029201
567	7114	2.29154355869529
165324	284071	2.29095982355004
10863	27299	2.28769424351945
253738	79710	2.2857331327289
6206	6210	2.28334951963953
55092	93663	2.28182851374474
23264	6581	2.28111240463186
9446	9555	2.27993943634242
1839	368	2.27971071236318
6217	6228	2.27928517957033
6161	6206	2.27816214876014
23406	9144	2.27687990412647
3932	914	2.27391519740948
6133	6143	2.27259653799494
57493	84450	2.27066200761892
597	81704	2.26983614446603
114818	6840	2.26869430191565
240	56833	2.26375463155576
10966	55769	2.25969584310606
1290	8038	2.25653558530999
2023	226	2.25610081202465
6188	6210	2.25592166429248
2124	533	2.25576374212286
3689	7305	2.25544170809367
145483	23264	2.25538027358002
1508	83706	2.25475882053378
84952	9358	2.25207502293404
4688	9404	2.25184735189054
51203	7153	2.25147458912771
2009	25959	2.25139642565284
50615	962	2.24892087608657
8490	90102	2.24790554311517
55824	8935	2.24564195952982
6840	8404	2.24551548587053
1213	27430	2.2408409258691
2268	9555	2.24018987923979
253738	4774	2.23999671312601
5478	6209	2.23795115181111
125	9370	2.23546900275277
4688	942	2.22983605344065
55076	8600	2.22978250534986
5690	942	2.2282907673303
51582	84248	2.22787600309366
57486	80097	2.22760161918026
114818	27327	2.22758165226045
1535	5034	2.22667671263802
6143	6164	2.22566903550147
2023	2821	2.22549118767276
6161	6188	2.22530243304725
2212	2533	2.22522478968875
2512	6187	2.22395561891195
29992	3101	2.22367259555225
29094	50937	2.22309652940375
22931	64778	2.22305701510466
257106	3101	2.22237229901705
597	84419	2.22114619991349
1512	89790	2.21848071194898
6935	9231	2.21838133510859
1915	6167	2.21144244214456
55816	9315	2.21015134832591
5143	90338	2.2088494408633
10507	6352	2.20846209939833
56243	7003	2.20629771010636
6891	83666	2.20580902067646
7305	8514	2.20498785543121
55793	6581	2.20313017496952
397	9144	2.20145876875615
240	55589	2.20059946136595
2210	27436	2.19945279369366
6241	991	2.1980350417874
1230	1508	2.1975215889583
81856	90338	2.19742377574821
2533	3575	2.19720009514006
4774	79710	2.19556969201132
55589	719	2.19533638835147
57680	6046	2.19473293945795
2335	6147	2.19448663156977
1234	55165	2.19093826152269
23348	80243	2.18905493610313
226	3689	2.18826257442383
1317	5724	2.18687425598182
29992	9144	2.18676772519093
81552	93663	2.18606111026193
10672	55207	2.18517488255863
6161	6234	2.18431837476792
2207	8682	2.18427064625508
10216	1748	2.18388727697836
1956	284018	2.18379871733317
368	53405	2.18369459850008
23406	29108	2.18197511763893
3482	51393	2.18169700639182
374986	51776	2.18144856772755
1105	11260	2.17823423997931
56833	942	2.17717070645097
152503	55742	2.17583174885273
399	80342	2.17581346317936
10190	1315	2.17388089935056
10577	240	2.17366738378738
51311	963	2.16900785681091
57486	81856	2.16899911872462
1317	1622	2.16756882863082
1508	29108	2.16607012091149
10075	567	2.16334955696826
284071	79939	2.16220815088838
1956	8613	2.16126018725884
22931	23001	2.16110709817824
391	4542	2.15822759449126
4067	6850	2.15482380605651
1798	7076	2.15468819514464
2760	7805	2.15245467031432
2764	8724	2.15217737979704
8942	963	2.15189222156242
6176	6228	2.15113006233602
527	83442	2.15108162320398
339745	79577	2.15061729220783
440836	57674	2.15052864353492
55273	84417	2.14996710779121
165324	55825	2.14736256824641
10351	114905	2.14673696688901
23161	4179	2.14543284276163
114294	22919	2.14508750106739
51571	56833	2.14437437111456
22931	466	2.14317664105315
533	64747	2.13987879550969
2885	3575	2.13942565428736
567	6164	2.13848303390764
6161	6229	2.1374464894079
10908	3482	2.13534927759011
140739	7456	2.13433139270492
55142	79939	2.1340856573952
10725	50937	2.13332365224467
81542	830	2.13111341573238
55236	64783	2.13106158657188
3689	4688	2.1309692451021
2799	5052	2.13084514470393
57545	83690	2.1297494065471
6169	6210	2.12970083630684
10186	619279	2.12754001687217
10234	92126	2.12716873561137
199	2885	2.12467872015571
649	871	2.12357956754161
25937	92126	2.12315643247966
3394	51311	2.12290269314055
6161	6217	2.12274413927999
10914	1315	2.12047873962545
10186	23348	2.11912836789712
1230	50515	2.11830198020015
26137	2869	2.11752210194955
51203	9768	2.11623004562602
3910	9079	2.11614100222148
10870	8682	2.11544282216705
1230	728	2.11409302034982
54206	59277	2.11408546584305
6141	6168	2.11356448767812
140707	167227	2.10995500706948
2009	79710	2.10969978922853
6594	92126	2.10744628412464
6122	6187	2.10317754736875
29094	29899	2.10305525959699
10914	81542	2.10188656694378
3936	54210	2.10180120774969
162394	6046	2.10092061221879
84172	90338	2.10007962288611
151742	221091	2.10007495563597
3689	3936	2.09837321610486
399	57823	2.09591261505968
10434	59345	2.09361588316204
5230	533	2.09170804116541
51100	8724	2.08798359689117
23406	6793	2.0871608864075
1075	5920	2.08699641277043
5552	6503	2.08653681489643
125	130399	2.08502708366372
1230	7037	2.08136955203696
6147	6210	2.08037705238888
10890	81542	2.07984803329524
114294	29887	2.07912932425964
3932	64919	2.07568574180538
11040	915	2.07532647032471
2597	7167	2.07496910450101
1514	7378	2.07470553702727
1438	526	2.07293006092418
257106	29108	2.0706722474651
3977	7049	2.06968002362245
23281	9037	2.06909481378975
4067	8673	2.06721780089401
10096	10672	2.06698872106799
27101	7334	2.06648309707821
6122	6136	2.06632486499787
4155	7805	2.06626873028634
800	83604	2.06204059244123
6170	6228	2.05736030501744
7805	822	2.05291630797341
3109	3119	2.0526782986678
6217	6229	2.05265141799369
199	240	2.05136798547611
151742	26137	2.04756545859623
5552	7852	2.04733334479053
284071	55793	2.04704654035005
7148	8425	2.04541303313411
4128	7049	2.04481525994942
1646	845	2.04386886910229
2825	7029	2.04298057504993
1956	2869	2.04172281280322
10130	9447	2.04107724252999
6168	6217	2.04105167893148
7940	8673	2.04078481024983
10288	51816	2.04006089693306
6320	87	2.03895937613989
151742	257019	2.03889754887211
6171	6176	2.03834906801267
11099	9639	2.03400791779387
51237	608	2.03301143528973
4736	7178	2.03244080731891
6160	6210	2.03229784142347
83706	9056	2.03211998235923
10859	58191	2.03084068111728
1439	56935	2.0299785850395
23348	619279	2.02920882584421
6122	6210	2.02825600531833
10006	830	2.02805817153607
1902	2009	2.02798758154522
10075	6141	2.02792497318017
253827	83604	2.02700166241231
165324	285231	2.02616451713911
2273	79901	2.02507510647033
285231	5143	2.02455077383869
51303	91319	2.02445512051474
147138	3702	2.02427697271245
4736	6143	2.02414553127513
203100	5783	2.02351285323365
1946	9358	2.02129716029369
10908	80331	2.0210454647843
6168	6206	2.02049724221429
6171	7114	2.02043487215552
5552	7037	2.02025941700757
2009	6840	2.01988882437003
1514	9320	2.01940266753879
56833	7037	2.01745557470962
4736	6206	2.015780429687
567	6232	2.01396376383209
221091	84417	2.01350345944745
8792	8832	2.01342451261636
6164	6234	2.01262070343036
2099	7029	2.01249040789966
1289	8038	2.01138833536615
6136	6160	2.00753855073833
712	89846	2.00466664785007
10096	55233	2.00458775627642
57823	80342	2.00441697797139
2878	8613	2.00294085577595
391	5499	2.00246541135222
81031	92126	2.00182857283838
1234	942	1.99994149076823
23307	3055	1.99945573324809
2124	64747	1.9990339557401
6205	6229	1.99903110078455
1230	9555	1.99827153351002
121227	9411	1.99800404419983
100131755	25959	1.99432502297435
6850	83706	1.99333048650853
830	84641	1.98781280945721
26137	8470	1.98766652889269
6187	7178	1.98665185462092
3575	55589	1.98650528745215
10320	2533	1.98261681502807
533	8935	1.98131378538808
51068	8725	1.98089984169461
284996	9535	1.98076095894392
221091	7102	1.97970296023854
4736	6170	1.97928606949005
1842	9411	1.97847443520625
152485	25925	1.97838879502808
6133	6141	1.97732029169838
7456	7903	1.97657125379865
6133	6147	1.97638487858123
6122	6156	1.97590867114495
79026	80270	1.97590691415626
6241	9768	1.97542686785957
292	30817	1.97532606565941
4893	59345	1.9753123450817
140885	50515	1.9741453603472
10096	2935	1.97366877125979
10672	114294	1.97092335939895
619279	9639	1.96825063652701
3575	963	1.96806117671931
51311	54502	1.96684677204424
1956	7049	1.96448541823968
1445	170954	1.963895890957
284996	5552	1.96222817701402
285313	7102	1.9617088705737
7805	83706	1.96017607932107
58494	8490	1.96002622420219
2191	2697	1.9598752784597
114818	84417	1.9597227243768
3133	3135	1.9587222146864
2013	5980	1.9579441047922
7060	80031	1.95594354819462
27071	81552	1.9538480790123
6132	6159	1.95233871547509
23111	90	1.9522609421635
2885	963	1.95218198160728
83604	858	1.95157654495278
284018	7049	1.95097644396901
3689	9144	1.95082606547497
7378	942	1.95076257031468
55771	55825	1.94909957842162
6167	6232	1.94871372127824
55041	9555	1.94771936953278
6581	90338	1.94724056120505
6164	6217	1.94474275209777
8038	9645	1.94400293516954
2821	7167	1.94390500471793
57678	9370	1.942952322596
3936	7037	1.94268218356655
25959	53342	1.94262477964187
114905	151742	1.93997256147195
26040	862	1.937589484887
221091	55568	1.9367682967371
3689	4354	1.93616447393979
54873	6840	1.93376706034574
58478	7884	1.93275374804751
196740	83595	1.92891259393386
2124	4688	1.92824445196792
55092	64333	1.92821820103678
6188	6228	1.92584039880831
22797	51311	1.92529033838345
3936	4354	1.92522136450535
6809	80232	1.92401385909047
26137	79776	1.92263772776827
5329	54210	1.92195144264973
257019	84417	1.92180769912958
865	9950	1.92071401572998
6170	6234	1.91852160861853
53827	83442	1.91628436679865
255919	51100	1.91598728076284
128346	3059	1.91405644805742
257019	26137	1.91300804798827
4064	9447	1.91083981697769
473	4779	1.91013261738904
10890	2935	1.90901847168479
11130	1164	1.90899497625886
51126	5868	1.90754091794388
121227	800	1.90522244014226
7852	942	1.90498525900596
4921	619279	1.90432033358264
114905	221091	1.90420884763675
26137	84952	1.90205623422663
23177	4629	1.90179664889936
118788	3394	1.90042599175788
151011	657	1.89834593366917
253827	9411	1.89781494250978
55553	55568	1.89562469744359
4688	5230	1.89479794457047
5499	951	1.89304215847326
5688	83443	1.89257774724459
27303	55084	1.89224394006483
6147	6217	1.89110314063199
582	7077	1.8908277232204
60592	8899	1.89058657130957
10075	6170	1.89013807295174
253827	5325	1.88989773111478
140885	4688	1.88963852856057
240	5552	1.88920150060809
79442	9723	1.88912796741513
10288	9144	1.8879165620844
57231	64844	1.88608638464534
1508	5552	1.88524277959906
7153	7298	1.88265324845052
157378	55276	1.88230432438283
5603	56833	1.88209193309894
54900	7494	1.88180500627848
6156	6171	1.8812705711101
100423062	6480	1.88077049995447
11278	57120	1.88009137080606
942	963	1.88002190709346
29108	4067	1.87992729239676
219654	5087	1.8788323656468
2023	6282	1.87881734175151
10079	79710	1.87855479517771
10095	397	1.87729732145882
288	83992	1.87620686939519
253827	8490	1.87496589993456
6188	6234	1.87469772002993
6167	6229	1.8733640036375
240	9535	1.87131921212027
80896	8879	1.87117404722861
10095	7305	1.869550279862
7305	9056	1.86862011579053
221	6275	1.86533048539892
23307	2896	1.86421149892493
151742	4857	1.86365195628622
10673	3627	1.86359498337766
113402	50999	1.86304682333251
2941	8404	1.8626986844083
3936	963	1.86262058545409
4093	8835	1.86064777183285
6169	6234	1.8601906850882
26137	83690	1.85986905078056
158471	6840	1.85909411340784
50999	55500	1.85896779691886
2799	3936	1.85686608946273
151742	4774	1.85660625128371
2268	4245	1.85646316019668
10914	51444	1.8557621369443
10611	7102	1.85521887727879
23371	4088	1.85511144232238
1946	59277	1.85396149726221
53405	84935	1.84937258378336
10434	4893	1.8489346375485
10075	4736	1.84845269066684
2799	5230	1.84750030871438
6164	6168	1.84747117160257
64333	864	1.84722101803254
6935	8490	1.84715577133212
2941	6840	1.84580468407005
4245	4792	1.84539534872413
59277	9358	1.84390460953936
10725	166647	1.84356148054484
3936	5724	1.84342991505505
140885	3936	1.84291636601775
151742	51449	1.8408538458471
151742	55273	1.84021958545944
10109	284996	1.83869111970253
619279	9590	1.83820643276686
11031	56975	1.83805336012561
2773	5716	1.8370250926943
10095	29108	1.83494533455413
29760	79174	1.83244632592775
26137	27327	1.83167815305011
4915	8404	1.83167770488192
226	6282	1.8316049155683
50515	533	1.83052404668781
338773	7058	1.8294556178427
55276	55284	1.82707701251864
55681	7321	1.82664839766052
4430	51661	1.82042276746881
27303	9590	1.81949280791602
1317	5552	1.81937308794737
1839	7077	1.8188076627552
285231	55825	1.817255490208
4688	526	1.8161678574242
29957	55783	1.81591694535883
10672	4864	1.8158557819901
1842	5325	1.81511625079563
2533	963	1.8150173066524
6279	6280	1.81465797706384
79710	9737	1.81456164664828
29953	53405	1.81420304265272
23185	25793	1.81330345149379
10430	3418	1.81170068927249
1200	951	1.81120509273979
4254	8490	1.8095860445169
1948	80031	1.80919415378529
6160	6164	1.80831912673627
51762	81542	1.80808263623281
55553	8470	1.80749844357266
2203	55041	1.80731422116201
165324	55771	1.80713001742712
3308	397	1.80664255551009
1915	6170	1.80646879243804
253738	9863	1.80598094299182
4091	666	1.80387896875277
1915	6161	1.80362473960889
2023	526	1.80346892358034
1842	85461	1.8031862359957
55165	55619	1.80017843811739
55568	8470	1.79939489423737
29953	8470	1.79856061499272
5789	84168	1.7983590065052
64747	7037	1.79820966365437
1508	963	1.79679870451297
4017	8038	1.79674141396163
153339	81671	1.79578049465585
2764	5985	1.79540792930723
7077	7148	1.79529391825321
140885	84868	1.79424848210152
2036	57062	1.79405287970346
6147	7316	1.79396652408719
6160	6222	1.79353262194997
6136	6168	1.79238157004635
124460	3575	1.79167322817032
10288	2533	1.79131863743183
55625	8932	1.78872067946117
30001	533	1.78870760061514
1234	23484	1.78728918237618
3932	399	1.78495803596361
54855	91319	1.78476089925918
1278	1281	1.78474809703113
55824	64747	1.7832213132063
10109	9377	1.78251342523995
6229	7114	1.7823604667794
4783	80255	1.77936729618101
60	7458	1.77846124384049
55435	84376	1.77749057898636
7940	9056	1.77694362811319
3055	3965	1.77637412822749
23353	81579	1.77632501316715
27327	84417	1.77524070261021
56882	7903	1.77520730476199
23001	81034	1.77517690998616
30001	5898	1.77418221808195
29992	54210	1.77351808695245
10288	1508	1.77326307862196
57823	6890	1.77317721533287
23524	57680	1.77269400115518
3937	5993	1.77118433298204
3135	3959	1.76983252702658
1009	2191	1.7695499528393
27020	79577	1.76890164756406
2335	6156	1.76766244800251
22931	84248	1.76744655177932
6156	7178	1.76696377421653
6678	7837	1.76660677372314
1508	397	1.76652950115779
10149	9945	1.76560368429726
1290	25878	1.76481777582048
4736	6188	1.76456785463561
51816	6850	1.76386306911704
56833	84419	1.76377142014472
1893	6320	1.76217569286177
1915	6143	1.7601833388501
2512	6176	1.75966151569192
6161	6171	1.75963890802106
10096	6715	1.75863605082139
259230	60592	1.7571634085173
83690	9737	1.75356519166432
10096	10890	1.75332749161331
533	7107	1.75087036123831
64645	8545	1.75058112044002
10095	29992	1.74992230594643
2776	5062	1.74957622466451
2124	3936	1.74737013012265
6168	6210	1.74687266192487
79939	8621	1.74663438947483
240	6503	1.74618402976418
5033	7416	1.74588634324836
57698	7107	1.74537794353974
51454	59277	1.74525703110059
23331	619279	1.74420684847171
10413	81031	1.74356214651243
719	8942	1.74319367517865
226	5315	1.74243301799036
158471	2941	1.74240107402628
712	713	1.74227512350252
4857	84417	1.74202134545357
221091	7545	1.74181568249959
55568	9358	1.74141178368935
240	8673	1.74053078186475
2009	29094	1.73989221447151
1075	28959	1.73877384735686
54440	64333	1.7350402064779
10213	55884	1.73474867055873
6129	6191	1.7344424771329
6133	6217	1.73425053939791
23601	30001	1.7321816780807
171023	4882	1.73070090599756
2009	29899	1.73062639864539
55041	7167	1.7296712478545
2799	4688	1.72928409153914
7077	85379	1.72867734106183
51303	83416	1.72638747918117
116039	4774	1.72537206480832
3002	5971	1.72510985139727
29992	3936	1.72493437539489
10095	6793	1.72469379678066
10914	56947	1.72425823409423
257106	4067	1.72393512932894
1234	3936	1.7238487430543
3936	5230	1.72246732044903
3587	5777	1.72029576175955
3101	3689	1.72020006405481
4040	79633	1.71972385629214
55273	7545	1.71943512329857
1234	4277	1.71853051732552
2825	2869	1.71692336092802
6147	6167	1.71597345491538
9404	942	1.71551663953563
2870	896	1.71422275399661
1629	55793	1.71415727416987
5325	9231	1.71398498210787
11211	23328	1.71376370938246
657	65983	1.71144297597569
5230	6945	1.70934197674652
255919	2764	1.70722179464781
50515	56833	1.70665474651356
7058	8038	1.70607188327196
23406	23474	1.70598965456038
6934	7049	1.70552846999234
10351	23236	1.70480359873436
6133	6160	1.70445053513556
27235	6503	1.70223401024749
64333	81552	1.70217182898894
10186	55742	1.70113558924404
10863	4283	1.7006090311979
7102	84935	1.69954756763895
2004	57045	1.6989828640333
10095	23406	1.69846312298246
27327	53342	1.69703099419952
2885	397	1.69655817106063
10095	9144	1.69636440212679
23177	85379	1.69542465011172
10673	4283	1.69452430477598
50515	51311	1.69314971890303
6210	6228	1.69230541719344
93166	9358	1.69005958156665
10974	7049	1.68980644181329
151742	22941	1.68666803692748
1230	1317	1.68645543110632
10096	7456	1.68604577473484
10678	7884	1.6854910759242
51056	6772	1.68539891357663
1075	3627	1.6839406708996
121227	56243	1.68240051970156
25937	81031	1.67972170425316
23659	4125	1.67888262784326
399	64919	1.67861731753106
2896	3055	1.67815592271453
1915	6147	1.67766137384547
2167	63924	1.67749860883964
226	9555	1.67676120199928
27235	9446	1.67618608036179
6503	7128	1.67510518237237
4628	5796	1.67466215022543
55743	942	1.67328403919704
6164	6222	1.67153719085814
6167	6205	1.67126510059917
100129792	90338	1.66945524458592
4792	5777	1.66902370739233
22982	23353	1.66770688310257
6129	6171	1.66725697537498
1075	4283	1.66722551475489
5212	55553	1.66685334351172
1956	257019	1.66635072057548
55743	7456	1.66631743357413
30001	51278	1.66223457342836
1230	54210	1.66026532386937
257106	29992	1.66024359138952
81856	8621	1.66023287026132
114294	7456	1.66004495393638
10507	962	1.65939642153583
54855	6480	1.65899871889289
55568	6920	1.65899602938637
3482	83706	1.65740331296831
1831	687	1.65649102959696
4067	55041	1.65600471137385
3108	3122	1.65582802218732
116985	2771	1.65523546571661
10159	55704	1.65183540963577
134147	145483	1.65135105462735
6890	8542	1.65092796926936
51816	8673	1.65028462231274
1230	4688	1.65008704868981
4239	6764	1.64966943850572
6147	6188	1.64921842856484
2099	55553	1.64787245445782
26092	57515	1.6449614495614
81031	8706	1.64396992666518
6170	6171	1.64364574611309
2760	9404	1.64201289807906
2009	54873	1.64095132531038
533	7378	1.63845970455674
283349	6016	1.63816639010176
571	830	1.63801891395419
4688	5552	1.63700758274107
2885	3903	1.63623354203009
1629	284071	1.63559897356367
11316	1201	1.63526678758988
29074	5716	1.63330852881096
134147	84172	1.63314059007495
30001	6945	1.6324873827345
22980	2734	1.6321931304186
2210	3627	1.6312647516444
151742	53405	1.62839595733763
54918	56910	1.62809545369006
10844	7407	1.62756951931749
55500	55681	1.62753874443182
257019	7102	1.62745338018456
6850	8635	1.62616318846219
84168	9781	1.62586619547388
2643	51056	1.62354363654992
10479	80230	1.62280787434917
2821	5315	1.62244403543826
5396	84662	1.62185742688027
963	9766	1.62179291202756
4288	7153	1.62138110798057
22931	4076	1.62061259045265
1639	2316	1.61923010093997
10487	8935	1.61896816519343
1075	55365	1.61829502648552
1508	23474	1.61825349986766
567	6228	1.61760456880286
10413	152503	1.61750800796238
23264	81856	1.6173868097087
10184	7037	1.616461584115
199	3903	1.61624261352499
64747	7378	1.61570552492643
10376	84790	1.61239216740834
25937	7105	1.61223084100982
6136	6169	1.61209596398099
6039	8673	1.61170482506668
1824	55589	1.61143678016738
23264	55142	1.61137279377269
527	5499	1.61042961526663
11151	6185	1.60919267483803
253738	6840	1.60882755266109
1318	4048	1.60875475554399
7805	8673	1.60847067589393
10139	57414	1.60838092907682
80301	83706	1.60746425184017
114294	22797	1.60729626927423
56833	963	1.60623236773155
10095	10577	1.60553649398946
10611	1956	1.60529588989758
10095	4174	1.60526926984089
130399	9370	1.60526262457981
7049	8613	1.60499981350483
1508	9144	1.60480897883556
1902	8404	1.6036713021781
199	7940	1.60354704179056
5168	7915	1.60303321892614
3654	5872	1.60201585939857
11222	6731	1.60200014258549
226	951	1.60159848979712
10159	30001	1.60049472978727
4628	9231	1.60040766749272
6164	6170	1.60038041924994
4239	79649	1.59999633666314
10974	8613	1.59836179344456
79887	8832	1.59673755543243
253943	64844	1.59664459627766
23157	50615	1.59646922014623
22941	51449	1.59567947938827
55361	80301	1.59551390748334
3936	533	1.59545492521259
10095	83706	1.59533679790267
10723	63940	1.59482204717179
1981	54512	1.59320818503802
4082	9447	1.59293134786006
26157	58533	1.59263535444934
4969	80114	1.591352557651
1234	50515	1.59126915114346
2009	619279	1.59122874098333
4071	4223	1.59061798621078
2821	56675	1.58958986810193
11155	4337	1.58774293619671
114294	84868	1.5844751072525
5795	942	1.58444811420595
10186	22837	1.58368612457129
5912	7903	1.58238190873105
4155	83706	1.58209806204513
533	942	1.5813210581614
1476	54210	1.57958803504478
4087	8725	1.57811717821611
3557	56675	1.57724120249432
57685	7042	1.57684876385304
285313	8404	1.57639099715812
2009	8404	1.57619137010758
1956	558	1.57485565725906
121227	253827	1.57450301942904
10130	7462	1.57317628307974
1009	25878	1.57233828882208
367	4915	1.57230916339354
10507	3001	1.57230217544478
84868	942	1.57180093189718
5311	83604	1.57168311317489
3936	55824	1.57031682512013
2774	80310	1.56994806967315
5795	7378	1.56959886311716
79710	8404	1.56884343131041
11051	466	1.56774894790571
114818	9358	1.56734637730885
55771	80097	1.56504498818274
10095	7940	1.56493435054039
3001	914	1.56357069154138
284018	4857	1.56308207036677
2171	5898	1.56295467632711
5325	56243	1.56248388131767
10092	25912	1.56226777274342
3627	6890	1.56177825220245
10563	952	1.56133888358988
3983	8425	1.56064749001713
8635	8673	1.55999212270872
4688	50515	1.55805149528122
7298	9232	1.55606243490592
58191	9555	1.55576373936364
29953	55568	1.55510233305012
2207	4542	1.55491600584406
1230	7805	1.55328056686011
284996	4067	1.55316964372989
4354	9144	1.55232547481644
151126	59277	1.55173712247341
6141	6164	1.55101785120393
199	29108	1.54968151168995
5064	55268	1.54905803263862
5592	6935	1.54816306846711
3627	9447	1.54809800790092
1629	80097	1.54762089361349
3936	5329	1.54714040297661
83690	8404	1.54616975845532
121227	85461	1.54365028382189
10295	6195	1.54310072291409
6204	6222	1.54287151596192
22873	5332	1.54181713171871
1317	56833	1.54097276618835
203100	26137	1.54092919305064
2078	5796	1.54088345398777
240	51816	1.54052110671564
3107	3133	1.5396081374255
253738	2690	1.53881401485617
29074	29982	1.53710783046699
5796	84168	1.53669090863778
2896	83442	1.53650257223663
10130	10783	1.53627411677111
11006	4155	1.53626626547914
3937	55577	1.53582926506844
26577	5212	1.53574305500804
10808	7903	1.53567452868295
259266	7153	1.53372068310619
862	9639	1.53304026316011
9232	991	1.5326929896803
64747	64759	1.53215767977742
6232	6234	1.53139809023383
6195	9056	1.53101536249733
10673	2120	1.53041279319211
3932	8320	1.53036496221627
10859	4155	1.53004467801593
79670	9555	1.52913735105799
1645	79901	1.52825615836399
240	29108	1.52824523196761
6935	90102	1.52667090490844
11168	51542	1.52514975657447
286133	9723	1.52512142421457
51710	84172	1.52495470429874
163175	1839	1.52486294816308
10672	10890	1.52424328616027
7077	83439	1.5234301227816
7805	9404	1.52294739406
5230	9555	1.52286510833908
30817	56833	1.52217162043357
3932	57823	1.52173871016838
4071	800	1.52169781135473
3003	80342	1.51992701823358
143279	7072	1.51906024813863
4067	8942	1.51780949529025
7037	84419	1.51729428449296
23331	862	1.51598255384464
3903	719	1.51570507989617
64116	7097	1.51538281448759
253738	8404	1.51533913646426
11329	257106	1.5136131091296
11235	51100	1.51176783123569
64747	963	1.51127511941921
1315	55681	1.51036125642573
22797	29887	1.51015582064787
285381	8899	1.50881904517635
1520	3936	1.50709235541626
7164	84417	1.50554263689929
6129	6143	1.50513195740799
285671	63976	1.50509107716006
5499	6282	1.50483990315344
6039	9056	1.50391934221473
11151	54440	1.50359839630816
10563	55365	1.50296628876365
10234	25937	1.50294980668597
8942	9056	1.50060545453784
1839	2869	1.50007471952655
2619	65986	1.49918143219293
4306	84952	1.49800308125791
10095	8673	1.49736757541865
152503	56243	1.49706385345854
10863	3627	1.49643497831539
22919	64116	1.4960783808645
55041	6888	1.49419796473534
10725	7164	1.49394279549702
114818	22941	1.49385566647768
368	7102	1.49367588106305
27299	962	1.49269574231011
2023	9555	1.4924299518815
80301	9144	1.49227455928369
100423062	91319	1.49019934395897
6205	6228	1.48964373528569
134147	55793	1.48946222219425
1508	257106	1.48834359718498
9056	9555	1.48790896045923
272	2885	1.48623142340365
26137	4915	1.48602516256493
1798	84419	1.48584552961263
5052	8942	1.48558267636478
10097	7456	1.48467569156073
1508	8673	1.48380287093492
11130	6241	1.48364240699319
4067	64744	1.4832566304379
6206	6228	1.48314393104506
11123	9935	1.48071580530461
5552	8942	1.47896478379381
3430	9246	1.47888107642034
10234	80114	1.47839505988562
6188	6229	1.47647310979587
6234	7178	1.47609310146416
3055	3689	1.474568281823
29100	3109	1.47387639928757
158471	8404	1.47316141582714
5592	9411	1.47239272929159
55273	9358	1.47238381298414
7840	80097	1.47096575076126
286133	9899	1.47086768041761
3965	55361	1.46907018182448
2819	9370	1.46789683365392
4495	4502	1.46606523187649
11006	51816	1.46314117709771
10295	7805	1.46297513460965
64919	9806	1.46270001361992
368	55568	1.46233183345412
151742	201501	1.46224407891795
166647	7164	1.46212042142552
6934	80762	1.46197360984429
1508	80301	1.46113896897449
6373	729230	1.4609735127903
5046	9723	1.46005085539806
1508	2760	1.45933620700299
11151	64333	1.45918201792079
10672	30001	1.45913589896713
151195	58478	1.45905841211812
10427	4179	1.45816240767911
10678	58478	1.45727168822618
4163	800	1.45544563439037
10673	10863	1.45498921192062
27332	57396	1.4546842474189
1153	1839	1.45460998583916
4332	55303	1.454508832502
7421	79961	1.45162024129977
51203	84790	1.45097454925945
5434	6277	1.45092971293323
1839	201501	1.45030865470036
2690	4774	1.44977272152723
10413	22837	1.44945511596333
2533	54440	1.44760208756358
55568	83439	1.44721797590837
9404	9555	1.44673690290791
526	9446	1.44647113160232
1508	29992	1.44612261416731
1508	822	1.44610898235986
51056	6890	1.44554612251099
3223	3225	1.4453704336891
6156	6167	1.44472599579802
2268	9056	1.44409178175833
7164	83690	1.44382947787546
9595	9991	1.44356550653848
3936	5690	1.44302216247758
4915	53342	1.44286061531742
10079	27303	1.44247109863309
10075	6176	1.44217612310115
51661	92126	1.44161861591921
2273	23353	1.44102602731019
23596	5912	1.44079480260618
4921	79710	1.44072278976515
10914	7334	1.44042451591333
2760	29992	1.44023140132865
6223	7311	1.43999758693023
90701	91319	1.43902773462413
6187	6232	1.43732997851355
53342	8404	1.43665330802211
10090	7102	1.43646166285441
528	81542	1.43645096684815
7384	84331	1.43611346525475
51125	55726	1.43592943334133
23185	23603	1.43520931915313
6143	6228	1.4349876411801
2207	391	1.43466949715714
10175	55276	1.43452659924725
5985	8724	1.43414400361834
6920	8404	1.43413541767544
56833	7852	1.43311473932626
6170	6229	1.4330546390653
226	3482	1.4327742342592
10611	284018	1.43140282973511
6050	706	1.43109964896924
55276	55681	1.43060893540613
10863	914	1.42966664397614
5450	54900	1.42947223391555
6161	6170	1.4292828095389
199	963	1.42823965627903
56256	5789	1.4275192178054
124460	272	1.42750437935268
25821	57223	1.42590264293472
10914	2764	1.42507522666542
2207	4245	1.42506776915611
55273	7102	1.4249225692451
11051	22931	1.42488476893773
10395	57562	1.42481666368609
6129	7178	1.42466495560187
118788	51311	1.42251622799903
10175	2764	1.4224504311647
10125	6676	1.42241501479589
6187	6206	1.42126303291674
226	527	1.42023501925502
3627	9997	1.42009514740006
51020	9037	1.41985651811348
2009	2273	1.41962177297286
7298	9470	1.41779905074772
3382	368	1.41779366504215
6195	7805	1.41779361877324
6133	6169	1.41772856537673
5698	6355	1.4176603903362
57728	9481	1.41724482589464
7164	80031	1.41711757932317
283298	9358	1.41644285384282
2331	5549	1.41547750596453
1315	7334	1.41546324279084
11096	201895	1.41528345851656
3075	343450	1.41497852851444
126364	54935	1.41468133406285
3482	55041	1.41455222936156
2357	5265	1.411618578735
6920	7077	1.41120604991948
6503	9446	1.41090456920111
29108	3101	1.40953915807854
51571	84419	1.40919225276235
4282	9470	1.408963315998
4163	7162	1.4089059472612
119504	81856	1.4085396480235
114905	55568	1.40751309515681
3936	9555	1.40733036789074
27327	85379	1.40710053467622
3936	7852	1.40597788853676
221477	473	1.404380930258
4071	9411	1.40379314925941
29887	84191	1.40372317225929
1839	55568	1.40365962604768
54900	6480	1.40340290349457
11006	7805	1.40312327198896
1956	4774	1.4030700019393
285231	79939	1.40279252401141
1622	3936	1.40275224776447
6143	7178	1.40226409563854
10427	23161	1.40146497831377
3702	7535	1.40075498222655
10095	9056	1.40072983818474
1234	5788	1.40035929069018
2013	9737	1.39998214266283
6176	7178	1.39898336478728
10186	57088	1.39829742902448
8682	9555	1.39771888028179
11168	23350	1.39573973858636
10179	8725	1.39559173668924
6122	6228	1.39454626207653
6229	6234	1.39283281719953
10529	1948	1.39193171175375
55248	56882	1.39185723916467
118788	23312	1.39139231798805
51661	83468	1.39076431789242
5452	7133	1.390672868279
2023	4282	1.39065986454512
3627	50615	1.39038717087161
5500	5634	1.38995817978398
3431	4599	1.38992732878095
55720	55793	1.38950757210776
10788	55824	1.38875138340745
23406	5777	1.38792851327194
22902	253738	1.387926209064
257194	2825	1.38727497480138
116984	80342	1.38725918792338
10672	81542	1.38663243994386
10859	51816	1.38644917576604
51237	83416	1.38562490273744
84191	942	1.38375782759149
2633	6890	1.383737426118
51571	81704	1.38352561154691
6161	6222	1.3833407696595
4067	9555	1.38270081886913
84417	84935	1.38269695497451
6168	6187	1.38215148458331
57722	84624	1.38137158885397
2120	5993	1.38100846830707
151742	9863	1.38061451396324
10203	9532	1.38047531700229
375593	55568	1.37923597010985
1508	7128	1.37781676006434
11151	5778	1.37704619109361
57678	63924	1.3755464012345
6122	6206	1.37476605513293
5087	862	1.37355720891193
10179	466	1.37327489428076
51449	84417	1.37101992955809
26040	4781	1.36992745375082
5450	57823	1.36960168364907
8621	90338	1.36913741462283
2885	9938	1.36813638638193
6176	6222	1.3675767249647
6793	9144	1.3663575664578
1290	131578	1.36608525741886
6129	6228	1.36596886624789
10075	6156	1.36412495352433
10957	23244	1.36354225711943
1798	597	1.36345979359177
2207	9144	1.36300508693895
6155	6235	1.36288507404054
23331	27303	1.36269989747716
285313	55568	1.36142436687124
51661	6594	1.36125249812515
5592	56243	1.36041910997595
1824	963	1.3602558593692
1508	4354	1.35894830266882
3001	3702	1.35879832395018
1839	8425	1.35821228928862
3269	79710	1.35707947179816
221091	4774	1.35640521353951
10351	57685	1.35571309629579
10430	7153	1.3555238594121
79710	8322	1.35541695582789
100131755	8404	1.35513186382226
253827	90102	1.35466914169825
6206	6217	1.35427820576383
1902	25959	1.35219680540465
5552	55824	1.35211042136701
526	9404	1.35183937360901
81704	9582	1.3497517653073
22839	55825	1.34962817470342
23348	5592	1.3493045658026
6222	6229	1.3488521684204
6204	6234	1.3488444119678
4893	55284	1.34766313463037
124460	2885	1.34707437847742
10964	91543	1.34705396862288
6141	6222	1.34680191674687
7305	7940	1.34528771961049
26750	6726	1.3445086023996
3055	9144	1.34436369034991
4893	7903	1.34427598743896
3684	4067	1.34329893953175
3108	3111	1.34323186853656
130132	79752	1.34218440826597
2210	64092	1.34215530261925
171023	4784	1.34207134008354
114905	26137	1.34200384482761
2619	657	1.34141264160482
3689	83706	1.34047785597784
4983	85019	1.34014642535012
64744	7867	1.33773993300761
55726	58478	1.33700051662035
5911	9061	1.33649082057942
257019	4774	1.33613155033502
143686	9666	1.33534334076227
10957	1738	1.33413584521225
2207	6282	1.33229314075064
1476	55819	1.33220821154951
55273	8470	1.33219221636438
10908	5315	1.33185389373339
23224	7188	1.33006143090592
100131755	1902	1.32992047107024
22839	23264	1.32989576149637
284018	7078	1.3294949196172
4688	8832	1.32934142527707
11278	5307	1.32895040717015
4306	84417	1.32786821362661
10092	55207	1.32730575535632
121227	83604	1.32713019807985
29953	55273	1.32682878398726
1520	5552	1.32622178351407
23474	29108	1.32605474637886
54861	80177	1.32341731759225
10631	115908	1.32335799628155
23543	9231	1.32299433581379
10179	9652	1.31986759896647
151126	57188	1.31945992985309
23471	4247	1.31789327545509
942	9595	1.31770271695795
4124	80183	1.31756444875164
2821	5329	1.31719072376142
23471	55266	1.31696742906514
1230	5329	1.31690863180103
10327	3109	1.31683175782068
114769	50615	1.31647478790236
80342	8320	1.3149995193026
7456	991	1.31467001416926
6772	6890	1.31448969294437
2821	29780	1.31365345340373
59345	8836	1.31265464494798
3839	51029	1.3126455874177
2597	2821	1.31264205441051
4067	4155	1.31241969874895
6039	8942	1.31096132258699
54602	91298	1.31092474298187
10855	54504	1.31052489967659
81856	84172	1.31045891149111
1839	83439	1.30985094366158
240	3936	1.30884509488783
196740	9411	1.308837590234
1994	528	1.30868963258156
51203	7852	1.30857120068295
58517	6046	1.30759286696443
1317	5329	1.30756773657202
10863	114769	1.30660218611758
10538	5971	1.30595911652287
5143	6581	1.30527274541559
29992	4688	1.30513894168634
54460	6210	1.30456742272998
2825	4306	1.30456723621126
11320	8564	1.30289575524639
2533	397	1.30231595758252
619279	7499	1.30167010433678
1915	4736	1.30146642328675
55729	57486	1.30098710705784
6355	6373	1.30081727956614
10096	1982	1.3007555382917
23474	9168	1.30021758889001
7545	93166	1.30003425423122
10466	8790	1.29919461384267
11320	2210	1.29808371872962
285231	7695	1.29788297736877
3659	5698	1.29747655759605
285313	4915	1.29670700107707
3659	6355	1.29632759802446
1009	860	1.29617858310253
7102	7148	1.29582538821172
4199	57698	1.29557260947827
23001	84248	1.29505247399179
2335	6176	1.29475861131268
3930	51192	1.29464400155963
4282	5329	1.29324003362603
597	9766	1.29299037292801
8284	8653	1.2929187637448
284071	81856	1.29268834769619
1318	54210	1.29249586557721
5046	53405	1.29210502171604
55704	80230	1.29175681967013
4666	6156	1.29149630710658
22797	54502	1.291335443893
55041	5724	1.29104194464543
1439	3383	1.29091946280436
1291	633	1.28943189417441
6195	8673	1.28933820746611
3003	914	1.2891245030435
6129	6156	1.28898118339808
51449	558	1.28861481844083
2869	53405	1.28841798674734
10096	9352	1.2882209063773
56256	57381	1.28800146033475
6136	6206	1.28771965531299
6187	6234	1.28769971540092
29899	6920	1.28668374758275
1839	2825	1.28589597817329
10109	7167	1.28522916053706
158471	9737	1.28430021689277
151126	256130	1.28363195715882
4688	9935	1.28279522050081
163175	7102	1.28254209422606
10351	4774	1.28154831137599
2878	7078	1.2808950949034
165324	80097	1.28078196305559
7940	83706	1.28059790437056
3001	915	1.27814683428096
23471	55681	1.27784932327237
4179	5782	1.27712868931049
3109	56935	1.27701188561591
2268	6916	1.27667845965323
79817	831	1.27611742891054
10288	4155	1.27589156339878
253827	85461	1.27572353663588
4638	9079	1.27506671555225
5698	6890	1.27428541211071
6133	6167	1.27420908313425
22837	6935	1.27363433561821
1890	4125	1.27302003150761
10914	50999	1.2725514322914
10863	9447	1.27249477086393
3718	5721	1.27162299072031
4306	80031	1.27078799552971
3702	64919	1.27076441327544
151742	23177	1.26857724898129
27235	284996	1.26785164024187
2885	55589	1.26771502055162
182	5592	1.26764067187138
4155	51816	1.26703610393968
1441	3109	1.26651356522417
2869	84417	1.26623432356479
10484	9652	1.26581721726344
29992	7940	1.26577971457655
2335	7114	1.26366455087638
10186	5592	1.26362675552286
10863	50615	1.26240537711879
1351	2207	1.26217997675832
10385	8530	1.26126367056446
366	5552	1.26121022252992
5552	64747	1.2604196024053
6232	7114	1.25975103590381
221395	9411	1.25948608847775
25797	84888	1.25947631348129
290	5777	1.25942701640613
5724	84034	1.25921214719311
50999	55681	1.25912865482274
11344	84034	1.25866527742519
114905	84417	1.25856246305767
10908	391	1.2585286935873
1877	25920	1.25850432951914
253827	4163	1.25823909895876
83595	9411	1.25772153248201
23328	79710	1.25730525150457
10908	11282	1.25688758787814
22919	55233	1.25620389122553
6209	6217	1.25589270815568
3689	391	1.25573406513473
4736	6171	1.25564644439994
10159	57698	1.255448486734
10413	7082	1.25440208752701
10092	51100	1.25428893340157
10109	8682	1.25314190371591
466	60592	1.25297934540632
2799	9446	1.25258579175415
837	952	1.25215880464385
10549	4082	1.25187343974577
203100	7060	1.25123567178061
1902	285313	1.25122918440892
257106	6793	1.25055559323516
51237	54855	1.25022360591721
2825	53405	1.24761206904052
11151	9761	1.24683397242568
23001	4076	1.24670151270517
56882	5912	1.24647958377924
2764	81542	1.24627235607264
533	5603	1.24610465886686
51449	85379	1.24590687491866
567	6205	1.24576664229542
390916	84641	1.24446557657449
64641	8322	1.24297301523181
1915	6191	1.24261245816262
128553	2009	1.24227953986623
10678	55681	1.2413340372034
378	58505	1.24090896024906
4067	83706	1.24068385803557
114905	284018	1.23899573649654
1508	3689	1.23837331980658
288	9899	1.23781271447569
163175	2869	1.23768969754775
4857	7102	1.23764410260904
22931	81034	1.23729114910791
29127	991	1.23725907345542
7805	9555	1.23722277799669
2210	55843	1.2372139663725
257106	7940	1.2363723290103
114905	57562	1.23629115395602
10175	157378	1.23576275869809
4736	6167	1.23535552058583
3418	7153	1.23520564308536
57447	8425	1.23480587444388
23348	4093	1.23426965994813
54210	8832	1.2341230536876
283209	55704	1.23408809388257
54906	9581	1.23402640602633
53342	9737	1.2334584342141
166647	59277	1.23287926523401
140739	5795	1.23245891927599
6141	6234	1.23127288791201
79939	84172	1.22936203748257
64759	7378	1.22870342589055
29126	6373	1.22852106559259
7077	8425	1.2281224457503
29094	9737	1.22785526160483
253738	619279	1.22758010626693
6830	9567	1.22735222642751
51203	7298	1.22680724436004
4688	84191	1.22674235593085
5912	59345	1.22639062041958
4064	64092	1.22579959450214
3107	3134	1.22578459565552
64431	9908	1.22566806836698
4689	5341	1.22566220052977
3482	6282	1.22498070369904
1230	55041	1.22493187968962
7305	7805	1.22455381623796
6206	9045	1.22441818292524
57545	9737	1.2238636913544
26273	26994	1.22183537457048
79736	80031	1.22176455928614
1794	4074	1.22158718636504
124460	962	1.22092149771974
22980	6046	1.22073632262528
1289	7058	1.2198873750942
3932	51237	1.21980661097417
50856	58472	1.2193569115086
10447	84255	1.21804602750314
114908	56947	1.21792910104125
2099	2825	1.21769381322425
10090	53405	1.21713512653782
2099	2869	1.21707796360945
6102	81542	1.2169928163412
100131755	84417	1.21635188383742
259217	2825	1.21604829672466
55255	9	1.21502063860715
2643	3627	1.21448523643439
528	5515	1.21446078108418
1317	23474	1.21437591333538
54855	6382	1.21395340561274
10186	3075	1.21376450874571
914	9806	1.21331615670691
22837	2619	1.21279171837298
9296	9555	1.21261596306503
54910	79649	1.21141362927274
5699	5721	1.2110025353901
51311	55589	1.21046895606136
5552	942	1.20986664542248
1727	5348	1.2092972085434
151742	7049	1.2092917432735
4306	57188	1.20928889776055
3418	9232	1.20855410446429
29953	7060	1.20843287097227
5230	6515	1.208121556301
27303	9639	1.20785220438133
55568	7077	1.20750474277568
5358	9411	1.20690554676897
79901	80310	1.20677027852422
6935	9411	1.20656101539763
3627	729230	1.20512437837094
1508	6503	1.20482330924391
51311	55824	1.20466471305584
527	537	1.20444560044077
134147	6581	1.20431718410294
23321	4915	1.20428789130618
27299	3575	1.20389934268214
10974	1956	1.20375467096848
3936	84191	1.20350058607478
10507	3575	1.20344535413393
6204	6206	1.20252635743409
259217	53405	1.20142181192989
50937	6660	1.20137280534415
29108	391	1.20129002553875
50937	6840	1.20114598880649
23236	8727	1.20026927479844
10351	55273	1.20017027376834
4257	7079	1.2000977204027
55205	84168	1.19952897665589
1508	3903	1.19940825708584
2690	57685	1.19902489514722
84935	93166	1.19887445838738
4261	919	1.19875165776615
56920	8470	1.19816949975121
7535	915	1.19807541211218
2581	64231	1.19742610970349
3394	963	1.19718828963445
36	91851	1.19707645577259
2825	85379	1.19663832205196
10897	30817	1.19660732944094
23371	23710	1.19623291027997
4155	5777	1.19618883505572
6136	6188	1.19597596058252
51311	533	1.19580768208585
170960	8621	1.19511283605001
240	284996	1.19483468830531
3936	597	1.19472250827362
10150	2824	1.19460300407653
2335	6205	1.19365277588836
10479	10672	1.1936306431629
26960	55568	1.1936032428833
100131755	10231	1.19306885624516
10186	2941	1.19211697625088
10186	9068	1.19196204988022
100129792	57486	1.19143091206177
143279	22931	1.19043638169165
253827	51661	1.19010585276694
23474	51291	1.18982309184777
10175	10678	1.18975162391012
1839	22941	1.18903489715833
83992	9037	1.18863314967315
64919	80342	1.18808910661711
27303	57685	1.18786353928793
253827	58494	1.1872904896519
2801	4820	1.18719844666951
58505	81671	1.18689745111552
1476	533	1.18639518325491
3689	397	1.18623338668837
83540	9787	1.18584270923204
226	8682	1.18471994841
2013	25959	1.18442667342193
4354	5052	1.18402767191828
240	2885	1.18359770526196
6170	6188	1.18341212895489
4781	9639	1.18185936398393
64747	8935	1.18183279442532
11314	54436	1.18164778401656
10096	10434	1.18121186190357
3936	9144	1.17987749314547
84191	9766	1.17980245370941
83593	93663	1.17979695288747
3106	3133	1.17946180493184
7148	84417	1.17877222832326
4781	55084	1.17809412886811
57447	7148	1.17795250128236
11282	7167	1.1777818550017
23307	7940	1.17762940239093
65986	7499	1.17708702396362
7037	84191	1.17667649745655
55771	81856	1.17660412275954
6205	7178	1.17590235897788
103	10561	1.17552803148161
10437	7805	1.17550486435126
2821	4282	1.17512277338389
10631	8038	1.17484785805853
10159	533	1.17479141605892
4688	963	1.17429919663285
55273	85379	1.17397941921184
3560	5721	1.17370131291125
10935	26263	1.17278671063182
10134	2203	1.17263508777752
5329	7167	1.17231761570626
162394	57680	1.17181904172734
5898	8935	1.17157134280911
2535	9447	1.17069137575296
3111	3119	1.17040829342069
26053	59277	1.16888872579233
5346	63924	1.16795232136558
5690	9144	1.16749380103588
2760	83706	1.16714317890431
23348	54996	1.16564891573329
10312	84331	1.16557878634668
3932	6890	1.16503190832714
11034	84886	1.16454594363436
1738	9950	1.16451627982362
29953	9358	1.16444921185251
51439	5350	1.16383409058972
55568	7148	1.16295624995256
6164	6167	1.16283059982925
10190	865	1.16206469231505
114882	6868	1.16145320572126
22873	7105	1.16124806067542
7805	9056	1.16103210621807
1839	55273	1.16089025578461
10586	26960	1.16077346830582
135112	5350	1.15971352340053
4864	55207	1.15959428797385
201895	4499	1.15938768102612
79670	9056	1.1581165266302
222236	9451	1.15777356255818
253738	27327	1.15719480153228
4288	7298	1.15681983558049
164	5902	1.15609238855104
1520	9595	1.15578383957689
4040	8490	1.15563969800779
6133	6152	1.15484466599106
51454	9358	1.15484414772976
10075	6234	1.15463516713151
6206	6234	1.15398197923957
11031	9060	1.15389779932465
27303	51421	1.15362474661897
171023	81544	1.15342521624622
226	83442	1.15325072807383
1508	2720	1.15322174629566
60487	9724	1.15285740283155
55284	56882	1.15285673185957
6161	6208	1.15243394610107
64105	9582	1.15199040895643
6168	6229	1.15199015642076
115548	4644	1.1518626508614
3627	3937	1.15167493094242
10285	7884	1.15143950505711
80232	9960	1.15110292700103
3689	526	1.1508561437813
4179	84248	1.15052909195858
2869	368	1.14997840224692
3003	79037	1.14983140067229
2009	4921	1.1497756375729
22837	253827	1.14882500464926
4627	7171	1.1485228431798
6038	81617	1.14823137724358
54502	7037	1.14774818934984
2123	991	1.14704784920957
10914	55726	1.14678925429959
10190	9950	1.14582151048846
6161	6169	1.14505319262441
29094	6840	1.14459137914894
533	55041	1.14406554850013
2212	272	1.1433903189855
7102	8425	1.14320367307535
10231	5350	1.14308927395865
3111	4283	1.14287353252888
4493	4495	1.14222197519709
2760	8832	1.14192971515784
162394	58517	1.14187479765504
10179	51068	1.14169041405902
1317	533	1.14146822902127
10434	9859	1.14067910463065
57486	6581	1.13903646848738
53405	7545	1.13873806431896
2533	3903	1.1384964690701
11051	60592	1.13846928225555
56674	865	1.136874284093
23157	5971	1.13666479162535
5796	8490	1.13604839302956
27230	9263	1.13511840409185
257106	64005	1.1350949714749
22902	80031	1.13495673283464
84267	8621	1.13421264934542
5698	6373	1.13351658187417
10090	284018	1.13247690117416
1839	9899	1.13212511088804
5325	8490	1.13176401235777
712	9938	1.13152919295253
25937	8706	1.13152354982299
4983	6168	1.13092651144014
3575	89857	1.12936413539724
10486	4071	1.12894885438212
7097	8942	1.12820876419946
50515	9595	1.12782633681536
23471	79666	1.12768606565996
2207	6793	1.12703673943966
4915	55568	1.12696535199258
64747	719	1.12695972690224
3689	6793	1.12670318881009
163175	57447	1.1265362891924
5452	6892	1.12632499491093
51710	8621	1.12617737003134
83666	94240	1.12617076328724
5396	8777	1.1255380716597
10154	9263	1.12536522930032
1213	8031	1.12514256564161
51366	5151	1.12451660135679
1665	6731	1.12360780612593
84417	85379	1.12315185363375
57188	80031	1.12301940356922
25878	57214	1.12301560043935
253827	7082	1.12263583283859
54861	9411	1.1225213629469
23643	829	1.12241500925849
6155	6201	1.12231435815027
11123	50515	1.12180364996725
6678	7070	1.12173516309877
27436	3627	1.12095030017655
221154	9908	1.11931752314854
1845	7167	1.11843706978025
2934	8165	1.11840871387432
10320	3113	1.11797114431865
51237	6382	1.11773572289817
4542	7940	1.11713583947591
5552	84419	1.11685777738051
23001	466	1.11579065749021
30001	6515	1.1157784287337
2825	368	1.11542115587382
3937	4064	1.11532198438794
158471	9358	1.11470798721148
11344	8673	1.11437703225176
10095	257106	1.11376235576613
7060	8991	1.11369075817908
10678	57157	1.11233691525177
55824	7852	1.11125985186184
1003	8490	1.11083353207042
5223	991	1.10983410271597
253943	57231	1.10908282573867
6176	6234	1.10902824520473
4306	53405	1.10891751179978
2717	9446	1.10815028820298
1508	30817	1.10767868766375
55165	7852	1.10707809534991
10962	1290	1.10697888834411
10908	11344	1.10664854936447
1043	5579	1.1063787950252
29108	51291	1.10626772568539
6168	7316	1.10621800883953
5325	7082	1.10608463920689
55839	7511	1.10593597257702
51192	55248	1.10503828594495
10434	2935	1.10466470349915
7903	9352	1.10449726262994
7060	84952	1.10433915628556
6171	6235	1.1040002824122
51449	55273	1.10376195879916
7535	914	1.10354627607222
253827	84168	1.10338388822022
51454	57545	1.10310423823265
4615	4688	1.10245209804859
7456	8836	1.10243072834616
527	6282	1.10217144338281
571	81542	1.1021702870254
151742	2825	1.10201837162721
10278	11099	1.10196185693004
1009	387882	1.1017297096427
253827	4628	1.10153871905375
397	6793	1.10138806228897
4688	64759	1.10120878678873
10288	257106	1.10105248080322
5329	9555	1.10071835222048
23213	7105	1.10060475998498
7037	728	1.10047207123103
257106	51816	1.09946720980777
10507	915	1.09912829460699
8991	9139	1.09892655905292
10870	7170	1.09872959578771
7430	960	1.09867008247492
4332	6402	1.09846784078467
55729	55771	1.09777518178354
2123	7298	1.09718913815846
23406	28956	1.09715094631688
2335	4736	1.09661499062752
23462	85461	1.09647486876129
2690	5783	1.09582921814075
55568	8404	1.09550012252501
5993	64092	1.09529058189254
22837	9532	1.09510568144691
3455	7150	1.09486350335212
1234	56833	1.09478391623439
257106	3689	1.0940457542569
2825	7102	1.09359059020983
53405	85379	1.09321223905852
2990	3916	1.09248486957556
286148	34	1.09207202782632
27243	6035	1.09179986791036
5311	5523	1.08867989351252
63924	8908	1.08858281555227
7852	9582	1.08842606789994
10094	64747	1.08829368101122
60496	9652	1.08804822517387
10190	643155	1.08789660137495
286133	53405	1.08686880529995
81034	8829	1.08682042452253
10186	7499	1.08671250523203
140885	5724	1.08623245179495
157378	55681	1.0861961735377
377	57085	1.0859544897694
201501	26137	1.0853930942503
643155	9950	1.08479882111976
151126	80031	1.08465357471593
10186	90102	1.08430081125467
1629	55142	1.08380376356331
10908	257106	1.08336244773319
55284	55681	1.08303594794631
6152	6170	1.08267316747076
27299	6362	1.08171077929589
51167	54968	1.08133361474909
2273	65986	1.0804877071946
1317	29992	1.08043616047824
2013	6840	1.0801347896958
2124	50515	1.08002790840531
51000	7336	1.08001920480586
84417	9052	1.07915138397501
6185	64333	1.07847693398173
153339	58505	1.07844664645325
3627	57823	1.07785688877445
23244	9950	1.07756032134206
4306	55568	1.07703766516011
50717	54737	1.07668267421479
53405	93166	1.07641835747209
2825	83439	1.07641711901269
84888	963	1.07605017412435
221091	9723	1.07531761052471
5912	7456	1.07447240684069
284071	7840	1.07390384503396
124460	54440	1.07321611934517
3488	7060	1.07255003683859
1956	7102	1.07240065652025
7153	991	1.07235501463649
125	2167	1.0720391867143
2207	7305	1.0719149228616
6152	6160	1.0717862703082
226	2597	1.07003531972516
2935	3251	1.06963223602991
2896	79890	1.06780732488876
6129	6167	1.06759295819661
27327	8404	1.06681784591988
4076	55863	1.06673976138874
171586	4124	1.06655281149764
157378	81542	1.06552704727824
10908	226	1.06536945744893
51096	8724	1.0653600369207
23586	84166	1.06449093270756
23353	5592	1.0639841581993
4354	9056	1.06379719171091
22873	83468	1.06256315868713
55863	8493	1.06214134835051
27	56675	1.06202678259085
51714	5861	1.06188658800605
1839	284018	1.06163294110505
84191	963	1.06038665136079
29108	4542	1.06005876766134
4599	91543	1.0600208413233
5478	6204	1.05983316422741
3937	50615	1.05972369090525
22998	53342	1.05869232130187
10179	55973	1.05840727370819
10726	6749	1.05772167544382
203100	57545	1.05749012963048
284018	51449	1.05702236148639
5034	90522	1.05687033395076
1508	942	1.05641043775351
55092	9516	1.05607898418219
10974	8425	1.05551802871281
2869	83439	1.05546864438323
4354	55357	1.0546052815154
3684	9056	1.05410095702651
1915	6414	1.05381463006316
1317	7805	1.05365299155277
7037	719	1.05324306668828
1351	5216	1.05211086128326
27299	969	1.05181716077881
27230	92610	1.05161048135544
27327	5046	1.05154721693162
11344	7940	1.05152235213547
10788	5910	1.05138517444913
3689	8673	1.05082982985748
284996	8673	1.05047129061358
5690	64759	1.04986920909517
79633	92689	1.04952853078461
23406	9791	1.04941293715295
114818	53405	1.04933217101131
7107	9935	1.04899851606853
6210	6232	1.04877282318162
4337	56920	1.04766668056698
1476	4688	1.04750699258088
26137	4081	1.04665406777887
83439	8425	1.0456979956927
2207	7805	1.04512302948931
56670	58472	1.04497210301362
284018	368	1.04483061017259
3482	4155	1.04444583694936
2825	9852	1.04436122843238
80114	92126	1.04406969923507
2268	896	1.04343460738879
10579	53342	1.04324960662735
397	5265	1.04298365836376
1902	6920	1.04262523831397
285231	55720	1.0425923684355
2941	57545	1.04249671016635
10090	1839	1.0421494201678
79890	83442	1.04175673723754
56833	7128	1.04149502043765
55568	84417	1.04073816989323
397	963	1.04068529803991
55268	7029	1.04028554376167
6133	6136	1.04023507483496
10611	151742	1.04006572946416
3689	4155	1.03953625762368
4067	7940	1.03907047896156
3309	3718	1.03863860975326
166647	84935	1.038364925315
140885	5052	1.03803147064609
50515	9404	1.03793904052603
10109	9133	1.03793367843393
55248	7903	1.03714105996838
1230	4155	1.03673819899623
6229	6235	1.03654221856337
10288	23406	1.03637633076279
199	2212	1.03635238991019
114905	7049	1.03616971001899
10910	829	1.03592811868983
2124	64759	1.03508796788466
10640	59345	1.03438178147977
54205	9276	1.03404433524924
27351	6546	1.03397633257149
283431	59345	1.03357810615478
29992	5690	1.03353998329508
54680	92689	1.0335314811727
100423062	83416	1.03343411020877
6881	9761	1.03308536012374
6136	6161	1.03268880823907
864	93663	1.03186917709029
1842	253827	1.03186399008251
29108	3936	1.03181971775691
2764	51100	1.03153977626247
2512	6229	1.03145056771673
56882	59345	1.03137200136585
55742	9231	1.03127635481074
10130	56935	1.03119900941922
6205	7114	1.0310991154279
23348	9639	1.03105240570559
10890	55233	1.0310307189705
5795	644	1.03048318012518
79901	9481	1.03047653134456
203100	51455	1.030376830033
140885	526	1.03033861506664
2273	8436	1.02999888089268
59345	7456	1.02994063911581
118788	8942	1.02988451720284
4086	83595	1.02979772873871
10487	6945	1.029698853617
5143	57486	1.0295075353768
6188	6204	1.02914132809164
22862	7072	1.02876929361812
55681	9	1.02825642423155
1786	3937	1.02738485413313
259230	8725	1.02664743138083
4711	9352	1.0265824398537
53405	7148	1.02622228342584
25816	92610	1.02621381328507
1956	26137	1.02607532667862
3075	8404	1.02544924709729
10890	4864	1.02487367680467
206358	719	1.02385448319164
120425	5552	1.02360783238105
51203	9232	1.0235574089689
5143	55142	1.02315692677093
2512	6217	1.02247701787843
7803	81542	1.02228459036234
29953	84952	1.02222940052194
10561	10964	1.02197431995347
4067	9446	1.0218196839613
83706	8942	1.02116818403058
23596	5033	1.02077065997214
100131755	53342	1.02043118368177
1605	4239	1.02023566073819
6890	729230	1.01950411055681
533	5724	1.01925682090124
6156	6229	1.0187767993075
166647	8325	1.01835029975205
253943	64431	1.01816956965675
53342	81579	1.01773790361651
5143	7840	1.01768376828852
1842	84255	1.01764307524204
60592	9652	1.01760775242554
23406	64005	1.01598345402966
128553	619279	1.0157525824707
10890	528	1.0150611627226
608	80342	1.01468735639166
51203	9582	1.01439228548202
10413	253827	1.01411935590821
23161	84248	1.01402883694304
8714	8832	1.01249067318545
1508	4542	1.01230699306927
10434	29883	1.01144543729186
2009	6920	1.01139796982102
201501	8470	1.00991417359276
23350	9406	1.00947042458599
257019	9737	1.00945769183664
50515	7107	1.00928444574145
10487	51311	1.00888055599664
2643	6890	1.00878821066172
100131755	4915	1.00759362586978
6142	6159	1.00695995873573
6916	79890	1.00691324749159
2821	9555	1.00670130563073
1629	5143	1.00651342249803
3251	7416	1.00622819286232
285381	8790	1.00586059207727
391	9144	1.00509903443081
1230	30817	1.00489754898029
6171	6414	1.00465736465342
5604	9943	1.00418681045774
50515	55092	1.00414726320923
6192	8653	1.00402978452248
8038	90993	1.00305687434668
5230	54968	1.00233635124458
29108	6503	1.00215771131841
240	3903	1.00134669424676
114905	53405	1.00132201356381
51056	9997	1.00097087956941
10974	477	1.00039887303783
29108	8682	1.00030495222517
