6152	6191	3.6993960326333
10075	6152	3.69923739805561
6152	6169	3.69923389969154
6201	6228	3.69919162539054
1915	6152	3.6991909726659
23671	7178	3.69916907538425
10075	1915	3.6991576955852
10075	7178	3.6991205391274
1915	6171	3.69905668990507
1915	6191	3.69895618366057
1915	6205	3.69883361224844
6171	6191	3.69879524412278
6160	6228	3.69878331310146
6152	6205	3.69877494472335
116372	2863	3.6987509479033
6169	6191	3.69872372051424
10075	23671	3.69870909133909
6152	7178	3.69865838798877
10075	6171	3.69861231971655
6191	6205	3.69860992525968
2944	2946	3.69860926020863
6152	6171	3.69851312778335
23671	60	3.69849423168049
6170	6191	3.69846984293422
1915	6167	3.69835402306337
6152	6167	3.69835134675388
10075	60	3.69829120969754
6152	6170	3.69820749310481
6161	6167	3.69820534478982
6138	6201	3.6981243815146
1915	7178	3.69810393812628
6171	9349	3.69804365903046
3384	92340	3.69799179437782
10075	6167	3.69798958649444
4162	6502	3.69797977081961
6165	6201	3.69791691132062
1915	9349	3.69790700689145
10075	6205	3.69788525683451
10075	6191	3.69779490118548
6168	6230	3.69778359817483
6171	6205	3.69777974535558
60	7178	3.69776361292336
6165	6228	3.69775245798985
6138	6228	3.69774500535012
6138	6165	3.69772404608527
4736	6165	3.69769468199435
6191	9349	3.69757880407473
6169	6171	3.69755293840723
1915	6170	3.69754967948286
6161	6170	3.69752229403875
4736	6138	3.69752181638213
6147	6165	3.69741391041053
10075	6170	3.69738831527574
10075	6169	3.69718515156282
11180	114823	3.69712574747553
6167	6191	3.69710708472234
6161	6222	3.69705480443826
6170	6171	3.69705422197556
6160	6201	3.69705290585567
6167	6205	3.69702596632114
6170	9349	3.69702212640174
11180	6152	3.69692766804294
1915	23671	3.69692082687869
6138	6160	3.69681619827287
6167	6171	3.69673984333377
10075	9349	3.69669178982888
10075	11180	3.69658896294606
6161	6191	3.69658594668658
1915	60	3.69653788617747
6205	9349	3.69637872547683
6201	6217	3.69636058508191
6167	6170	3.69635940400348
1915	6169	3.69635296073045
6169	7178	3.69633114494908
23671	6152	3.69623934680765
6222	9045	3.69623314112023
29997	6161	3.69604882172504
6191	6194	3.69600124513408
6152	9349	3.69594971760193
6160	6222	3.6959299178136
6171	6230	3.69575128074527
6146	9045	3.69562475996854
6170	6205	3.69559541452849
6157	6228	3.69553077712483
6161	6168	3.69549718683452
6191	7178	3.69546634737066
6138	6147	3.69544429904909
6171	7178	3.69543141073917
6161	6171	3.69536388751137
6147	6160	3.69521272973911
6161	9349	3.69518513044224
6157	6222	3.69516426856356
6167	9349	3.69512577360665
4736	6147	3.69505888227175
6138	6161	3.69503498649699
6167	6168	3.69500801274556
6222	6228	3.69496421147647
6167	6169	3.69491343838999
6157	6201	3.69488352107229
6160	6165	3.6947489912734
6169	6205	3.69472185465326
6230	9349	3.69464587519362
6138	6168	3.69460925103281
11180	1915	3.69458322273302
6146	6194	3.69457913234286
4736	6228	3.69450527996287
4736	6160	3.69436394900378
6217	6228	3.69430121174538
11180	7178	3.69410062298657
6157	6217	3.69409599919149
6157	6191	3.69407547210936
6228	6229	3.69387911008137
4736	6201	3.6937973039722
6152	6161	3.69372453638029
1915	6161	3.69365389149804
6205	7178	3.69354899037586
6138	6157	3.69341370348853
6194	6222	3.69306783910679
1645	1646	3.69301223541898
6161	9045	3.69298678174889
6157	6161	3.69294456336819
6161	6165	3.69270386818584
6157	6160	3.69227347596423
6201	6222	3.69221933862054
6160	6223	3.69218218237456
6161	6228	3.69212895447652
6168	6171	3.69209744612298
11180	23671	3.69206901331164
6161	6204	3.69203247767297
29997	6147	3.6918843271958
60	6152	3.69178571997974
6138	6230	3.6916438037603
6194	9045	3.69159638287518
6160	6161	3.69143896690291
6160	689	3.69142691575419
6168	9349	3.69133213956139
29997	6160	3.69114471529569
6147	6161	3.69107403026998
5313	57657	3.69094991657733
3309	7873	3.69094354975581
29997	9045	3.69087817420273
6167	6230	3.69079905035104
6204	6222	3.69065498800196
6161	6201	3.69061493993859
6161	6205	3.69052653293681
6222	6223	3.69043820052255
10075	6161	3.69026553879504
6169	6170	3.69022955676777
6157	6169	3.69010836998084
11180	6169	3.68993630379679
60	6171	3.68988017174258
6168	6205	3.68936826596528
6191	6230	3.68918136387431
6146	6222	3.68915176206013
23671	6171	3.68911847817974
6147	6228	3.68908157818064
10376	84790	3.68908003043914
6201	6229	3.68906638843114
6168	6170	3.68829655017145
6157	6229	3.68819759252687
6161	6230	3.68818581685206
23671	6205	3.68805017848405
6152	6168	3.6878695666845
6170	7178	3.68777711838669
11180	6205	3.68775327945458
6170	6194	3.68750434170368
11180	6191	3.68737351357348
3726	9592	3.68731324425933
1915	6230	3.6871125227067
11180	6167	3.68699922268114
29781	9997	3.6869822791319
6160	6168	3.6868120316117
29997	6222	3.68671951066338
6165	6204	3.6866149766534
6160	9045	3.68660703928444
6168	6191	3.6865605004299
6175	6222	3.68637468704071
10075	6168	3.68616930324609
2099	7178	3.68605452606086
6133	9349	3.68604186477413
6194	6228	3.68567184096919
6228	689	3.68556935772047
4736	6168	3.68551950857489
29997	6204	3.68549356054614
6169	9349	3.68539173545185
6133	6205	3.68526217057701
6223	6228	3.68523152985339
11180	60	3.68488580828173
6205	6230	3.68465029646114
283899	84080	3.68455550663822
6201	6204	3.68454546363856
6152	6230	3.68451483319503
60	6205	3.68438536979557
6138	6164	3.68419873192135
6165	6235	3.68381606104783
29997	6138	3.68353003019065
6152	6157	3.68350513817069
6217	6229	3.68345487706434
1536	22797	3.68335427049246
6147	6201	3.68319316555112
6204	9349	3.68318334867682
1915	6133	3.68310750531042
6157	6168	3.68305360709417
6167	7178	3.68285459759074
10525	2923	3.68256812457098
6223	6234	3.68256602062293
6194	9349	3.68232101024412
60	808	3.68220815482534
6157	6171	3.68211814195576
6191	6201	3.68201510221475
1469	1472	3.68182404420427
6168	6201	3.68176776285705
6170	6204	3.68173852812133
6129	6210	3.68141414995334
6170	6230	3.68121792235982
6160	6204	3.68096880142379
6204	6217	3.68089077650487
6171	6194	3.68083575827201
6133	6171	3.68076586106827
6204	6228	3.6807117303691
6157	6194	3.68011239010291
6165	6230	3.6800650171059
6191	6228	3.67976503210315
6168	6228	3.67956570654218
6160	6217	3.67955330826875
6165	6217	3.67939169297149
6165	6168	3.67938333369031
6157	6170	3.67934981968542
23671	6169	3.67933159981479
541578	91966	3.67928984103752
8504	92255	3.67913249783312
6201	6235	3.67900035495147
515	6185	3.67877950942402
11065	7153	3.67864907977621
6157	6165	3.6785327549358
29997	6175	3.67850874065345
6217	6222	3.67827210151104
23671	6191	3.67809638373305
10075	114823	3.67809525614438
6147	6222	3.67797858533197
6175	6204	3.67795856976356
60	6169	3.6779476648538
6170	6222	3.67781426016351
6133	7178	3.67775374827586
10075	6230	3.67763191025296
2286	65244	3.67752881448399
6160	6229	3.67726397434393
6147	6204	3.67682633736293
10525	9761	3.67661882885624
29997	6170	3.67656060693152
6191	6222	3.67623270845604
6147	6157	3.6761570194951
6133	6230	3.67568839395299
6165	6191	3.67530028759039
6161	6169	3.67518790762074
6165	9349	3.67517257719085
6138	6229	3.67504721397174
1915	6168	3.67500155429737
29997	6223	3.67471580522327
6175	9045	3.67414978462881
6157	9349	3.67413246032736
6170	9045	3.67402387991106
6201	6223	3.67400480778754
7178	9349	3.67399588198315
6165	6194	3.67382645022742
6138	6222	3.67367960701227
6146	6204	3.6734721234041
3108	54209	3.67332252525272
6161	6194	3.67331464913185
6204	9045	3.67269583391667
6169	6230	3.6726118829938
6133	6191	3.67249715960243
8928	90990	3.67216969765942
29997	6165	3.67213163812836
6165	6222	3.67186694396564
3309	79174	3.67169805992705
6169	6201	3.671475125982
6157	6204	3.67126188178068
6136	6223	3.671043354784
118491	286207	3.67062022550766
29997	6168	3.670195439627
6191	6204	3.67011790854354
114823	60	3.67006750283951
29997	4736	3.67000328730583
6160	6175	3.66965764945733
4736	6161	3.66909153987513
6160	6164	3.66883205659311
6165	6210	3.66872512772499
6168	6169	3.6685740005998
11180	6171	3.66844913930924
114823	1915	3.66823441731027
6157	6230	3.66803860516041
6168	6204	3.66781513616507
6229	689	3.66772699496777
6169	6228	3.66731074540697
6160	6210	3.66696839985248
6228	6230	3.66681655201082
6175	6223	3.66673891400334
6147	6164	3.66649102241194
6217	6223	3.66641724769689
6152	6194	3.66632126399215
11180	6170	3.6655367993148
60	6167	3.66532826381989
2923	9761	3.6652183955671
23514	9021	3.66502568047629
6160	6230	3.66474562276513
6228	6235	3.66422837357383
6165	6167	3.66374430465895
54585	64080	3.66372934680279
29997	6157	3.66348545723804
6201	6230	3.66348259293712
51386	6138	3.66331873866894
23671	6170	3.6632122332225
6138	6191	3.66222284938761
6194	6201	3.66215517793231
6157	6167	3.66213421980536
1647	1999	3.66193946890835
6165	6171	3.6618624273734
6165	6205	3.66186035280497
6147	6217	3.66177146016398
3109	713	3.66156557664718
23671	6167	3.66084004945833
23671	808	3.66046212594184
6138	6167	3.66002973395276
6133	6152	3.65988283592216
1915	6194	3.65953916145016
114823	9284	3.65923938275253
11258	4717	3.6591468376724
6147	6175	3.65900818953728
65095	84971	3.65854543788069
10075	6133	3.6584893827927
6138	6171	3.65821005095093
6138	6169	3.65790753547214
29997	6228	3.65788492090232
60	6191	3.65774759156921
60	9349	3.65697602518493
10190	25814	3.65614906643163
2923	5479	3.65594463340881
29997	6167	3.65423236045109
6138	6217	3.65391970692059
6176	6181	3.65370750395803
6165	6169	3.65315033534683
114823	6167	3.65306856672617
6160	6194	3.65213855315094
28972	6726	3.65146831314924
6147	6223	3.65133286726256
7538	7832	3.65113099265981
10525	7873	3.65024874690859
6171	6228	3.64995755217453
6169	6194	3.64942286453407
6171	6201	3.64911575653587
10286	28972	3.6490183624806
6194	6205	3.64893802848686
3038	54921	3.64889685683811
6234	9045	3.64860960508389
79174	9601	3.64842951008132
1052	23514	3.64831327059746
6201	689	3.64763408506711
9045	9349	3.64749014711661
6133	6169	3.64626230457134
6147	6210	3.64607575549396
6146	6160	3.64587666663823
6222	9349	3.64570828660671
2114	9021	3.64554054659619
6165	9045	3.6442314431699
6228	9349	3.64389927074155
6147	9045	3.64363028982792
6165	6170	3.6426121651922
3916	6205	3.64254550878001
518	7347	3.64145641680215
6138	6204	3.64124511112993
6138	6235	3.64116831349498
6167	6204	3.6411004807573
6191	6217	3.64085682912856
4736	6230	3.64062843752316
6146	6157	3.64049825990774
114823	6152	3.6403691483625
6164	6210	3.64023236863793
57524	84231	3.63992704572611
6161	6217	3.63983715876088
6146	9349	3.63937409489558
6147	6168	3.6391155883229
5800	6161	3.63897472483209
3306	90861	3.63895259371575
6136	6160	3.63863366297331
6228	9045	3.63853387565802
6171	6204	3.63835489284063
10135	23514	3.63821170747442
11180	9349	3.63820703674443
10075	6157	3.63695835505566
11258	3094	3.6364628878719
63933	9601	3.63603096831542
6147	6230	3.63558858185115
6165	6229	3.63520892447912
6136	6222	3.63426847289998
4616	9021	3.63378685434316
6191	9045	3.633705445465
6146	6170	3.63352283052043
6201	9349	3.63246710529784
6152	6201	3.63194157165935
2099	6152	3.63131943476885
6164	6228	3.63128445484868
6160	6235	3.63117694747676
6138	6152	3.63027418804468
29997	6201	3.63013241487374
60	6170	3.63010647634783
5997	7832	3.62984157950373
146909	9833	3.62980734327703
6160	9349	3.62968078130649
3122	972	3.62914138175174
7805	972	3.62867966035767
6157	6205	3.6284599196145
6170	6228	3.62825067004788
4736	6223	3.62815705459527
3309	9601	3.62786420524883
6161	6175	3.62775379984357
4736	7311	3.62767334375459
11014	3309	3.6262677939815
4736	6217	3.62612692345896
6138	6170	3.6260339170094
6147	689	3.6241967971668
6204	6205	3.62390292016275
4495	4501	3.62361855699837
6167	6201	3.62314287709073
6187	6222	3.62007065451847
6229	6235	3.61983984718224
6138	689	3.61958465836234
114823	23671	3.61915184403921
10263	7873	3.61870472738988
51726	7873	3.61765081859695
6152	6165	3.61764436531921
81887	84173	3.61703234914038
114823	6171	3.61641488887864
6164	6165	3.61625208398407
6168	6222	3.6162193057094
29997	9349	3.61572988581071
6138	9349	3.61525311382996
6204	6230	3.61494210007645
23671	9349	3.61481113574473
6152	6228	3.61480367919257
6204	6235	3.61460037930386
54732	6836	3.61458785937855
3309	54867	3.61408853162959
11309	963	3.61406528470632
6157	6223	3.61405745360892
11180	6161	3.61358404005338
292	7386	3.61348467499996
6223	9045	3.61307251945064
113791	5154	3.61219774705438
6152	6204	3.61180251614659
10575	51719	3.61174262861621
3151	57570	3.61117858400255
6170	6201	3.61052067095653
51142	7326	3.60844382198712
158798	4717	3.60833237774433
6222	6230	3.60832512898875
6167	6228	3.60752386923703
1514	51567	3.60641274245507
7873	9601	3.60641160392941
6194	6204	3.60612482900642
3094	53339	3.60584535121521
55352	6717	3.60555563950519
5063	59277	3.60555232856829
2099	6169	3.605049264484
1871	85301	3.60461232716893
6146	6191	3.60454378546801
6881	7593	3.60449583322145
6165	6223	3.60439063923952
6167	6222	3.6042184564493
6165	689	3.60403951243556
200162	90506	3.60357571031875
6194	6230	3.60308267424579
10075	6204	3.60268272564232
4736	6204	3.60221295287998
222068	25870	3.60216701795941
6235	7311	3.60076687906961
29997	6136	3.59988860866506
6171	6222	3.59939574748842
6160	6170	3.59908419801775
6717	7485	3.59879987999198
23753	79174	3.59721425167453
4736	51386	3.59680554295193
10927	7514	3.59657723201236
1915	6156	3.59484704792621
6161	6223	3.59354772244448
6194	6217	3.59308127654307
114823	7178	3.59206140252759
6230	7178	3.59167093776401
10112	991	3.59076119491524
6156	6205	3.59054412041435
116138	84614	3.58998940672919
6209	6223	3.58687499594573
1915	6157	3.58640736092424
53832	56994	3.58568625013159
29997	6234	3.58567269819648
7178	808	3.58550106906155
60	6133	3.58425044380304
29997	6191	3.58411640218209
6217	689	3.58337195552816
29997	6146	3.58173074711579
6210	6235	3.58143698326478
6167	6194	3.5794670475425
6204	6223	3.57811532340001
1915	6165	3.5744810941996
58515	79174	3.57433771952201
6175	6201	3.57252239556875
6156	6191	3.57147981577687
135112	1647	3.5713588534336
6160	6191	3.57005757227946
10437	7805	3.56924286376456
7873	79174	3.5689507265363
4144	6147	3.56721830388015
10963	5691	3.56656474935346
6169	6217	3.56618352293783
4736	689	3.56453874210016
11180	6168	3.56392530165782
1936	29997	3.56340418362698
10960	5518	3.56323261157941
25814	54951	3.56304687667245
60592	6726	3.56219696304539
10135	4783	3.56145236662088
381	9230	3.56094374254559
64332	8870	3.55941286601675
6187	6194	3.55913128013418
6136	6147	3.55906790219734
6165	6175	3.55574820939524
118491	123872	3.55544117080726
1774	6134	3.55491515228087
260293	5169	3.55443637903628
6187	6228	3.55372045776801
6156	6194	3.55266221079706
1915	6204	3.55231551460774
3609	85461	3.55027252724428
6147	6167	3.54951082705011
6138	6205	3.54939850854863
2099	23671	3.54934548129815
10738	10739	3.54728804572379
23671	3916	3.54682430013924
5997	7538	3.54634222943237
4736	6157	3.54495556606217
6222	6234	3.54450707729479
51386	6228	3.54436809357175
170622	29922	3.54402948835778
114823	6169	3.5431029480735
5216	55004	3.54302982387483
4144	6165	3.54246133156528
6222	6229	3.54230764339572
10134	381	3.54201467846882
51247	5594	3.54194318222934
6160	6171	3.541048379778
29997	6217	3.53947865292831
6210	6228	3.53790142578037
10135	1052	3.53704388392826
65009	79777	3.53701641233039
122402	4604	3.53676480657944
25814	7324	3.53559567546468
114823	2872	3.53554630940616
27258	8803	3.53548518439216
6164	6201	3.534621543148
6157	9045	3.53291421656666
1173	1652	3.53242361929459
6133	6167	3.53233426429317
2923	7873	3.53178420038512
54585	79042	3.5302321955796
10525	23753	3.52908716019035
135112	9021	3.52876654727576
10949	7913	3.52847819417281
29997	6230	3.52793239000223
51386	6160	3.52635652985954
6201	6205	3.52622593754583
6157	6187	3.52588734804147
8337	8349	3.52561320289182
10075	3916	3.52405702218879
2099	6191	3.52395830074514
6161	6235	3.52306577968196
10525	51726	3.52299056893666
6235	689	3.52280283686045
4144	6161	3.52253048289834
6146	6161	3.52162138635382
6138	6223	3.52096311869196
121506	9590	3.52089781009582
10075	2099	3.52052957475322
197335	9905	3.52004912636229
10263	79174	3.51938610226976
6152	6222	3.5193247118054
6147	6235	3.51797836165848
4736	6210	3.51672586817528
6201	9045	3.51623091631872
91653	93233	3.51436314968644
23764	7538	3.51286955558554
6156	9349	3.51255874427033
6185	9556	3.51221640812752
54847	80174	3.51117846173838
134492	387	3.51112618037485
6169	6204	3.5110698503539
5518	55741	3.51061207206501
3301	5230	3.51053644758237
6175	6228	3.51015846983139
4736	6164	3.50954173945082
6133	6170	3.50913412683657
10575	27258	3.50842657038521
6164	6235	3.5066885761512
4736	6167	3.50617580374361
10286	119032	3.505695409443
4082	5611	3.5056196683462
25844	3094	3.50512024527669
6161	7178	3.5043861587386
6164	6222	3.5043708755793
222068	3094	3.50426847877632
10190	8803	3.50400457545535
2	963	3.50222766734433
1154	23514	3.50176505431937
6171	9045	3.50160640354062
6169	6229	3.50071146151134
1843	7538	3.5005940883561
1347	27089	3.50041142199581
6164	7311	3.50024803971949
1999	9021	3.4980899417099
6138	9045	3.49766418589172
3156	60481	3.4961819899185
10067	53944	3.49592336689031
1915	3916	3.49429887721339
1633	26269	3.49396475278335
3315	7351	3.49367552756876
10263	54867	3.49322178868217
6168	9045	3.4913989509488
6133	6194	3.48952794810596
5708	81892	3.48818986057527
6165	6187	3.4879487007216
54539	6185	3.48581213745608
128989	2992	3.48571586133036
6205	6228	3.48477876406748
387	93380	3.48423667992632
29997	6194	3.48343924987872
10437	972	3.48164148567641
51386	6201	3.47972568916011
6210	689	3.47971663685484
10455	83853	3.47860360009607
341	7305	3.47783185202918
514	6282	3.47698315509097
10135	2355	3.4766001871476
28972	8724	3.47559128732843
6147	9349	3.47386062690577
6138	6194	3.47367783403275
51562	6814	3.47329905205093
6164	689	3.47251370879538
23514	4616	3.47237091123441
10542	11258	3.47175726706979
2271	79174	3.47165202392201
6167	9045	3.46906981608531
11180	6230	3.46849773309782
135112	1999	3.4677247330345
25814	8803	3.46661438158638
4736	6235	3.46609853917355
122704	3654	3.46599397456578
6146	6228	3.4654739786282
6156	6170	3.46349133353323
1340	7351	3.46211152147871
51386	6147	3.46177063299602
23484	64744	3.46146795197637
23671	6133	3.45928723196505
10190	28972	3.4561851715624
14	4720	3.45612369534673
4144	689	3.45519502244548
4736	6175	3.45387480234789
3094	4717	3.45361833374993
6138	6210	3.45339239613606
3800	6920	3.45311972064063
114823	6170	3.45290483442726
2923	29927	3.45170787691641
114823	9349	3.44999775512744
83857	94122	3.44955071057665
5214	6284	3.44902374946616
1647	4616	3.44647083268527
6201	6210	3.44637132673927
56851	83699	3.44424914173549
1915	6138	3.44196274600873
29997	6152	3.44064210495426
54209	972	3.44056250805685
6187	6223	3.43984518940484
2934	65125	3.43663558050075
114823	6205	3.4366004864602
6170	6217	3.43436746704887
257177	2782	3.43414947205197
3094	56655	3.43398642495453
51522	84890	3.43397345989796
6136	6146	3.4322680354907
10927	6152	3.43220515301681
8030	84171	3.43187576302132
5931	79695	3.43179799944292
2271	6558	3.43179032239334
286207	93233	3.43164673086436
10190	10286	3.43099151440368
5800	6138	3.43091252904114
201595	83941	3.4295096859417
22920	403	3.42932315274185
23646	5372	3.42879398754688
165186	79841	3.42846926291671
378	4189	3.42655324194623
116372	8483	3.42613817127407
3840	6856	3.42551651447829
116372	9590	3.42534827273966
7873	9761	3.42466767777531
10437	3108	3.42372821141526
6168	7178	3.42327130528282
381	55741	3.42321532797847
4736	6222	3.42188453800886
149483	201625	3.42046344651847
3108	972	3.42034756676727
29989	29991	3.42019721581059
3916	6152	3.42010917429361
114823	6191	3.41866209106152
57658	84171	3.41859656950773
123872	80217	3.41794215993333
1915	6201	3.41629007248001
537	7485	3.4144262538841
158067	79086	3.41428901661281
2950	29920	3.41272782687586
10263	3309	3.41205006222268
114823	6161	3.41105767292057
6187	6201	3.41105171813389
6161	6234	3.41043457879803
6147	6191	3.41036374001689
6204	6229	3.40963525180034
341	7140	3.40952815350103
3017	8345	3.40732679761675
1052	135112	3.4071465847769
5594	740	3.40646272869636
57570	689	3.40627863936429
6160	6167	3.4050544559014
6147	7311	3.40444765255787
7832	9592	3.40400051260178
5216	5518	3.40387117293094
6136	9045	3.40287324192729
116138	55741	3.40121350978026
153527	25844	3.40009423394501
116372	3108	3.39904954461829
6146	6217	3.39860807959906
6161	6187	3.39700429831171
6160	6187	3.3969783030163
4144	6217	3.39518118991456
4189	6782	3.39502864240396
10927	6191	3.39477109602812
6136	6175	3.39456123450986
25923	599	3.39455300857893
6223	689	3.39324080927121
6175	6217	3.39311864162202
122402	9229	3.39251637716521
6157	6235	3.39248268834892
25873	6181	3.39231956625542
201158	22880	3.39148312875027
161291	5412	3.39141177358812
112752	51364	3.38989339473442
80271	84807	3.38840163417295
10135	9021	3.38784495763219
11180	6157	3.38771382279515
6717	93380	3.38514311081202
57143	7001	3.3850161226116
7057	7832	3.38293698440923
6222	689	3.38289394916091
6209	7311	3.38165705418267
6138	7311	3.37896653050069
122402	2289	3.37848546572341
51386	6164	3.37796685123594
10525	3309	3.37770042056353
2673	5611	3.37587143165459
10158	30846	3.37534657650734
6201	6209	3.37501396206145
5170	90196	3.37287432905126
84890	9804	3.37074360763702
123872	201625	3.36986697032524
3301	4942	3.36882583573326
6161	6164	3.3688088827598
3109	341	3.36636504885288
10075	6194	3.36494086403831
6147	6171	3.36445660409572
1915	9045	3.36418788351034
51703	6783	3.3639651958834
10949	51534	3.36380777166202
6147	6194	3.36353941777488
4736	6229	3.36252537462776
6156	6167	3.36245607484387
10960	1173	3.36093526303117
5063	8534	3.36046034488202
1915	6222	3.36029641655119
6146	6165	3.35889138959553
51241	60592	3.35827658516921
2920	3726	3.35755727892914
5931	9709	3.35685573044394
3111	3122	3.35665138260599
2289	94122	3.3564015851618
11014	7873	3.35628858270955
6136	6228	3.355016282879
114789	9021	3.35498190503814
4943	8890	3.35250555963901
2058	84277	3.35173469793432
6156	9045	3.35169130040975
23764	8553	3.35146739062855
23262	8451	3.35105465783135
4144	6160	3.35052521332421
10548	79989	3.34971414665585
146909	7153	3.34569598800256
6205	6222	3.34365378539211
29997	6205	3.34349311680451
10075	6138	3.34342094930759
23480	813	3.34288881857347
5455	56956	3.34283733515513
6168	6194	3.34248507498259
6164	6223	3.34028494050486
135112	2114	3.33980887349157
25981	27019	3.33741898478114
2863	84868	3.33633335396551
6168	6217	3.3359324982674
4246	824	3.33548915077167
146956	54867	3.3349689723615
5611	6836	3.33461760123151
1154	7071	3.33270227238204
2738	285268	3.33140670384901
6175	6210	3.33097453405687
116372	121506	3.33069499237517
8030	8534	3.32674366894889
80833	8743	3.32594441499809
284541	8515	3.32572671360636
10437	54209	3.32461242846693
6146	6171	3.32324919584426
56994	81631	3.32300724144494
1915	808	3.32139006539439
28972	8803	3.32033088621369
10632	81892	3.32009780093832
10927	2099	3.31912750361304
116328	158798	3.31843506252434
5479	9761	3.31785690669886
11314	114	3.31747278643326
6222	6235	3.31304818349033
6157	7178	3.31172910564055
6147	6229	3.31087432891839
51247	56851	3.31070304214305
10960	381	3.31020158434357
10963	2950	3.31014336420339
4144	6235	3.31008931343743
10075	808	3.30986865753917
6146	6175	3.30946127839494
6205	9045	3.30864800805357
10935	6726	3.30650092051688
1770	92749	3.30576381326393
5708	59286	3.30403096977757
10938	5518	3.30104332800101
11180	2872	3.29986029100982
10263	10525	3.29912236071666
6152	6217	3.29811222648213
6210	7311	3.29670941519211
10690	8604	3.29526731519141
4736	6205	3.29517761578661
5800	6167	3.29444371003352
6230	9045	3.29288357817837
6146	6223	3.29240058756911
6836	7873	3.29007985176018
1978	790	3.28846368154217
10397	57658	3.28806258373302
10084	1535	3.28573196623306
6164	6229	3.28537204999616
6209	6217	3.28536136379704
79625	93663	3.28482125075238
6175	6234	3.28453092209025
6194	6229	3.28372335095343
6187	6230	3.28174747499938
6168	6235	3.28174487818311
2114	8870	3.2810809375581
4736	6209	3.27969332058812
10130	84061	3.27915160467653
1915	6228	3.27910286696126
10575	51247	3.27854923733273
2099	6170	3.27492383925037
689	7311	3.27350144144996
6146	6201	3.27278234504909
4736	9349	3.27133635989748
6136	6157	3.27105036170649
6872	92092	3.27004149884237
10135	602	3.26988864744524
6210	9045	3.26928302052802
6156	6171	3.26661856754379
123872	286207	3.26627729984696
10960	10963	3.26551646128736
6152	6156	3.26540316185917
1052	2355	3.26517195675326
10632	79135	3.26382031336075
3122	7805	3.26350655829058
1622	257177	3.26336896787704
23671	6161	3.26320689553281
10263	23753	3.26175570367643
117154	905	3.26155052465385
2935	3187	3.26078107127914
7045	7305	3.26012156081657
4736	6191	3.25946336025546
8483	9590	3.25912609893547
3916	6167	3.25646120851518
6138	6175	3.25548507501361
1936	6234	3.25423900676634
10542	4191	3.25348122469723
10525	9871	3.25201142466061
6156	6161	3.24959578634993
11142	158067	3.24828186005088
10437	3122	3.248218307165
4298	7593	3.24803741831668
6168	6223	3.24721135935167
6217	9045	3.2444655519685
23516	83733	3.24339203101277
113791	121506	3.24294709875805
10949	84247	3.24262756450543
4881	8483	3.24211812136192
54732	5611	3.23983776035727
6235	9349	3.2390270777191
10960	2950	3.23861870462259
4736	6232	3.23645866668518
4144	6228	3.2357797568252
154467	813	3.23284347175993
3916	7178	3.23154961890231
6181	6234	3.23083502931998
10075	6201	3.23015613750711
1605	7326	3.22963032002377
10286	6726	3.2286076971145
51258	84987	3.22755690815513
10075	6165	3.22747358099361
29997	6164	3.22579556292558
3108	713	3.22563764471514
2923	9871	3.22427884445016
5204	6165	3.22282334339131
54808	56900	3.22171802859894
4144	9045	3.220540575268
7913	9559	3.22001299845577
10927	6170	3.21946076674963
165186	83450	3.21902459048805
25903	26285	3.21821931109182
221078	7692	3.21768259666076
5931	7873	3.2169934587884
5034	51726	3.21416235288108
6169	6222	3.21384773182452
714	7805	3.21309536868528
5704	6396	3.21235091960548
3587	7940	3.20952805497738
1104	7916	3.20925969226827
10960	5531	3.20687193038746
3309	51726	3.20638031829944
84239	9229	3.20511834983773
4288	64151	3.20399481794548
23014	8030	3.20203172191833
29997	6171	3.19944261325318
5214	59277	3.19817022495751
7153	9833	3.19751966434991
114823	6168	3.19620693002392
29927	9761	3.19535134499288
23113	4343	3.19503486249221
23461	89782	3.19457400807573
80267	9069	3.19295090111954
6147	6170	3.19010381586789
51386	6157	3.188906033731
26052	5169	3.18836854629964
51596	7311	3.18825878428309
6167	6187	3.18719380021733
6160	6234	3.18702692531408
4736	6169	3.18700576630409
144406	200162	3.18492351330635
6146	6234	3.18170308761879
366	5650	3.17971977260472
22913	3276	3.17951502854224
2	7305	3.17915472108562
5479	7873	3.17858550500923
6217	6235	3.17635707507584
4144	4736	3.17557915186872
3916	6168	3.17523352300652
4710	6185	3.17486205995272
60528	9757	3.17467335342344
51203	7083	3.17307084905241
6156	6204	3.17208095310098
161	257062	3.17174611897227
29086	54946	3.16897518019649
10542	4717	3.16572027596055
4144	6138	3.16518622214961
83659	92749	3.16009666044594
6168	6229	3.1599689203916
51386	6136	3.15986155442112
6175	689	3.15699196343122
6223	6235	3.15626867937211
6194	6223	3.15619569879676
4736	6170	3.15515890758984
1577	19	3.15365189737437
1605	94107	3.15284961551282
713	7305	3.15150708875175
10525	51009	3.14976529570849
153527	93380	3.14864994397289
1936	6175	3.14855253510873
2353	3164	3.14821813656381
3309	6836	3.14816390477913
25873	6132	3.1480848968041
6171	6217	3.14698949001381
51149	83659	3.14662002468164
51582	81631	3.14418103530751
2923	51726	3.14393190469318
6187	6191	3.14368140775085
1052	7832	3.14326027197791
25803	29926	3.1425012195071
1647	9021	3.1405200765779
51247	6717	3.14045776819989
6133	6168	3.14035352041678
51726	9761	3.13943603920124
6160	6169	3.13781758619257
10437	3109	3.13763523298118
1915	29997	3.13762432779302
54209	712	3.13608766254137
757	85377	3.13594921055581
1356	84343	3.13431220162438
4700	6185	3.1340360116002
6147	6205	3.13379670181527
64080	84277	3.1334838588019
10190	153527	3.13093267438254
5204	6147	3.12921596599222
6157	689	3.12852442560403
3290	84171	3.12808213682903
23753	9761	3.12619095288503
114971	94103	3.12607968079165
6210	6223	3.12173975835482
155051	57863	3.1205807821228
116138	24148	3.12010114590701
1553	5207	3.11892377623261
208	83637	3.11866101720493
6201	6232	3.11805645853865
29997	4144	3.11758949392663
4736	6171	3.11638753263772
80217	89765	3.11594009780156
25901	55819	3.11436052277328
10525	6836	3.11272849258493
22883	5269	3.10697696539988
2752	60	3.10620249797791
2091	6193	3.10588682825107
3916	9349	3.10537741245277
6271	7422	3.10529080123126
10440	54205	3.10518149840799
3914	58472	3.10434454990442
6146	6181	3.10376466434757
2673	4189	3.10250121810096
6165	7311	3.102439001335
51070	7593	3.10030807331802
51657	51673	3.0994993651236
6138	6187	3.09798188591732
25934	79017	3.09762400967379
11267	5518	3.097155438744
29086	5518	3.09638815695779
3459	3554	3.09634205675545
3156	3157	3.09566330238879
57570	6235	3.09505481456398
6147	6187	3.09305166796787
6161	689	3.091935886569
3916	6171	3.09030749241973
10525	56005	3.08906502581813
11180	9284	3.08895859685625
11180	2099	3.08680567315092
6204	6234	3.08633826888788
10927	11180	3.08547031708481
1173	124446	3.08527448582869
1942	3659	3.08418447065021
6133	6156	3.08396386033502
10575	6717	3.08347390436672
10434	26994	3.08162994873736
10514	64773	3.08007892827832
116154	3620	3.07930202957336
5063	84171	3.07881315956834
5412	6767	3.07879343872349
23671	6230	3.07625331234432
2114	23514	3.07596117375699
6191	6229	3.07496569802328
5412	55788	3.07401779675482
10075	6228	3.07312866260491
6160	7311	3.07156718857305
10514	8021	3.07105364691673
114823	6230	3.07087844856653
146909	64151	3.07075221694456
10130	6307	3.06935106219949
112616	23236	3.06919793775518
5204	6161	3.0688355548914
3290	8030	3.06798699688801
10158	5655	3.06674995772168
23551	84171	3.06633822712896
23514	2355	3.06333064204152
26233	84286	3.06124271917378
3916	60	3.05941416773942
2099	3727	3.05703277107611
10135	2114	3.05664384735755
6157	6164	3.05434447303297
6194	6234	3.05315235181835
51247	93380	3.05245957263909
6152	9045	3.05227773388298
114785	197335	3.05063757191026
339829	6239	3.05054902670384
689	9045	3.04974617299968
10075	6222	3.04830839481297
506	515	3.04814682774237
10575	25844	3.04726763719966
4643	53635	3.04710031353249
6223	6229	3.04704896600996
3659	6890	3.04526179864919
2950	4282	3.04468847409257
27258	8520	3.04465505708177
132671	5723	3.04426622454426
2099	60	3.04246538466945
51406	79086	3.042381235835
51726	5479	3.03959341351693
11180	6133	3.03817562903845
4710	59286	3.0372496671684
3151	6229	3.03336220016087
6161	6229	3.03259541299353
1915	2099	3.03212209046605
54585	9525	3.03089823562002
10865	80271	3.0303989321656
1052	9021	3.02974040457967
3655	6683	3.02955912198859
2752	7178	3.0290278598108
10437	7140	3.02849445756335
10075	29997	3.02828779079651
10983	7048	3.0281541487976
2673	6836	3.02771354920989
3149	84447	3.0257229671094
200186	338692	3.02188501315654
200403	55605	3.02099786486057
6228	6234	3.02043627157978
112616	133522	3.01985087009087
55314	63931	3.01828343711645
10209	85379	3.01826919279479
6146	6147	3.01786375428991
148327	25803	3.01741481645421
2950	381	3.01740070606288
54867	7873	3.01634056642862
3119	3122	3.01496515953899
3309	58515	3.01484720098802
113791	116372	3.01385197420284
1314	23428	3.01268015126028
4710	9556	3.01106638093914
10575	93380	3.01101931658464
7913	84247	3.01065774362789
23514	2920	3.00863461133802
10237	2271	3.00752117173864
25814	25844	3.00656465997512
6205	6217	3.00484204940241
6201	7311	3.00469921378975
10525	5479	3.00255346733959
253260	29896	3.00242707697922
4710	4717	3.00203094405621
1051	2920	3.00046118747449
2289	29842	2.99915966480482
3111	55619	2.99826742614067
55967	6209	2.99732023148249
53615	63922	2.99100973581945
6783	79677	2.99081338394628
1536	3108	2.99029644696065
30836	8480	2.98908125299682
4288	55165	2.9886302789179
10575	387	2.9876721872883
1052	7538	2.98766616233852
130752	144406	2.98614859215806
6170	6234	2.98536314965906
11261	25912	2.98489027764355
6229	6230	2.98432212043367
147798	51070	2.98359812449884
4144	6204	2.98258103105729
3111	972	2.98257419009542
4717	56925	2.98160367013857
6480	84171	2.98031018390168
28972	387	2.979252974158
79695	9709	2.97818473631771
5800	6164	2.97807087562033
1604	2114	2.97730039022798
3108	7805	2.97500215918308
5204	6156	2.97446977069455
10490	79001	2.97215725271865
51142	51639	2.96955261669603
23514	4783	2.96907236035178
6152	6160	2.96905337575703
51596	6209	2.96542016254218
2787	9419	2.9650610508563
10525	54732	2.96473118704136
11014	9709	2.96360190435246
10263	9601	2.961357221735
132671	222256	2.96084930756817
6194	7178	2.96078036659631
10552	5518	2.96077877544985
26230	7203	2.95973828235045
199221	23258	2.95943499891588
4736	9045	2.95797054529719
10915	64770	2.95736057226843
2995	5696	2.95141940091276
23523	2873	2.95084728324523
55337	83637	2.95006412729071
60	6161	2.9465088441723
10979	3572	2.94557086933173
259266	9232	2.94449873943703
5478	6235	2.94230101256857
3109	7305	2.94200789835565
26469	87178	2.93924335215024
28972	5357	2.93872158067264
6217	9349	2.93799212807544
154791	5531	2.93789227073157
27285	401551	2.93781394138593
6209	6228	2.93752962522242
6156	6222	2.93642549624923
51809	9761	2.93545179478065
4616	90007	2.93278266514122
11140	5499	2.93150871835634
1072	6235	2.93142054330392
6167	6235	2.92947734800407
3916	6230	2.92877030616463
147495	6767	2.92853560661644
23671	6168	2.92721659921238
5650	91010	2.92275156188983
10263	10952	2.92150784955059
153527	27258	2.91834313500921
3817	9622	2.91719122772381
1768	219681	2.9158765133532
25897	7071	2.91153937516178
158067	51071	2.90924423584285
10237	54187	2.90581160759634
2863	3108	2.90446579222142
6187	9045	2.90395465296563
4494	4501	2.90365949647478
114822	1535	2.90105671506333
10397	4256	2.89846459722434
291	2958	2.89760667212002
5531	5719	2.89739471550668
55741	84759	2.89727038809374
6415	7504	2.89280790156542
1999	90007	2.89251444386172
6171	6229	2.89197904707798
10963	5518	2.89079087370305
113146	219699	2.88920512176064
55070	84171	2.88904592432499
145873	3226	2.88806052113522
23554	84247	2.88685689032548
10855	114907	2.88608699281268
3151	6157	2.88581171055041
29997	51386	2.88521951538936
10908	8233	2.8850622335567
4501	4502	2.88455293902149
10075	6156	2.88163240078757
29091	64116	2.88060020145437
1611	79989	2.87946667878296
3109	55619	2.87942449216174
26269	57515	2.87778337942429
4282	832	2.87747907336962
10067	25870	2.87736504415011
6717	83699	2.87656287290415
506	54539	2.87569609941264
64446	92340	2.87555948446705
6167	6217	2.8738711840654
10263	54187	2.87075583335376
148741	58528	2.86906467363951
4881	5655	2.86558986817519
6187	9349	2.86396418905141
23187	5364	2.86292261447179
6129	6165	2.86136202064382
1936	6223	2.85940595471791
23247	5990	2.85778818771138
54936	60	2.85772662296678
1999	4616	2.85674905482315
2730	51639	2.85660623548915
23514	3726	2.85653935917563
6228	6232	2.85551748449912
6206	6210	2.85398054572623
153527	25814	2.85039217364634
11180	29997	2.84922846227912
116154	2289	2.84913166672443
285440	388695	2.84810220729794
6146	6156	2.84750502516802
1942	8870	2.84716657541994
2923	51009	2.84558041200677
6210	6222	2.84444221494451
4736	5204	2.8443617616368
4144	6222	2.84420733441608
6146	6230	2.843570080775
10927	7178	2.839567086073
11014	79174	2.83774616662099
10884	26225	2.83671921213366
5412	966	2.83656110109565
84171	84913	2.83482552615934
53635	7376	2.83428093081231
54187	54867	2.83247127071707
6146	6168	2.83223980709971
11345	740	2.828967662823
6171	6235	2.82606350562344
51386	6223	2.82286412234237
153579	563	2.81832229524703
846	9705	2.81733454589592
50807	92667	2.81730535182426
64080	8520	2.81564335006961
6138	6209	2.8150776656996
6146	6205	2.81496327597293
4736	6152	2.81337056938677
3111	714	2.81326459285626
83857	9229	2.8128031508101
257177	8607	2.8118473631963
1059	7297	2.80862307505908
1052	64651	2.80842235232438
29997	6169	2.80805089088591
3937	7140	2.80706452436364
7305	84795	2.80422564415241
1936	6204	2.80302232617002
129787	54108	2.79947513016514
339829	83657	2.7989169997475
146909	259266	2.79861338643226
51669	6767	2.79626508730155
11014	9601	2.79606711640071
23554	7913	2.79375117520058
63933	79174	2.7935952413872
740	93380	2.79193103666033
4234	5198	2.78802037882422
3916	6169	2.78731977754931
4689	7940	2.78718055042032
1999	23514	2.78371527648296
6133	6157	2.78338600067032
5034	6836	2.78166504075221
1797	55072	2.78144498038202
53832	83857	2.78129231097246
80184	80205	2.78124387680975
10963	51061	2.77999518408513
6165	6234	2.77507364703024
51247	740	2.77263197256953
6156	6230	2.77246228875224
23193	7150	2.7716489871853
10286	153527	2.77150060343303
6168	6187	2.7713053797979
27300	3712	2.77062410872617
146956	26003	2.76828369232892
23113	63925	2.76653100546089
10983	55788	2.76597161236076
2207	51338	2.76565527319032
1469	1470	2.76256844402529
157574	284325	2.76175333017555
6204	689	2.75629405392419
10135	80271	2.75609107036648
10865	1604	2.75541248221765
10865	2114	2.75432116185967
65123	8029	2.75007173446322
2108	599	2.74727502447575
4282	7088	2.74726321793243
4302	7059	2.74685278602209
4144	6229	2.74367283642898
54800	727936	2.74321091970701
2920	9021	2.74284150178469
1601	2271	2.74179279528445
1999	7832	2.74110267990534
11180	6138	2.74082030058083
222484	2957	2.74013704100627
29896	55771	2.73916310809938
4144	6201	2.73902982839182
832	8692	2.73760804152653
55062	65244	2.73655490255393
100129792	55771	2.73486482499953
135112	64332	2.73417671756061
170463	440836	2.73374532524886
10411	7849	2.73302072691313
2983	9615	2.73278785894559
79096	79932	2.7327309158863
10135	1604	2.73244070957065
1120	6829	2.72965567574229
163	5216	2.72696289272692
1997	2782	2.72611506722925
1519	8030	2.72603289683366
23644	4150	2.72514803742111
23236	2729	2.72506171085434
23753	3309	2.72504856330007
1605	2963	2.72394541320716
100287932	81849	2.72175821335408
197335	51477	2.72101233860275
51203	9232	2.72063714078799
6136	6217	2.71943650527968
54850	8636	2.71926522518553
3290	59277	2.71893347641671
51184	51534	2.71664402599806
51386	6165	2.71457727589767
60	6168	2.71329754876966
6767	92255	2.71162741055904
11340	55769	2.71055379989899
6170	6229	2.71026503947224
3916	7351	2.7089969570677
124222	166979	2.70828870979822
367	6653	2.70519905918082
114789	3164	2.70460393710865
54540	63925	2.70404217833966
10983	6767	2.70267234427616
123872	27019	2.70166001863741
51809	64067	2.70066453321372
5230	7386	2.70039334886986
10190	7324	2.7002710107999
6147	6169	2.69845200645502
25843	7386	2.69785458844703
6164	6175	2.69464891275472
127003	23247	2.69283425304266
54890	9371	2.69112663125389
221662	56890	2.69013588894276
10935	60592	2.68935237672236
1052	4616	2.68865979739581
54499	6990	2.68856828979637
81631	9240	2.68792038387065
6136	6234	2.68579496912032
51726	6836	2.68422979417191
124222	7083	2.68231829453172
10197	7167	2.68101723181777
2647	79641	2.67894473655835
51015	84896	2.67831731617196
3727	6152	2.67794215030714
25804	64847	2.67675627521788
10237	54867	2.67581636167697
158067	79096	2.67518397447796
2782	403	2.67511051881197
5296	7001	2.67382209954973
2619	5523	2.67362868347288
1052	1647	2.67135956751759
3108	3109	2.66937073717014
57082	7153	2.66882632394961
6294	8815	2.66808557649432
7322	80150	2.66760745998356
2050	64432	2.6663754936285
23551	5063	2.66459307163805
122704	5708	2.66235032715961
1622	51142	2.6622766487022
3800	4781	2.66147800315265
11258	25844	2.66085159016896
1347	6185	2.66062490592023
5204	6175	2.65978715601485
116154	122402	2.65781774352587
8073	966	2.65402500118479
27089	7001	2.65286682328092
11140	22980	2.64502087762936
287015	56603	2.64479953285548
10075	10927	2.64404682639016
8409	84277	2.64165777332147
10927	6169	2.63941140807112
2232	51657	2.63869029766502
10270	23162	2.63780718357982
4736	6136	2.6374327896318
51727	84061	2.63728444920733
10263	2271	2.63627886699079
6160	6205	2.63416119230145
1104	7327	2.63275041556629
54108	8161	2.63192872826593
54890	6415	2.63158880748188
147798	6881	2.63121349464124
10286	8803	2.63071289962314
140883	23236	2.63031359499033
262	64928	2.62960750329757
3609	53615	2.62956811808294
146439	51547	2.62897901885224
6167	9284	2.62839599094234
10670	29922	2.62838865312158
29922	83699	2.62752274526088
55884	5716	2.62681368232786
51163	6814	2.62571335120051
1936	6161	2.62527277829052
6558	79174	2.62471063564914
140456	3446	2.62166381762085
4343	7376	2.62164257363083
4144	6170	2.62065241180588
119032	25814	2.6192042256361
11180	3916	2.61701820182034
55165	7153	2.61648892500908
11326	196513	2.61619702263638
3727	6169	2.61600459446593
5049	5683	2.61287643816221
57655	629	2.61192900109907
6146	6152	2.61125508206802
29927	5479	2.60863339015087
1052	4783	2.60768777214392
2647	51364	2.60716484629246
6228	7311	2.60620411912779
2289	9229	2.60619000720955
3265	5119	2.60580810659238
10135	5326	2.6056749181823
114907	23710	2.60417929717748
56994	83857	2.60341169957671
3916	6191	2.60337986403246
2114	602	2.60255181048299
338692	7841	2.60223199655031
51364	9130	2.60203392177695
7873	9871	2.60152027177924
116372	84868	2.59819990078676
152926	23002	2.59813036918898
3290	5214	2.59606110117986
55004	5518	2.59502178454237
6168	6175	2.59488767812694
10542	25844	2.59182833429633
1278	57758	2.59172844865877
665	94122	2.5916791868794
51009	54732	2.59050335236381
1154	1999	2.58941295697353
22926	56987	2.58827518568226
114907	366	2.58775138599194
2289	83857	2.58743632660338
10093	51247	2.58697305701931
3727	7178	2.58654269491792
4700	4710	2.58388769518655
6204	7178	2.58115435752718
515	9556	2.57759685542715
3094	56925	2.57600328882572
6136	6165	2.57327539920102
10610	146845	2.57314954085106
11180	2752	2.57193131841162
6204	6210	2.56999290587184
51257	54998	2.56972108549422
6129	6206	2.56920643223841
114907	84913	2.5690309670778
6133	6165	2.56727324418992
6170	6187	2.56515027533053
26224	55330	2.56485748508865
2872	60	2.5604661453851
1647	23514	2.5580128545786
3908	53832	2.55649342735002
29997	6235	2.55612231748653
59277	8534	2.5555671338711
54867	79174	2.55533026468608
1173	5518	2.55426564049219
51382	6717	2.55269194356203
29927	51009	2.55182580121214
116150	5716	2.55139822969314
1604	3659	2.55088761361846
387	830	2.55023407097955
29926	54867	2.54959790968185
29086	55741	2.54930412625732
6187	6205	2.5491200610202
51024	55168	2.5490155912948
5800	6147	2.54856356695302
10286	25814	2.54680048623361
5119	85478	2.54673586288003
338692	4343	2.54403756140237
51249	86	2.54177637366621
55974	84447	2.53783353564362
26589	819	2.53737688226926
25814	29957	2.5372498351836
1329	23552	2.53654999275562
170622	51398	2.53160288335301
2302	2950	2.52902422179662
6147	6209	2.52824797326776
64151	7153	2.52734588280407
5016	811	2.52658828895463
127003	7351	2.52613554045549
197335	6621	2.52594840557323
6129	6160	2.52196323135368
1577	84632	2.51871300263969
6923	9551	2.51764361448791
1999	9510	2.51696013998233
3276	7916	2.51686292319163
6129	689	2.51463725712843
10136	117196	2.51405333307268
124801	163	2.51400423873106
57658	80833	2.5131088667771
1633	57515	2.51170607107771
6136	6138	2.50866003844813
10263	85377	2.50824097801821
5800	6168	2.50635941032366
5800	6222	2.50621031211113
2289	56994	2.50595668866719
51805	84319	2.50581568242867
6170	6175	2.50529167485164
55536	79953	2.50499142937604
10494	138050	2.50352275179645
27143	4059	2.50351715141165
51477	55337	2.50033040400426
56965	81894	2.49951660011177
6429	8861	2.49797590132845
25814	27258	2.4975643980337
10575	65991	2.49707783091785
10548	7416	2.49672112525733
208	55337	2.49485985148363
23480	84061	2.4946919849701
10525	84447	2.49468731983864
60	6230	2.4940920095542
10802	79017	2.49306487300841
401152	55146	2.49266517530688
3841	91661	2.49265512137268
79960	79966	2.49258764100841
3151	6169	2.49178911651559
4144	6157	2.49176397477622
51201	84792	2.49151421646241
51386	6222	2.48980447581577
148170	200185	2.48767197350345
3151	6228	2.48767172587776
2044	56956	2.48170532365621
10327	6209	2.48118991141695
1915	6146	2.48025669220566
2934	85458	2.48001075557395
64151	9928	2.47798542527886
1535	54862	2.47751521575183
23671	2752	2.4755553658303
200185	7593	2.47463718916706
116150	4709	2.47223957571223
388125	4837	2.47166736209788
3108	3111	2.46886256365223
113791	9590	2.46860774847811
6881	79622	2.4667407148444
113178	2782	2.46604745810603
1329	1760	2.46589260245387
2923	3309	2.46459859645755
4820	55692	2.4638020995249
51144	53944	2.46323030746661
200035	54936	2.4624542434504
10123	7045	2.46192592275946
11037	9590	2.46119112360406
28972	3301	2.46097033910251
6136	6194	2.4607303648623
11123	5033	2.46055766991275
10949	9804	2.45926116129187
1999	9592	2.45752277871257
51582	8321	2.45705853407933
55741	56987	2.45685801135671
3094	55352	2.45425068892566
84229	90506	2.4521708476766
6175	6194	2.45022523639802
122402	83857	2.45020010357162
10175	7259	2.44998155068994
51247	51382	2.44831546390388
6949	7327	2.44762586490851
5202	57524	2.44581918854478
51726	56005	2.44579621105549
29922	740	2.4448205727175
10135	3659	2.44409133860802
6169	6235	2.44344405706786
51386	6217	2.44327009419481
121512	340277	2.4429206782653
22848	28999	2.44201679287983
51009	51726	2.44147311625829
3608	5719	2.44024335690591
10472	132671	2.44022099245536
51659	55388	2.43803176641008
6147	6152	2.43702387601486
1785	5709	2.43598856762207
4700	9556	2.43570876703325
23551	8534	2.43542136101916
220001	79726	2.43281562396271
5111	80145	2.43253018085615
6129	6194	2.43210959111235
124446	66005	2.43208705706839
8534	9788	2.43132805637595
7644	9657	2.43016529396447
149466	8228	2.42805229806675
54842	80736	2.42605439622922
57515	7991	2.42493906814735
1604	2355	2.42320651909168
51107	867	2.42258396108128
3290	8534	2.42253925612882
5169	9229	2.42195392625933
6136	6164	2.42137827791202
10084	6150	2.42082764185001
10647	79837	2.41872183089313
66005	9817	2.41868357748683
6175	6235	2.41753523778162
203547	26234	2.41737131877069
51201	8321	2.41618079597046
26517	9158	2.4161310562458
10211	10312	2.41562013445942
119032	64792	2.41508133441412
25873	6176	2.41247841927631
214	6230	2.41153334638009
10908	1877	2.41145909940097
29997	5204	2.41039571783008
124222	203068	2.40811255268043
2099	6205	2.40381077140894
338692	7376	2.40169792323135
1942	2114	2.39928053310609
6235	9045	2.39725723061158
10524	53635	2.39475905652809
167681	4199	2.39375338314195
29957	6392	2.39210059774646
5723	64065	2.39180754301855
1368	9601	2.3887141387846
23432	3909	2.38849174647034
26011	388533	2.38599302933324
4710	51406	2.38510148739227
283987	285590	2.38395145408201
140689	9635	2.38327736799426
2950	832	2.38019123229991
381	5531	2.37748307584988
4694	79622	2.37578620359245
10963	832	2.37542213634369
4144	6167	2.37441542131177
220107	9457	2.371770939166
6132	6188	2.37172662187555
1647	2114	2.36956183916348
1329	200185	2.36934035408035
1389	83464	2.3692437681489
1536	7940	2.36781056606583
6168	689	2.36757663389109
80006	84896	2.36618709997333
158798	79096	2.36555319496901
2207	341	2.3649922264049
91319	9871	2.36359093372748
8451	9847	2.36237997908812
25844	27258	2.36185561031013
10670	6415	2.36131164326884
54905	6369	2.36086459613519
113791	2908	2.36083974086293
1052	23764	2.36060967410314
11037	92196	2.36046986260753
63925	7297	2.35956386105816
57455	63925	2.35923485583951
51386	6209	2.35875125641763
55298	84986	2.35425930059523
10920	51534	2.35325138847495
3554	5214	2.35325118789026
3290	3554	2.35222434680241
5357	6726	2.34895180990382
29956	5754	2.34682353596308
200035	9168	2.34664624020888
23193	8668	2.34507313264273
23514	23764	2.33894783975181
51249	8939	2.33794674608118
5063	9788	2.33750763211654
2923	56005	2.33344894786935
10525	79174	2.33308473843629
3908	563	2.33279126659652
389203	51522	2.33213958233103
3726	9021	2.33162117364232
134492	7913	2.33121043833968
6181	6194	2.32875630994538
10105	51303	2.32744275954138
3916	6133	2.32470406195398
160	340277	2.32427527886697
6181	6222	2.32348577786926
135112	23514	2.3220765039405
6167	6223	2.31821044923037
1915	6147	2.31658438006429
135112	9510	2.31645164641203
119032	1824	2.31629506980825
56005	6836	2.31528186442835
142689	23247	2.31503634837056
3908	8534	2.3137705230013
165186	80217	2.31233959648921
51602	55833	2.31202664495087
1006	55554	2.31169116805124
11014	56886	2.31045533573016
7704	896	2.30951053232635
27152	825	2.30843858684877
4717	79096	2.30813264895413
122402	56994	2.3042728942103
51703	79677	2.30400379802717
6152	808	2.30272610469822
259266	9833	2.30253768158407
29997	5800	2.29956703066993
259266	7153	2.29772293609772
10135	2243	2.29733408722556
23764	3164	2.29690456734435
10514	51477	2.29553124135917
6612	90871	2.2936504256682
11014	6836	2.29326872107598
10575	153527	2.29116432408055
28972	4942	2.28930546739249
1577	23551	2.28770414137898
55605	83661	2.28750771685418
6167	6234	2.28737221431899
11083	88455	2.28732655377505
55741	6150	2.28617434628647
151742	757	2.28470378938233
4282	51061	2.28286384992544
5359	727910	2.28277421596893
1366	79411	2.28022487371197
221830	54931	2.27921431950983
6187	6217	2.27575664311094
3554	84171	2.27559798247612
6133	6204	2.27455235147978
59277	6480	2.27372787781168
4710	9551	2.27234175491044
29997	689	2.27142294550253
4144	6223	2.27091912558883
199	2	2.26816028472923
63933	64960	2.26782296752133
1576	19	2.26736733698672
10670	537	2.26733158102448
200185	7001	2.26607613036423
122402	5409	2.26605537006829
6157	6175	2.26493352760761
10158	2863	2.26448217497654
1535	78992	2.26417342374329
6156	7178	2.263712567781
6230	6235	2.25888984982729
23160	55630	2.2575654774252
3685	56925	2.25643255990027
1647	64332	2.25406693509585
2119	2512	2.25164114178256
51386	6229	2.24916168554364
2878	8743	2.24910554255915
112752	2950	2.24887568766506
6164	9045	2.24763495068108
2950	5691	2.24555743083842
51061	6150	2.2443717730097
23363	617	2.24429368015688
112770	351	2.24409872102288
51142	9550	2.24324979728521
5321	6035	2.24237878313005
170960	29896	2.24070457063032
2647	414918	2.24030829931046
10286	55352	2.2398473694379
100129654	2649	2.23830384398998
5204	6167	2.23759099533791
123872	149483	2.23647574523738
127254	7485	2.23620315239073
3119	972	2.23606634263859
10960	55741	2.23598319522679
10237	27089	2.23563405797795
3727	60	2.23412209613394
3157	3949	2.2338132222976
330	6890	2.2333422942898
222068	53339	2.23222767247372
54205	79174	2.23186544829685
3720	404093	2.23167073764023
2099	6171	2.23110384719804
100129792	170960	2.22756688687578
23551	57658	2.22497898000287
1340	3315	2.22088173525339
84061	90701	2.22048847944452
3685	50999	2.22046515790031
138162	149603	2.22002390241662
5800	7351	2.21971139578757
10134	11140	2.21712031302349
1052	1999	2.21492308603213
5997	7057	2.2145707435997
6480	8030	2.21212786014547
54850	6433	2.21209858346933
11180	7018	2.20809161043548
10263	51726	2.20794898987117
221400	8148	2.2074992685881
51380	6102	2.20679225280166
6573	80781	2.20663060708896
54187	85377	2.20660290178641
6164	6209	2.20556373445356
10175	29957	2.20462426940402
3151	6171	2.2038743384001
4701	4710	2.20343693005034
6133	808	2.20323684836494
1672	27349	2.20207201330169
10670	7048	2.20169521016538
1797	7593	2.19848202213457
1317	56005	2.19802512003857
2114	2355	2.19715802521675
22879	3099	2.19704474772161
27248	4189	2.19598152503515
147798	7593	2.19484218987018
11014	84447	2.19218648426479
387	8724	2.19002101967528
6167	7351	2.18966228910849
4736	6187	2.18820293418131
10915	7444	2.1834944251106
55967	7311	2.18313892258865
1999	2355	2.18225457339751
1915	6160	2.18191681883713
3291	563	2.18029826259704
10960	81502	2.17939853580863
55741	84614	2.17661078309675
2495	9528	2.17585067280683
5531	55741	2.17336690045449
10135	2920	2.17158030887255
22948	292	2.17043525059347
135112	4616	2.17033482020025
10927	23671	2.1699034556404
23753	7873	2.16970398652911
113791	8483	2.16959856087621
7991	83604	2.16928463398343
29957	387	2.16809487972081
348807	89891	2.16696006649686
11161	2673	2.16556560910675
6138	6146	2.16542307864973
5412	7048	2.16183305700646
5708	9551	2.16153238722374
3661	83858	2.16128059496072
10209	9528	2.16122107962212
6194	689	2.16061571148257
2863	8483	2.16019167008936
144406	90506	2.15854601270681
10670	51247	2.15510275094514
6152	6229	2.15479852781075
51386	6232	2.15261561711506
4701	59286	2.15181345904695
6783	8515	2.15100137562821
57143	9158	2.14952816859403
22823	22887	2.14859744285271
1999	64332	2.14811255945374
6392	80218	2.14788773171701
4916	51050	2.14701052298427
2950	55741	2.14659932890885
51247	7386	2.14463011838182
1173	55741	2.14438250365936
116372	4881	2.14421027109554
1063	55165	2.14133423299917
122402	80321	2.14117798597298
57658	8743	2.14063004007586
2	2207	2.13913543328568
25803	5931	2.13825517812103
51507	79042	2.13395010799469
2782	8673	2.1320366186189
7538	8553	2.12943845576909
171558	5143	2.12881408872234
283742	6856	2.12849291196154
2752	2872	2.12816267714995
6146	6210	2.12607743245779
119032	25844	2.12520043846777
23671	2872	2.12409177182453
10056	1161	2.12401879451915
6136	6210	2.12203020182552
84171	8534	2.12114092372003
29796	3485	2.1194080896693
1936	9045	2.11864832904778
29997	6187	2.11852045248815
1604	330	2.11829552024097
341	4059	2.11725499080109
4212	55605	2.11549975927796
5708	6923	2.11453036006162
5204	6230	2.11389304459907
3990	8483	2.11149314680408
10963	6150	2.11115333077499
401152	6767	2.11098109215808
4736	6194	2.11057683140934
6136	6201	2.10672405201409
10575	79042	2.10637695756235
23082	9533	2.10507830530563
79174	9761	2.10490399319369
4720	8607	2.10463831499549
3908	5136	2.10446607045115
24139	54862	2.10355814127017
143187	900	2.10224978736242
10575	8073	2.10114946841898
9021	9592	2.09966664682308
6146	6229	2.09924744063676
1052	1844	2.09828114562115
7644	9728	2.09809764129061
23423	90701	2.09459915497579
6164	6168	2.09315215127699
10440	283871	2.09253991018749
10093	10575	2.09054346757891
135112	2355	2.08964128798097
23218	2972	2.08945579212224
10395	84807	2.08739949166236
514	51596	2.08690047789918
51203	7153	2.08605249278791
339344	403341	2.08482255073351
5478	57570	2.08433730293802
8520	8803	2.08408442423142
5204	6168	2.08392389480961
51249	84542	2.08223407514862
2271	63933	2.08108558295257
256536	340385	2.0792904324337
285590	6184	2.07612761634267
3800	53832	2.07607519446887
10135	1999	2.07342767196812
6201	6234	2.07297445422095
139628	27319	2.07297002333208
56851	740	2.07176984360838
200185	57143	2.07174597183447
57455	6433	2.06582497425522
6133	6161	2.06394108194814
11236	4724	2.06236447867753
50640	58476	2.06047670045348
10525	6747	2.06013479926943
3306	84747	2.05934241565725
10575	55845	2.05867668622966
153527	8803	2.05741353765541
266812	80164	2.05695764779145
132203	51280	2.05616223654412
2923	6836	2.05509715038464
26160	79925	2.0524891785068
617	64773	2.05239960823757
51201	57515	2.05173690882826
3615	64073	2.05080049191365
11014	63933	2.04973336021095
10636	57542	2.0491864376872
5800	6230	2.04899058341612
137964	65244	2.04824286888407
8540	90488	2.04761999250096
6156	6181	2.04706384722913
2099	6133	2.04598865869977
3309	9709	2.04277093244432
80824	84986	2.04255386499862
338692	6829	2.04215874726281
161291	7048	2.04014364877689
54867	9601	2.03996312102526
1647	2920	2.03785190681828
6175	9349	2.03692652370639
1943	5803	2.03443015463156
28972	81853	2.03312186052821
63876	80020	2.03266777659614
120376	339829	2.03244138720565
10397	84171	2.03238257144026
6217	6230	2.03199428529237
381	56987	2.03186878005523
29997	6210	2.0318643562938
2181	4189	2.03043340597138
53635	5546	2.0301474715192
51596	84934	2.02955712906718
1604	642273	2.02837280712642
127943	56994	2.02816497906255
6187	6234	2.02791986812376
3800	3908	2.02652971215221
5412	55130	2.02630331480877
518	5704	2.0256273919797
54585	8760	2.02437258974627
26052	9882	2.02420540320865
8318	983	2.02197762052229
494143	6508	2.02156490677902
11075	59284	2.02132005861169
1329	25796	2.02054935539394
123872	93233	2.01802339910982
4250	5214	2.0160248805453
51382	7485	2.01266498359054
121506	1577	2.01134010136797
5214	6692	2.00861065211834
6136	6161	2.00679850002262
3151	6201	2.00633059958196
55973	8404	2.00538691385677
10927	6205	2.00370408180267
53615	80324	1.99809795308186
10927	6157	1.99788349315299
410	9963	1.99750620662065
113178	257177	1.99604684374989
25803	56977	1.99523038303708
388284	9436	1.99452961733576
2533	6404	1.9912934440314
11000	3290	1.98937383877412
349136	84058	1.98461313370173
1553	1559	1.98360508637861
4214	54503	1.98350800166025
115330	55070	1.98201366601642
6234	6235	1.98190879914587
54867	63933	1.98059162361487
5479	6238	1.97993713365451
5828	5955	1.97851563437521
6152	6187	1.97486410916425
6767	7485	1.9747751481059
11140	65244	1.97396922721725
1633	8754	1.97394696369797
1605	51142	1.97361058784314
266675	64800	1.97290546288366
4191	5230	1.97136227539267
10075	9045	1.971049941472
25803	90249	1.97086539421851
10437	341	1.97033677055854
26230	63891	1.96908979827371
27089	81892	1.96875156860451
23468	4357	1.96818629746714
3428	3459	1.96696322648418
28972	55352	1.96684369572888
147798	514	1.9649261140516
153918	5753	1.96385837133482
10951	65991	1.96260567906286
80222	8148	1.95921764246429
27341	89958	1.95792079572539
5204	6210	1.95745306551738
140465	517	1.95634567480124
2872	7178	1.95515859972694
163	9552	1.95497986861034
11130	891	1.95497326273407
3669	80150	1.95484569643432
51669	9908	1.95219246013561
114822	2130	1.95063773694704
23317	84162	1.94857205285895
25912	54499	1.94851160223398
10983	5412	1.94670767192715
8870	9021	1.9453092187922
1622	2782	1.94445843707201
6191	6235	1.94436741005309
25844	7168	1.94423055042721
5202	84231	1.94374510442727
10525	29927	1.94188409319902
2099	6157	1.94184396659429
114823	824	1.9407766349735
2530	3698	1.94041679100011
3164	7538	1.94037961068349
3703	7407	1.93941993495934
344	7805	1.93904963348782
10075	6217	1.93798149056022
5899	79001	1.93788709671185
6881	6923	1.93778535995715
4343	5546	1.93719497021435
5499	65244	1.93580161254186
55654	81855	1.93576055022515
7386	93380	1.93540069489996
5204	6205	1.93433152446249
5534	6760	1.93428639875637
440836	84229	1.93305061426571
116254	55130	1.93301468789092
2908	5304	1.93220870889206
121506	4881	1.93189455877824
5412	6717	1.92975558850796
27430	51201	1.9255059263606
29926	57556	1.9250755493986
10575	573	1.92442395132719
6170	6223	1.92310564240028
10670	128	1.92232316151504
139628	64005	1.92078040670325
6156	6168	1.91965816258092
6872	84295	1.91942832674106
7538	9592	1.91834657180421
2137	381	1.91783780359734
6191	6223	1.91770300498678
6194	6235	1.91694708228925
29896	9295	1.91663699144657
79932	9649	1.91512227193058
29957	54951	1.91404566792581
214	6138	1.9130635183112
682	8407	1.91123769363232
10766	6414	1.9103404006971
116154	29842	1.90988021947857
25790	401551	1.90909814531187
54438	79156	1.90848376435002
6161	7351	1.90839097648706
1368	273	1.90771942692372
10975	27089	1.90528577058054
6165	6232	1.90485008970939
10983	54838	1.90232671328379
2495	56851	1.90227080720686
345	54752	1.90223109318457
148170	7001	1.89957187159135
3156	3638	1.89781749072378
5691	832	1.8962519866247
1072	7351	1.89593956583545
79086	84934	1.89585983662169
200403	5337	1.89556603004513
51808	84542	1.89517671055746
54891	6850	1.89429455424084
23270	6787	1.8937681236672
100129792	4838	1.8931770064314
6171	6187	1.89166254195624
29920	51264	1.8912111928739
27134	8991	1.89046188079316
10136	6492	1.88943284755461
1329	57143	1.88896366176984
6217	6234	1.88849104761144
122402	84152	1.88815667486791
330	388125	1.88683806148767
135293	6814	1.8854758872931
23513	27300	1.88511724083814
4189	84061	1.88502181280068
4720	54949	1.88441770793535
54205	60481	1.88222005924623
4783	81671	1.8821489787088
51714	7485	1.88099287233741
8331	8337	1.88081817806686
284252	79780	1.87949973034665
10126	8607	1.87863022842023
2923	5611	1.87826282685987
4282	4713	1.87709392958444
11034	132203	1.87652211867268
59277	84171	1.87644307079198
1544	641372	1.87538108648365
6133	6146	1.87422950466732
7873	84447	1.87400571027155
1536	54209	1.87281776736275
6710	80142	1.87210194045684
10418	619279	1.871329947013
55876	712	1.87085602223989
51247	830	1.86994493780745
7593	955	1.86858691586043
29781	4582	1.86839505022026
10641	55245	1.86839299551834
2308	56994	1.86808179253723
10286	10575	1.86758925240605
113178	1725	1.86684569293298
10552	10960	1.86670700702855
10575	55352	1.8662669585967
5168	64792	1.86617943573918
29922	6717	1.8659811084776
2908	5154	1.86360081444964
2023	4715	1.86253954704179
5412	93380	1.8604827137566
6787	84914	1.86044156428153
387	51247	1.8586693526791
10190	27258	1.85723903647051
3156	54205	1.85569156558734
23428	8818	1.85351815129686
7832	81671	1.85181648280232
3108	714	1.85170273132298
56886	56977	1.85080550517062
257019	3600	1.84965278544711
1544	57690	1.84887830298556
54431	56977	1.84633401318461
1203	81855	1.84562968170567
51386	6230	1.84325727162912
10670	7504	1.84317535754068
23643	347	1.84298993275987
11014	493856	1.84285079255078
65983	84376	1.84098399100156
10575	7324	1.84002208077162
114785	286207	1.83859912708412
23582	94122	1.83803753982894
14	8533	1.83731107825777
813	84061	1.83716083730883
7318	8893	1.83692626764419
1915	6217	1.83685192011268
10175	57515	1.83644577845194
1797	51477	1.83617917643312
8803	93380	1.83469901647147
6767	8504	1.83419202937383
121506	3778	1.83389547184861
23753	60559	1.83275409120674
221035	84272	1.83169218391653
2992	6834	1.83097029494512
51764	80831	1.83079822819175
4700	515	1.83064660320182
3916	6165	1.83004093124142
6146	6167	1.82971631806512
7259	93183	1.82793061139053
55692	6433	1.82733565407121
387	7386	1.82731581053354
51247	7048	1.82712677036846
51203	64151	1.82694436857374
2181	2673	1.82631504750538
403	79001	1.82304370211476
10951	7324	1.82173072891702
10949	84890	1.82091434334398
26471	896	1.82034338176146
23353	3570	1.82003644929335
25978	90411	1.81860253767295
1059	283899	1.81799646600314
54209	5724	1.81591020334313
2210	7805	1.8141920146594
1608	79677	1.81237863451598
54760	55657	1.81227291223912
26276	955	1.81177874316984
2913	55	1.81077342199429
4710	5708	1.81051591437292
51382	729	1.80946581652973
34	7259	1.80935005994425
1915	6187	1.80823781363157
5691	7150	1.80766398966785
4924	832	1.80757248613415
2	3109	1.80704121036693
6234	9349	1.80667643779566
1604	5326	1.80653261507635
53944	56925	1.80652191908712
5204	9045	1.80601352359658
51253	51650	1.80421537005936
4726	58485	1.80351348011221
51009	7415	1.80327096799522
10075	6160	1.80258009520909
11180	3727	1.80110388885323
10907	27341	1.79972121182197
10075	5800	1.797756616464
55967	9551	1.79756838922704
219681	7351	1.7969378063807
6559	79368	1.79500827604817
83657	84058	1.79494458354898
388125	6890	1.79454140353168
29095	6836	1.79413226856249
9528	966	1.79196349749271
55132	60559	1.79149992396595
140803	3049	1.79136208504359
2271	3309	1.79012838921573
23764	9021	1.78921229724552
10026	6048	1.78845836910811
10094	1611	1.78708063193549
56254	6856	1.78394405599897
2835	56901	1.78126467805113
10567	1652	1.78093166056991
1063	7153	1.78058811858263
25886	990	1.78036551425799
4820	55186	1.78032589502708
57455	7297	1.77962980666259
10288	2207	1.77829177958573
53832	8321	1.77743725673497
10632	10975	1.77691595595012
10548	1611	1.77676159394291
11014	4189	1.77613943915425
6187	6229	1.77569079712885
10865	3659	1.77433559574636
2077	4343	1.77355025970881
25940	6185	1.77227233523753
10927	1915	1.77133243195643
1647	2355	1.77114865551727
10920	28972	1.77113790878121
29927	54732	1.77083618421978
123872	54936	1.7706014378082
51809	7184	1.77032869317246
1535	6150	1.76945697850137
51669	83539	1.76900966435427
199920	55186	1.76749738514902
22826	84274	1.76726027452361
114907	153218	1.76674612157671
25798	6767	1.76569636068815
170622	6717	1.76440155006995
55070	57658	1.7618932922692
10286	11112	1.76188854925471
6170	6235	1.76165012081532
197	824	1.76007859628648
122402	53832	1.75989294791683
10314	6856	1.75940721381718
400073	6856	1.75894446191835
117289	1536	1.75759284976275
6160	6232	1.75747555143705
54585	8892	1.75704772196207
6229	9349	1.75559385859212
6210	6230	1.75508739815907
23071	7415	1.75392695955425
4238	740	1.75391539904734
25844	51138	1.75391242134223
11258	56655	1.75225458900004
6210	6229	1.75165703014604
27020	8504	1.75022841822019
116238	7593	1.75017808820799
113791	145270	1.7498354663016
23432	55024	1.74828149328077
116328	2940	1.74631660919586
1519	665	1.74546587065659
4288	7153	1.744111423074
1347	146956	1.74189579759535
51507	9525	1.74149316805226
11345	537	1.74135203136307
6136	6204	1.74115503954905
11258	158798	1.74009911474605
58472	9516	1.73946773288355
5696	5699	1.73920491118804
6164	6230	1.73889753905236
125704	146956	1.73808842124055
10653	1611	1.73758266712398
121506	2908	1.73552034311864
11258	8520	1.73551516429259
9021	9510	1.73463066129341
22974	54443	1.73370213241936
199	963	1.73179963928418
4781	6920	1.73092607728911
51364	83659	1.73042250463358
3156	51109	1.73031172977956
5716	6392	1.73017187637278
65991	8520	1.72696815635591
3149	79695	1.72612501998509
10381	10383	1.72514890423178
22879	51009	1.72415081929553
403	51142	1.72296926746905
23764	7832	1.72254178911251
26160	56171	1.72209566813723
1366	5052	1.72069926481889
10190	10575	1.71825421100131
387	55314	1.71764669326424
54209	714	1.71716550822364
6138	6232	1.7147123618237
54107	6119	1.71180352691702
55653	59343	1.7096370626753
4942	5230	1.70921812294366
1915	4736	1.70760294757153
221833	4916	1.70719151031316
6156	6165	1.70658356385213
2302	4282	1.70639751816998
143279	8615	1.70481557620955
349136	9997	1.70424713487318
2114	90007	1.70306555800267
146802	26092	1.70242227680144
51009	9761	1.70167972086261
22875	7048	1.69874433135091
51386	6168	1.69852072965101
6194	6210	1.6982614105273
10437	714	1.69786083086526
7153	9928	1.69737445942847
6880	8894	1.69734984632422
51715	5611	1.69722911905106
214	6169	1.69617905123475
2207	719	1.69580531897959
26160	83538	1.69404496062149
148170	55033	1.69308181221944
2207	344	1.69203540871809
28978	79624	1.6920275686745
1743	64067	1.6917223054195
1059	64965	1.69108919924892
414918	9130	1.6909257595445
29926	56977	1.6895775720873
414918	84080	1.68912871595584
2934	6035	1.68795773719446
2923	54732	1.6879566682438
10368	3605	1.68714266498379
10075	2872	1.68661635986211
197335	286207	1.68651290040997
54850	55114	1.68584696478631
3620	9229	1.68357906484609
56949	57794	1.68245532828264
10075	2752	1.68217855199198
1509	80736	1.68201579239611
4144	6171	1.68041769229869
10632	515	1.68014476278204
6171	808	1.67970905467068
4085	80145	1.67879693782543
54585	5594	1.67412543692874
3108	344	1.67407335102985
3106	9262	1.67214456162008
10455	51614	1.66929321638046
56005	7873	1.66854183279868
2114	4616	1.66849040953563
6205	808	1.66815918882038
440145	8724	1.66796233587129
51070	6881	1.66758829601235
222389	9095	1.66692940888972
26269	51714	1.66618658664116
23523	53635	1.66583361313209
23432	83857	1.66544258966513
4302	84033	1.66514638139035
22974	55635	1.66461809896982
5210	6560	1.66328386547057
23037	5214	1.66282321995734
5800	6171	1.66158215227725
1365	23646	1.66117161407916
51061	9632	1.66087354665139
5719	78992	1.66078197908496
7468	9833	1.65976161978635
10963	1535	1.65815484966292
6636	9761	1.65387483846302
11140	2286	1.65329388188105
22846	54209	1.65292649260132
115548	28514	1.6518954406375
1636	55902	1.65088390985124
5716	7416	1.65051879990925
4144	6234	1.64894540878932
6223	7311	1.64748677621866
123872	57467	1.64674731231759
2173	3209	1.6465710481988
5691	8775	1.64490709973592
1436	714	1.64441016853259
1647	3726	1.64372508995033
57018	64332	1.63968885961398
119032	51528	1.63767658059924
308	5756	1.63690211141005
55246	819	1.63619435227884
133522	905	1.63373626668616
57570	6229	1.63169427580011
127733	79645	1.63140532401559
81542	9069	1.63029746799538
153527	4724	1.62984626591242
54946	5518	1.62723916603891
201292	90338	1.62531917205701
5016	79084	1.62470087687345
23376	79886	1.62459206031219
2289	84239	1.62363341032847
1647	81671	1.62167424469714
1559	56203	1.61982697790312
23671	3727	1.61892524012897
54539	55967	1.61797049069979
55967	79622	1.61739978823109
84527	88455	1.6169296338058
3554	3620	1.61674355674388
54982	79590	1.61462037644716
285852	3209	1.61098480102981
27134	8021	1.61007716486226
10949	53339	1.60965087380515
3309	63933	1.60933351065822
121506	8483	1.60849079359991
124801	3020	1.60650084736455
79042	8892	1.60505253034971
10849	201562	1.60458813444825
10733	51203	1.60426072038025
6129	6228	1.60323666992958
28972	51534	1.60180416410081
6146	6169	1.60055990670739
132789	5464	1.60012636642219
11067	6696	1.60004567596082
283742	339745	1.5997941789927
116150	55884	1.59815417985733
134492	900	1.59378937869013
58515	60481	1.59354271814857
10350	23224	1.59180872040074
10776	10955	1.59172979613401
27089	5708	1.59089276659975
23071	56005	1.58990450793974
3104	91544	1.58925867136011
284111	5198	1.58774148681803
5800	6152	1.58678669443414
7873	79695	1.58558584959091
284422	56994	1.58544982073935
10084	84759	1.5850008086329
114789	4616	1.58478068391645
5496	5531	1.58378545910185
79174	84447	1.58344645254091
3916	6204	1.58279613536677
51382	51669	1.57978183967919
6136	6187	1.57945857667701
165186	199221	1.57942639568075
1605	93380	1.57608374164266
25978	4709	1.57455699176614
1728	4155	1.57379926125198
2975	53635	1.57211717892247
113419	5899	1.57174621664912
27258	4724	1.57141253667621
5034	7873	1.57096904344028
116150	8540	1.56722060682585
4710	79086	1.56661196619186
29997	6229	1.56617289545804
5499	7088	1.56571273041605
22820	6184	1.565537869255
117	26011	1.56447588442031
11178	2994	1.56130070780544
10404	84986	1.55756264178782
286207	91653	1.55735268302847
29957	8724	1.55477870284828
440836	90506	1.55416234819752
51726	9601	1.55234633800477
203068	699	1.55131112768758
122402	8916	1.55089970511206
116372	713	1.54972530624878
7351	93233	1.54966898858921
127003	219681	1.54895243622586
6165	6209	1.5479597465511
3106	3107	1.54685903252224
10286	387	1.54606698553285
84984	9240	1.54580664842561
1577	4881	1.54579834345241
4155	729967	1.54568969072876
3309	56977	1.54567157740457
22826	4710	1.54505660300045
122704	25804	1.54500099375411
23551	4881	1.54263030379696
2738	5378	1.54255499397568
84247	8894	1.54250694174519
55680	9113	1.54074629113501
23524	80217	1.5403705156684
4189	58505	1.53965988401075
23113	26007	1.53799964737821
7593	9551	1.53742334477142
146909	4288	1.5363730952071
127262	54890	1.53537490162079
7873	9709	1.53491180778142
55803	7140	1.53430368689257
65991	79042	1.53199375004974
1936	6147	1.53198255761752
57606	8974	1.53195320742442
4144	6191	1.53003796763139
7692	8675	1.52920449943394
25903	400629	1.52905592066036
1822	63925	1.52706786604718
25814	28972	1.52452837539012
22797	4059	1.52368420120794
27300	64847	1.52341514347969
27258	7324	1.52224978095992
53832	55256	1.51934847510886
3916	6170	1.51639474505499
2533	963	1.51534870415852
8233	8636	1.51501739259044
55041	9114	1.51492640867637
219681	254956	1.51310938096283
6161	6210	1.51277146204337
5204	6138	1.51267302040911
84277	8520	1.51163873025105
5800	6228	1.5116001105276
22920	4724	1.51089550272397
114769	8892	1.50885732552037
149483	286207	1.50783379716672
1316	7538	1.50720849316166
23254	374969	1.50717985863411
114823	54936	1.50689119365683
3800	83857	1.50666503151718
64222	79411	1.50545680905617
200035	3916	1.50487660123433
1942	23150	1.50425216796339
3479	9761	1.50398697251172
3638	6307	1.503733706222
7203	8668	1.50335174192277
14	9784	1.50208022481033
22846	3111	1.50147112178827
149483	54936	1.50082483984385
199	834	1.50081862938885
135293	51249	1.50003343960941
1191	5204	1.49982750029362
64115	7805	1.49979420809574
54972	80821	1.49968384540867
6160	6209	1.49821181914922
6169	6187	1.49773636353083
29927	7415	1.49768415685855
1652	56987	1.49580565775847
6168	6234	1.4957478047112
1212	53635	1.49429657634126
25912	51582	1.49401344461164
114908	348235	1.4932993271396
1604	7128	1.49289016539479
221424	4121	1.49284439898267
29927	5034	1.49267683128194
1605	2720	1.49261759140489
6558	85377	1.4915475779906
54461	54795	1.49076961250419
56994	79170	1.48861225576271
55130	57545	1.48722768978175
23480	90701	1.48676648675723
23160	54482	1.48620454260388
11258	4710	1.48460661930564
5594	79042	1.48384677319322
10067	222068	1.48358291326364
401152	51669	1.48175069975779
10471	10573	1.4815473736025
286676	5899	1.48140878271229
1633	7991	1.48035008858181
122402	5530	1.47993614921868
30813	8290	1.47894644614843
131616	6850	1.47755232036388
6129	6146	1.47718460371839
359	56302	1.4761611566242
28957	647087	1.47590272250484
7150	8692	1.47532918388197
79086	79096	1.47512985257569
514	6209	1.47482189358888
113675	6871	1.47346206318454
51009	55062	1.47294393006488
25844	8803	1.47114668638861
10123	92196	1.47039396855698
26234	4753	1.46797428553344
2923	91319	1.4675564020455
10300	4707	1.46515595224385
150763	79616	1.46429122127781
160777	219681	1.46426485121156
4212	83661	1.46340690274364
4191	7386	1.46305575074255
10654	124446	1.46280741684307
6210	6232	1.46227760081274
3301	81853	1.46182785515685
126820	5990	1.46177631559458
25864	6658	1.46145800882864
11180	149483	1.45972780908861
6878	80256	1.45926053284436
2673	54928	1.45801292320621
90441	9516	1.4571632608299
1844	4616	1.45558471045114
6209	6235	1.45548725674494
5518	5531	1.45544927953546
1999	3726	1.45496113913282
1347	81892	1.45456786588254
4282	5499	1.45439407056872
54842	665	1.45334084596267
57570	6228	1.45205417379508
51247	55041	1.45185693430604
1052	5997	1.45128209280853
80256	85478	1.45111970137807
10075	6146	1.45106180807507
51138	51582	1.45042201635628
5478	689	1.44995963050614
1915	5800	1.44871400590402
2	713	1.44702354890325
3108	712	1.44595570005737
4282	5127	1.44566392259994
2863	7805	1.44403433389763
2329	56172	1.4431115760056
4975	56656	1.441633990918
3151	6235	1.44149707520747
7940	80896	1.44085710610268
10845	51187	1.44035168980424
133015	84065	1.43850441362821
27258	387	1.43838088296968
2886	6692	1.43824371220467
22818	708	1.43760330559694
10263	63933	1.43680374317814
4358	9670	1.43401381503996
2720	55325	1.43263991975231
341	713	1.43172399405644
10483	2632	1.43165830487261
602	9021	1.4307351742742
50861	80183	1.43036419659819
59286	6923	1.42987890438239
10075	6147	1.4295467007981
54209	7940	1.42952013995927
79777	83475	1.4284392179834
10124	220965	1.42835398083914
3600	84913	1.4274947381103
2958	5230	1.42739901775826
6347	64332	1.42724520986352
10554	8668	1.42697038634088
221400	80222	1.4261297809817
114822	2975	1.42464172871108
10949	9559	1.42442826569565
54585	65991	1.42356055294711
51371	5495	1.42303440239096
9493	9833	1.42234006762937
51163	8939	1.42221471919073
10312	55072	1.42170932780257
23524	6405	1.41833821626265
3689	5788	1.41818277713154
134429	51726	1.41784692774016
11180	54936	1.41722326050446
10549	7386	1.41664365270919
23193	5719	1.41553378826788
3778	4881	1.41524329964783
341	348	1.41190428431313
5169	8622	1.41180127327307
11180	6165	1.41122379391549
1025	6294	1.40951923627
6169	9045	1.4085873544913
4710	515	1.40791319789905
10549	8520	1.40576037097694
4736	6234	1.40529931288897
6217	6232	1.40473487818273
3916	6161	1.40444769735539
25940	515	1.40400447370921
2923	6747	1.40390180118838
5546	84988	1.4027927381341
6138	7178	1.40256283738597
55605	83657	1.40168889878933
3309	56886	1.40165753239246
10487	1622	1.40067712349661
714	972	1.39912585449908
10075	3727	1.39847511638974
3609	4678	1.39789141261696
83604	9358	1.39743911311385
3164	64651	1.39682727655974
2923	6238	1.39593792137262
3309	84447	1.3941712476147
3156	6307	1.39329039462505
339829	83661	1.39314325355097
5412	7485	1.393123210076
6181	9045	1.39239040983387
387	51719	1.39236273644724
55692	7266	1.39060834348189
6168	7311	1.39027370523017
6175	6230	1.3895212694654
2647	27077	1.38851052233512
5901	81853	1.38849987150765
10075	4736	1.38810790532577
3422	493856	1.38809671227426
147798	29781	1.38460611340536
29922	5412	1.38277844157871
10135	1647	1.38214680132537
10286	11345	1.38129948311028
51203	9833	1.38061994588981
292	7347	1.38003293331103
2135	55254	1.37953296573872
145376	9997	1.37903757756514
514	6201	1.37770830139893
123096	7629	1.37625141389665
22826	26517	1.37617404530895
253769	7556	1.37587557224795
5800	6170	1.37583606883082
4001	5884	1.37532363845999
119032	6726	1.37395021877857
6152	6235	1.37372084074273
144809	9358	1.37342476618809
56994	665	1.37334505217819
146802	2908	1.37313629834739
3655	9693	1.37107638779805
27293	57680	1.37028427276264
54187	79174	1.36961126133121
537	6717	1.36897381798185
4201	9221	1.3687423693224
112616	8604	1.36865937771833
7625	8723	1.36842581704062
1154	9510	1.36786013391572
25844	5824	1.36653239734637
57570	6160	1.3664608501362
23094	54682	1.36508190773185
170384	22834	1.36500350607231
28972	5828	1.36452372650089
6129	9045	1.36367704631896
63940	91869	1.36272733836707
51030	63877	1.36183492827786
10935	28972	1.36157513752125
3157	3638	1.36134341954637
79677	8515	1.36013407772718
3133	3134	1.35953954972184
55771	84162	1.35813119860793
3111	3115	1.35791175468271
3903	713	1.35772560679923
518	5694	1.35692279905876
6146	6187	1.35675604118979
2207	55016	1.3562268434728
10963	439	1.35514361310059
2632	4189	1.35441035002863
10670	5412	1.35406916489397
400073	81631	1.35240777475506
1577	59277	1.35238142415504
22874	79844	1.3521943368098
26156	50854	1.35148015514089
51726	79174	1.35144621124004
151903	55917	1.35117829950242
6133	6201	1.35101612364364
10499	51562	1.3488380243555
4881	9590	1.34756395280967
79145	84689	1.34714161939143
10542	3094	1.34562753747592
4708	4710	1.34554908902456
10288	1536	1.34540764723583
2	2533	1.34426554653184
3396	9817	1.34282191793989
55352	83699	1.34273644706395
158798	3094	1.34155646732293
1871	85461	1.34002316794907
6480	80833	1.33915786878236
3485	9632	1.33906592264853
3916	6138	1.33842147872424
5230	7167	1.33794389396782
127933	27430	1.33679739883097
55072	955	1.33472335588382
23613	4926	1.333834192377
2195	90485	1.33341912086121
11065	9928	1.33321632104686
23161	23548	1.33134732333583
51063	84171	1.33052948170235
2099	9349	1.32980145569451
10123	116372	1.32945671876944
137964	55062	1.32849808390998
27248	55829	1.32801733404381
5216	55741	1.32792612129806
5900	80271	1.32768078519963
2259	65125	1.32712148018738
203068	55215	1.32627083759148
2863	9590	1.32521611472997
22797	7940	1.32487351149161
381	5518	1.32423248655782
128989	25870	1.32342696796757
1278	25803	1.32303683220244
6161	9284	1.32103142414005
26517	57143	1.32047721483196
1958	23764	1.32003891112339
378	80218	1.31902242660414
116154	3554	1.31849061481167
51491	84916	1.31819949991096
6175	7311	1.3165680546353
3133	7805	1.31621979282846
2330	672	1.31403912204563
10437	344	1.31274029482774
23071	51009	1.31201461377248
56994	94122	1.31151710027845
22920	51258	1.31120297412976
114907	5650	1.31003372533085
1470	1472	1.30992400002901
4082	60559	1.30986415307557
10955	80319	1.3094823184515
79697	84734	1.30897302160348
27430	6767	1.30784475080678
4924	79888	1.30585270898382
2	3108	1.30566428596659
381	6786	1.30553772744379
23671	6204	1.30510412219768
2495	9516	1.30504959868014
121506	55786	1.30489335856251
153129	159	1.30445081178266
3426	60625	1.30425400373689
6191	6234	1.30370191769211
359	56656	1.30308249568918
3157	60481	1.30250938125126
10135	64651	1.3012088689038
7386	8520	1.30113340487927
7048	93380	1.30045512482462
2920	9592	1.3003531419126
152110	4250	1.29932364331859
1650	2923	1.29843610190589
203260	7629	1.29782753797255
10312	286207	1.29774738582319
3151	6138	1.29774716718105
330	3659	1.29739634302983
53635	9130	1.2973477576097
1718	3418	1.29646100223869
22823	85439	1.29563215045555
64151	9493	1.29525716602501
5357	8724	1.2939514444731
22859	7593	1.29389535645996
81037	9761	1.29229609139806
112574	2581	1.29085523126255
10983	9425	1.29085139049058
339745	6392	1.29056219879304
58515	9601	1.2902322763607
2013	81631	1.28977313084667
51367	91851	1.28753739296063
27258	65991	1.28682265453559
219749	54851	1.28586898465204
144809	4693	1.28369905029201
124222	990	1.28347549718854
3290	84913	1.28278904041868
4298	51157	1.28252442681496
2782	79001	1.28174930760776
2130	7150	1.28087152132279
53339	56655	1.27946775366576
29926	54431	1.2788766028616
3576	3659	1.27835999177089
84058	90506	1.27770244398313
5168	729	1.27656897096305
91319	9761	1.27655986881591
5204	9349	1.27625406511061
23671	6157	1.27567454083663
5800	6157	1.27557837202878
199223	90835	1.27532097245558
3161	7153	1.27328312839636
51241	6726	1.27322665352744
116154	9229	1.27280811594126
6201	7178	1.27189558181948
65061	89	1.27178663261863
5655	80833	1.27178427132703
133522	23236	1.27170724787962
257177	8673	1.27147456932082
338692	54850	1.27099937649843
51371	6884	1.26840244632921
399512	55132	1.26791597596949
5716	7326	1.2678431892937
7168	9948	1.26597087768571
6136	689	1.26559721862667
130576	55780	1.26531348499992
51046	7425	1.2651687472983
144577	51249	1.26502877026344
64418	905	1.2646479797655
25843	403	1.26459386935211
201164	23220	1.26418032049491
154467	23480	1.26412006226157
414918	79641	1.26193955595052
719	963	1.26140912632735
5594	6717	1.26108137224804
134121	51382	1.26077079280862
4282	81502	1.2600273536683
23247	7351	1.25972413531683
4717	56655	1.2594285077555
166979	491	1.25829310197977
78987	81037	1.25807003533022
150678	51371	1.25764995734384
3156	757	1.25740027796655
5105	9592	1.25733159172243
1390	5187	1.2570227467824
150678	25994	1.25623386781182
6157	6234	1.25573130430158
1203	54890	1.25525464431702
11321	1845	1.25522851836666
27106	80833	1.25446590110083
7913	9804	1.25441545490032
7305	953	1.25415907249398
25870	53944	1.25357091519298
54585	6717	1.25283682552671
4155	51614	1.25205578596939
201625	57467	1.25154493813088
4900	9735	1.25131356016876
3855	875	1.25103352138762
6164	6217	1.25102464358207
146433	1544	1.25085161637987
3601	6890	1.24977374216054
118491	9901	1.24795678006584
25814	51138	1.24737701867038
3276	5719	1.246996015886
10075	7351	1.24572973052257
6910	846	1.2447221591726
7305	963	1.24414439762042
80267	93183	1.24286679967479
6168	6210	1.2427367071476
130752	4135	1.24234997968805
2058	8409	1.24158007626339
56302	56603	1.24145716653553
51280	93663	1.24070642602327
2271	7873	1.24052524632156
135114	153527	1.24012448358647
22846	55803	1.23960857818893
11214	54850	1.23956094643174
51107	7643	1.23820391719336
5683	5716	1.2373837846522
10489	381	1.23719632576294
22826	9551	1.23678206387613
1351	5694	1.23639612681492
78992	7916	1.23592615303738
144501	6480	1.23549145657937
54977	54986	1.23527094963449
372	84984	1.23405600348676
11328	166379	1.23383649370997
2259	51429	1.23305861467605
51406	7385	1.23290732126649
7351	91653	1.23104945541715
2271	9601	1.23102229021306
4246	5004	1.23029965022198
10525	11014	1.2299625205388
51258	6827	1.22932566187333
10135	10865	1.22917973626743
51009	56005	1.22878119197004
10549	292	1.22832384558426
257177	9531	1.22830152996162
1999	2920	1.22755433148351
127943	2289	1.22739472861339
10575	116151	1.22706837554331
4753	5168	1.22699635109665
10542	55352	1.22674196758671
2108	51024	1.2260079950919
1364	57804	1.22563342724829
7324	9804	1.22518785915679
222068	56655	1.22425972158849
6136	6229	1.22421424740956
2653	64764	1.22349733450011
4144	6194	1.22285753370583
388	7538	1.22260743361624
1173	81502	1.22179579857841
6230	689	1.22153099196138
2065	6692	1.22040905406006
10093	25844	1.2189058829559
7048	830	1.2175986449222
5479	91319	1.2172734694931
56977	84447	1.21625731879251
5708	7001	1.21606166786128
100506243	949	1.21538305462784
6223	9349	1.21442209073651
6171	689	1.21437525889531
3134	4261	1.2126440540908
10575	25814	1.21007884610537
3151	6160	1.20954834252126
29978	400073	1.20952668544001
22875	9358	1.20892444808255
23432	87	1.20865528102895
2207	7305	1.20847672389415
55771	90338	1.20728821577412
10733	6491	1.20667705766341
4700	4708	1.20625351452154
1368	7873	1.20282517221595
11180	6194	1.20279844972129
23071	51726	1.20230526662104
400629	79816	1.20223342914952
1514	64327	1.20221149566372
81796	8816	1.20213442704725
3164	8553	1.20202833604707
214	6171	1.20096747255111
56674	6879	1.20094592582514
22826	54539	1.20026260301218
128977	51727	1.20014498400652
10263	9761	1.1963790669193
3689	714	1.19622992262686
54585	8520	1.1960361161611
3839	63877	1.19413319233331
6164	6204	1.19404487756593
4343	84759	1.19345701176423
808	9349	1.19339489624538
55635	9928	1.19253272018565
10440	3295	1.19236588480251
5156	7078	1.19214986810265
8027	9791	1.19088239300603
23037	3554	1.18916460644181
5341	5788	1.18843330175601
57680	8086	1.18834135393016
23113	7376	1.18831733241872
60681	7070	1.18692774740539
55145	56034	1.18529350226366
1059	53635	1.18526716284124
4935	7073	1.18524420914859
6167	6229	1.18384293463214
1307	2864	1.18348891818231
23428	84279	1.18331864505856
516	63933	1.18119792776746
6167	6175	1.18066996557574
199	929	1.1804690561696
10277	162427	1.17993738621256
2308	59343	1.1788684802284
57658	9214	1.17830226570516
147040	54901	1.17781719441142
6191	7018	1.17741554508273
516	9601	1.17544123671285
4736	51596	1.17503447809202
26269	5110	1.17458221882154
6187	689	1.17448564078784
2286	5499	1.17388930443191
4781	672	1.17360170328995
10163	5170	1.17329795789155
11010	695	1.17244512176596
23353	84162	1.17215122263006
10865	2355	1.17148879947149
3337	9040	1.1712532509832
10460	6046	1.16894783680026
134429	79174	1.16891954086326
10525	9601	1.16851002237468
387	8803	1.16783535204383
7832	8553	1.16765343366169
284654	79953	1.16757059542322
10190	54951	1.16756547693527
151742	85377	1.16708334634514
10575	3094	1.16653958075348
203068	92399	1.16619057459185
1063	146909	1.16571326819546
11014	5931	1.16496758748994
6152	7018	1.16493612060815
23646	381	1.16473301897607
6132	6193	1.16363271769245
10381	7846	1.16285879866289
6146	6235	1.1618738413636
5691	5719	1.16139566624442
10983	25901	1.16092103164358
14	8607	1.16090669167458
4711	5683	1.15952004173097
5609	8189	1.15934741117032
1063	9833	1.15791213781207
57514	6097	1.15790293872012
11180	6204	1.15782912588167
260293	8622	1.15770766754975
25796	27341	1.15654719551683
10963	55741	1.15645089803669
159090	79691	1.15636294197438
1154	4783	1.1548338218706
6165	7178	1.15468992146364
5412	740	1.15454829305083
11119	22950	1.15404446607186
5594	8760	1.15319230951311
27089	27230	1.15275563910742
59084	9358	1.15256069677402
23788	51142	1.15190565047109
283	80319	1.15190547474282
1173	54946	1.15160040249823
119032	51138	1.15153176408353
2207	953	1.15147988390592
4820	8029	1.15132750866655
153527	387	1.15059501103697
6990	84984	1.150464961958
27020	60592	1.15008507660069
117289	3134	1.14982608806792
29957	81542	1.14854050857131
23246	80324	1.14808886338271
157697	6206	1.14769395630782
22859	4298	1.1470091286026
10314	56254	1.14621879189658
199	84868	1.14492450595626
54629	8879	1.1445801256953
4214	55196	1.14441496095155
214	6168	1.14307259868802
2975	730112	1.14187485698541
64432	7182	1.14155870134293
4942	5901	1.14135614699517
1605	55325	1.13989513986789
22883	23492	1.13918546255706
1936	6222	1.13847846993746
4144	9349	1.13829526800024
1445	1965	1.13744195661259
55505	7386	1.13565699424764
53832	665	1.1343371120314
23094	91875	1.13401447769661
4708	6185	1.13339949229532
10397	8030	1.13316429921533
1536	55619	1.13275777624424
10575	8803	1.13155591269639
51386	6161	1.13018605308022
114884	54205	1.12761403154306
283537	64147	1.12509699641202
3479	5479	1.12478520750683
284422	5530	1.12412783647128
1760	23552	1.12399064397763
54951	6884	1.12388966872475
114789	23514	1.12309206582368
22826	55967	1.12299722995981
51562	6872	1.12299286871775
3156	58515	1.1228976118725
11051	8804	1.12196155252988
3094	8520	1.12161860842192
121512	9687	1.12116598856756
84614	8677	1.1205273394455
29952	8086	1.12041857533988
83540	991	1.12024459188772
6185	79622	1.12014978319948
6783	84879	1.11936694353631
9761	9871	1.11929764816705
341947	90333	1.11895214146974
5719	8775	1.11821174206604
25873	6234	1.11807970860779
10317	6906	1.11803467397096
6205	6235	1.11777950699837
6238	91319	1.11764662863736
140576	6947	1.11639782069023
10733	2146	1.11632168301442
23277	8704	1.11602898598403
10865	3383	1.11584903627764
29927	6184	1.11559057209573
1936	6217	1.11540207213855
29781	91653	1.1152611244891
59286	9551	1.11377672301753
57570	6138	1.11356855742559
10542	158798	1.11318701417952
4053	80310	1.11302731730876
53339	9804	1.11287258309032
389541	51364	1.11206501408596
114823	2752	1.11206295137431
51439	51510	1.1118808210616
2647	9130	1.11040492775028
63941	64847	1.10973343323908
11214	8233	1.10897727981079
4144	6187	1.10846616871453
51582	93380	1.10726067450607
93233	9997	1.10625611293104
51201	56034	1.10529689288854
79170	83857	1.10405802384475
214	4736	1.10402381858245
514	83657	1.10383578141098
6223	6230	1.10380318304916
221037	55671	1.10377273716922
10575	9804	1.10374446327609
4189	90701	1.10300477448751
1536	3111	1.10282788053432
79590	84134	1.10198114422196
51024	8607	1.10181487305847
4711	5049	1.10099340608768
57658	6480	1.10098230475605
7092	7545	1.10089781829637
5800	6191	1.10001992570969
10112	51203	1.10000735747061
84747	90861	1.09969994330294
51522	9804	1.09926106323379
11180	91653	1.09887459956625
51061	54984	1.09785596734658
11161	4082	1.0965143613958
4144	6169	1.09543456830452
1052	114789	1.09409796433556
29922	537	1.09402520044222
23548	51439	1.0939762912235
6181	6223	1.09358178667997
23363	63941	1.09141909408237
26973	81533	1.08977626566292
117289	22797	1.08923327003872
9601	9761	1.08871606515485
55165	6241	1.08851480840447
4711	92140	1.08839129427574
2271	85377	1.08793328588171
6137	84138	1.08768016526925
51247	55352	1.08739738648081
23753	79695	1.08642844463925
4810	63876	1.08586089702861
9114	9829	1.08577888753359
10969	26521	1.08563802319356
57143	63941	1.08558159403287
7045	834	1.08546101722428
51382	64792	1.08495127028618
2286	29927	1.08385941060372
2495	54838	1.08376407895994
6133	6187	1.08125156163499
284352	54903	1.08118036800893
2648	27043	1.08097315253866
3587	4689	1.08075669235089
63933	7873	1.08016077879041
5716	599	1.08000936930395
5291	8082	1.07996930209074
54629	727936	1.07922071224674
10134	2950	1.07917620638035
3641	59284	1.07897316418194
1553	7545	1.07880465187403
10444	23646	1.07862453748887
4048	619279	1.07858368313294
6129	6147	1.07757229276175
114789	55422	1.07717473434763
348807	5119	1.07694197849226
170572	84700	1.07620878727845
2330	50511	1.07595793251112
1936	6165	1.07579445451328
4257	4709	1.0757802859191
57658	8030	1.0746433281557
122402	8515	1.07412836742382
79042	9525	1.07354784538415
2863	713	1.07342762233957
1536	199	1.07336533636158
23412	84812	1.07328629436112
6693	79788	1.07216750824945
3290	84632	1.07203023014554
22920	7251	1.0712598346283
51258	7251	1.07112128150809
283742	6392	1.07083224911147
56005	7415	1.07022106066004
1608	3291	1.06927812636321
1633	221035	1.06916410013536
1981	207	1.06882524455548
11149	118670	1.06618648617565
3646	6129	1.06587530291439
55352	93380	1.06503622602404
114823	29997	1.06449375407678
10575	54585	1.06439696620236
29896	84162	1.0633949595119
2923	6184	1.06310234486876
2243	25897	1.06233517730271
1942	602	1.06228981536973
152065	374768	1.06224005949118
2907	65009	1.0615560465609
200185	9551	1.06100375150892
10220	92949	1.06045481238775
64397	999	1.06002118882751
3626	54205	1.05976114412703
221545	79777	1.05888155077998
23523	7088	1.05849947347378
51280	79645	1.05794957975473
1915	7018	1.05662557655196
114823	6138	1.05655197726373
23033	57560	1.05651230993318
5699	7318	1.05624747470891
6836	9871	1.05584577650904
201625	93233	1.05498106508435
201626	7296	1.05489360691175
5479	56005	1.05469098971513
1647	7832	1.05463607380946
3554	9229	1.05408876976768
23588	25901	1.05406247793878
53339	8520	1.05382527774043
23753	2923	1.05351417978003
23513	7593	1.05346726995147
4144	6164	1.05328677231606
118491	149483	1.05278096409098
3133	3431	1.0527313757272
1501	7164	1.05222556137904
146722	55226	1.05220726100483
3151	6165	1.05209153464266
1999	8553	1.05163575682051
127254	6767	1.05143958545291
4116	6184	1.0509813110448
3301	55352	1.05035000470052
283518	339829	1.04843860926732
11316	2286	1.04786190527621
1267	6717	1.04758863533225
283987	56547	1.04736088866697
5096	56005	1.04730859371963
119032	138255	1.04709442618803
200403	4212	1.04670808027129
2289	3554	1.04632614754989
2958	3301	1.04527323837136
1577	8483	1.04504843556202
1476	1509	1.04428113360761
4693	53832	1.04423354763548
11054	220004	1.04316726229236
11065	146909	1.04302916114598
257177	81706	1.04282834148066
292	9019	1.04277661520172
57570	7311	1.0426442138372
23710	59277	1.04176111389379
116372	8722	1.04136718768788
144501	9214	1.03987548683714
201595	51510	1.0394973034086
54413	54495	1.03932072381875
2	22797	1.03830933883142
10963	7203	1.03804614507672
51726	9871	1.0375988781029
2286	5691	1.03646982565178
286207	440836	1.03606792822032
147199	51588	1.03562921066757
114823	93233	1.03508927913086
7504	9615	1.03501189319079
6209	6232	1.03449476137325
10489	84988	1.03416702153685
6147	6232	1.03415799532374
2099	808	1.03401538849957
122553	7320	1.03367822767425
129138	90480	1.03310880759383
49854	6434	1.03277120587702
1936	4736	1.03225793016285
5650	6271	1.03194181950999
10888	9088	1.03134820746174
3157	85377	1.03117373724831
388	4783	1.03058084342382
55788	6767	1.0300330047564
2355	5326	1.02943192676763
27327	643314	1.02911143905134
1535	8233	1.02900198123106
5784	6667	1.02889361653018
1915	6235	1.02809946817197
3727	6191	1.02549403445812
51382	81706	1.02498814940946
10539	7881	1.02440884000562
3151	689	1.02383683801044
6147	6234	1.02367324089971
27258	93380	1.02277185076468
84239	94122	1.02229727362957
22826	7001	1.02130119194008
124401	5211	1.02128112078724
51061	5691	1.02087513597904
55352	9908	1.01990385650138
10126	257177	1.01964241429123
1361	84263	1.01957255721627
3937	57713	1.01944149028971
113402	90411	1.01934417618213
5594	9525	1.01916429649762
6175	6187	1.01901642906455
2289	79960	1.01852895801169
10670	51639	1.01829725124461
11180	286207	1.01822025335567
3161	4288	1.01811140027291
3908	5169	1.01698966058331
10670	7485	1.01644519923117
133022	1781	1.01540381693695
54438	56975	1.014634041386
5204	6204	1.01351954757658
27439	80381	1.01186149240943
134429	9761	1.0118604687949
10437	22846	1.01129276934486
2533	8832	1.01091196286786
10969	4720	1.01045755662738
3017	8349	1.0101509763222
220213	56034	1.00888330274488
25897	6498	1.00855718001636
27020	6726	1.00842583565541
4141	7593	1.00827132657294
1366	64222	1.00770155844394
1652	55741	1.00714124703994
5432	7259	1.00697937417531
116151	56990	1.00548950315552
10263	4860	1.0050326203148
6164	6187	1.00348523430126
23421	84163	1.003357585674
2752	6169	1.00201111378672
1261	343990	1.00125853895732
1577	84913	1.00070535781645
7001	9158	1.00030393442176
