1645	1646	2.80170036072292
2944	2946	2.80154826664425
84138	9057	2.80151364052194
1282	1284	2.80144555827845
6171	7125	2.80094439658592
10398	6876	2.80088438103732
10398	4916	2.80075203240152
6156	6222	2.80071765635968
11167	2200	2.80063236423334
2027	6161	2.800589926351
2027	6222	2.80055530737933
6222	7125	2.80051843033994
6171	6222	2.80048159491333
1465	2316	2.80042859391752
1340	291	2.80035780716509
1346	4697	2.80025069403076
4496	4501	2.80014439918716
201973	79682	2.80013534441202
5920	6772	2.79992635614587
5788	963	2.7997686231593
4916	6876	2.79976512049774
4191	7386	2.79964721446363
6161	6222	2.79958535136792
10381	10383	2.79951281948041
6156	7125	2.79948101881938
2021	51490	2.79945029680311
4697	6222	2.79944322163905
2027	7125	2.7993607886117
6161	6209	2.7993451574617
1465	6876	2.7992644567463
1346	6222	2.79925473721345
4697	7125	2.79883745501896
5696	972	2.79873076034316
506	7001	2.79872698860389
1346	7125	2.79859323993042
4496	645745	2.79847163473839
6171	8531	2.79844434221455
506	509	2.79817335556502
4697	8557	2.79811175056727
10468	84455	2.79803633899324
4720	7001	2.79797712699562
4720	5160	2.79795598703896
2027	4697	2.79792582565954
29895	7125	2.79780299523041
1340	4694	2.79748504436971
2533	5788	2.79739370936658
1346	2027	2.79724396816983
151393	9201	2.79724089232387
5160	7001	2.79698128452266
301	5654	2.79693742827639
2027	6156	2.79683487976904
6222	8531	2.79683315444325
4191	51660	2.79677228820123
11034	6876	2.7967517557115
151393	65981	2.79669862974268
2215	6279	2.79660691613538
509	5160	2.79658718937967
6161	6923	2.79642376921878
6876	72	2.79624009974513
4360	51338	2.79622295690912
2316	4638	2.79620241781889
10398	94274	2.79618594406517
4723	509	2.79617185905828
291	4694	2.79611121056621
1345	291	2.79607646115812
5250	7386	2.79592409004559
4694	4713	2.79580770488893
10398	11034	2.79570725537167
1346	6171	2.79554690727632
1277	1281	2.7954182220626
3561	5788	2.79522631621174
1345	4697	2.79510426152183
1345	1346	2.79497994237162
5160	6389	2.79493513643347
6156	6171	2.79490180473823
1345	4191	2.79482219342008
29895	6171	2.79466262517083
65981	84455	2.79464944724417
122622	201140	2.79461528933077
3773	84455	2.79459849796244
51375	9201	2.79455231556552
1436	4360	2.79449623438543
4697	6156	2.79449338578931
4726	4729	2.79416913308586
509	9380	2.79405348517686
5346	63924	2.79386604926496
10133	122622	2.79383316590663
6192	9086	2.79377895423624
6209	6222	2.79362480503765
6156	6161	2.79350011773304
2633	9246	2.79321947340387
63924	8908	2.7930831994381
4916	94274	2.79291021147866
291	521	2.79264613243867
7125	7140	2.79259412046987
10899	57215	2.7924787381747
1513	4131	2.79237580593623
4697	6171	2.79235776830215
1278	1281	2.7922651974052
291	4729	2.79191971463697
199	64231	2.7918429395268
5788	6352	2.79178991877923
1537	4714	2.79123625207259
1345	2027	2.79116190259684
1346	8557	2.79102319121585
2316	6876	2.79077273070113
4162	55742	2.79049782116129
4726	513	2.79016350256657
4729	513	2.79013791935805
4723	5160	2.79007908917821
6156	8531	2.79005364027932
59339	9201	2.79003594113115
3109	972	2.78998059739731
65981	83987	2.78993409153151
5698	972	2.78993185128898
3936	5788	2.78979192767155
509	6389	2.78976134067647
120	5136	2.78924149217383
1537	4716	2.7891815210067
1346	6156	2.78891005241453
2350	4360	2.78830604291117
1340	6161	2.78803142411042
727936	9201	2.78797930750816
4723	7001	2.78774711951662
291	6161	2.78765247621862
5346	9370	2.78751613019727
4501	645745	2.78747134146904
4720	509	2.7874409315675
51338	713	2.78743794363241
5950	63924	2.78739925820201
1465	72	2.78738338785806
2805	8402	2.78732394523143
4723	6389	2.78720566129406
59339	9910	2.7871961240255
4360	713	2.78706418967262
3683	6352	2.78697634821889
4697	6161	2.78696565265015
10989	5160	2.78669397474863
4495	4501	2.78636770883238
4716	54998	2.78634895365168
291	4726	2.78629664020762
10989	506	2.78629416544019
11034	4916	2.78623476704401
506	5160	2.78620963578758
1340	521	2.78590689869443
3683	5788	2.7855377746357
4191	5250	2.7854314505251
10335	2316	2.78538245200105
6352	963	2.78515813448514
509	7001	2.78510256735718
1346	6161	2.78503131888457
5315	7167	2.78456784841813
3683	963	2.78456255383331
84513	9910	2.78438553944882
10398	72	2.78410103215297
5696	6890	2.7833249661181
10561	10964	2.78319936857569
219902	59339	2.78295778433001
1674	8531	2.78287745514748
1436	64231	2.78276265693505
139886	60481	2.78275333228703
2027	291	2.78270988030644
4191	4716	2.78266885909945
1160	51660	2.78259064640887
3561	3936	2.7816070084655
2805	4723	2.78137459045301
1266	4131	2.78133043046881
3437	94240	2.7806882071989
151393	83987	2.78066403636841
301	6281	2.7804566479614
4360	714	2.78042783349798
5160	7384	2.78028361961169
509	515	2.78027763209141
1537	4723	2.78006734741675
122622	5837	2.78001626140493
4720	4723	2.77995562509508
4716	4726	2.7798991857233
6586	6876	2.77989433153056
1436	2207	2.77959516490708
64979	8192	2.77958734934575
9201	9910	2.77957634104082
4723	506	2.77955015608321
6890	9246	2.77923232405923
4191	54927	2.77922575175119
1537	4191	2.77917946025672
151393	5521	2.77900024436073
10092	54918	2.77871419455493
1340	4713	2.77863555320584
4714	4722	2.77844300307671
4726	81892	2.77835244948025
1160	2805	2.7783108558368
291	513	2.77816001693692
5213	7140	2.77794125520912
1465	4638	2.77789162325076
4715	509	2.77771065741523
1346	291	2.77755084773984
3988	5479	2.7771856544756
506	5250	2.77644928965458
4722	506	2.77620135927361
7125	8557	2.7759925139885
6171	8557	2.77593294093609
347902	4638	2.77568438904407
714	9332	2.77511195922435
3106	972	2.77504366612601
4729	54998	2.77500742197191
2271	4720	2.77481409311552
7167	8604	2.77476908610853
4694	4726	2.7747440496385
4720	506	2.77420109161873
3418	84191	2.77404205422481
6586	72	2.77377563425759
1327	4723	2.7737128726502
1345	4729	2.77369577671273
5698	9246	2.77355407692797
1340	1345	2.77325759683909
5093	8531	2.77323210019807
2232	84455	2.77311019882687
2805	4722	2.77270660882098
4191	4729	2.77236950535625
4360	64231	2.77217643754501
2027	6171	2.77212282234978
51375	84513	2.77174797773487
23399	84331	2.7717441277882
3106	3135	2.77170693044961
1345	51660	2.77167394042271
29088	57017	2.77135240722835
2316	800	2.7712000958337
3106	5696	2.77115519883267
4638	72	2.77044310417567
4722	8402	2.77032379251586
64231	9332	2.77000133781013
112464	6282	2.76987936264476
5315	8604	2.76986662720671
4638	6876	2.76976145176013
4716	4729	2.76971402411767
4722	7386	2.76948016345054
509	521	2.76941022754425
4729	7386	2.76927863738071
10123	9910	2.76912796140952
2124	5788	2.76907845048126
4629	72	2.76907422030179
122622	291	2.76870127122975
291	4713	2.76859567191149
10989	4720	2.76843972466664
122622	2027	2.76842013353977
7125	8531	2.76840385560472
5160	9380	2.76788331851392
1192	5479	2.76785660288151
3676	83888	2.76777933229934
65981	9910	2.76701296959507
5160	521	2.76651941464968
2350	64231	2.7664395555999
506	7386	2.76628330965137
6275	6277	2.76615393928361
51278	7832	2.76612438615544
56849	84707	2.76608494689451
286133	4239	2.76602510700828
28989	64975	2.76595076220912
4716	81892	2.76566007912521
4716	51660	2.76565186298005
2027	6209	2.76516591324217
11167	8076	2.76514846395804
1327	4722	2.76509905576214
1436	2350	2.76494503819457
1284	3912	2.76483157909339
4283	6772	2.76450518409646
1345	521	2.76428036925773
1345	4726	2.76424902770759
4714	9380	2.76403801170374
509	57017	2.76365689658781
2857	64231	2.76331825498261
468	85437	2.76293495325441
10123	7430	2.76271904908719
221472	3587	2.76264535179513
10455	2787	2.76239926535934
541578	91966	2.76211080490695
6352	6772	2.76134696462821
1278	25878	2.76130077978915
2207	2350	2.76102249840602
6161	6164	2.76100286766448
6209	6923	2.76071029597133
509	7386	2.76060918289925
1674	5093	2.76045524742553
151393	84455	2.76031604219734
291	4697	2.76016577455321
2271	6390	2.76012378220409
133418	64231	2.76011190614575
5886	84232	2.76004970260182
10487	1192	2.75979835847533
219902	9201	2.75963126583837
1879	800	2.75875601205784
219972	64231	2.75851307631639
51341	9817	2.75751515432812
1345	7386	2.75749743828658
3561	963	2.75748507612347
4131	5311	2.75729819511977
1436	714	2.75725385804714
84455	92346	2.75716125405415
1278	151887	2.75678528585835
64231	7305	2.75658576511633
4694	521	2.7563148098931
1043	5788	2.75609072239735
2350	713	2.75603485821199
29088	4714	2.7554438155851
51375	9910	2.75536494023566
1191	6876	2.75535668570316
11326	64231	2.75511854341454
1346	7140	2.75467234822051
3106	6890	2.75443843190533
4638	800	2.75441243048238
4162	633	2.75429459809608
120	79901	2.75426812938822
4726	522	2.75404003302554
4723	7384	2.7530363389642
4257	63924	2.7529864748652
1537	50	2.75269000258878
4916	72	2.7525367618573
727936	9540	2.7520731219524
2012	6281	2.75203876508746
4723	9380	2.75152408096146
2787	440574	2.75137152840779
10939	54516	2.75135069792549
713	714	2.75128689661313
2495	6161	2.75070147531357
65981	9201	2.75051854500811
3109	5698	2.75015330537096
64771	7125	2.75001266209475
10123	65981	2.74999576585049
1345	4716	2.74970820803002
118788	963	2.74948207202444
3689	963	2.74941325455344
1340	4726	2.74938868161579
1346	8531	2.74906062861796
23179	4360	2.74899266875374
125228	84191	2.74835226093859
199	22797	2.74811220816699
11031	4131	2.74771435964872
2335	54331	2.74758383241719
440574	64975	2.74689825971297
29088	9380	2.74682934232877
4131	83700	2.7460863905691
2495	54539	2.74585791351484
1282	3912	2.74538751664757
487	5837	2.74494988039707
1345	6222	2.74472374905697
521	6389	2.74452067596255
29895	6222	2.74269733669742
148523	5187	2.74268677952746
51660	7386	2.74242434093632
1537	9380	2.74190301122145
122622	1345	2.74168088761495
1645	8644	2.7414586040121
4629	4916	2.74102304970667
26509	5654	2.74099538521282
4726	521	2.74094011150671
4283	5920	2.74057626991992
51389	64960	2.74025551857666
1345	8557	2.73956311018604
51079	516	2.73921713332436
2806	7386	2.73864689832199
5346	8908	2.73863061014092
10335	6451	2.73854684925795
4722	5160	2.73794506786612
4191	6389	2.7377551347512
25890	57045	2.73748648576983
83987	84455	2.73723752018717
1537	2805	2.73698351968531
2207	4360	2.73693138476243
6876	94274	2.73689616837203
1340	6164	2.73687821246555
4713	521	2.73685458505983
1134	84455	2.73656730366497
302	7846	2.73655012618339
4723	515	2.73624242048503
4715	4723	2.73527573581879
2192	4239	2.73519342494642
1646	8644	2.73486420520276
2350	712	2.73485098841218
51375	65981	2.7347197489743
1346	6209	2.73436211701612
301	84617	2.73427908046692
4239	8076	2.73399594089112
151393	51375	2.73396431850896
5738	6275	2.73239519423735
6281	84617	2.73229298170109
2027	6923	2.73225580982621
29895	4697	2.7312951413585
1537	6389	2.73101823848037
506	515	2.73094064195449
4697	8048	2.73049142270459
5873	7412	2.73027278861681
10133	8557	2.73004732577049
6156	6209	2.72963287864315
400916	4729	2.72957728117416
4256	83641	2.72954139987882
7430	9540	2.72937287128878
4716	513	2.72905936221843
1340	2027	2.72838235003917
6352	969	2.72823694211286
151887	301	2.72792207458736
65981	84513	2.72774290098329
5696	5698	2.72766930590827
5160	57017	2.72756075345032
28973	51204	2.72726739544571
515	6389	2.72720957839354
6161	7125	2.7269156525204
6156	8557	2.72664120255251
84455	84707	2.72641808672659
1281	1290	2.72638430259023
7305	9332	2.72569607548945
1160	1327	2.72544493965627
4256	7431	2.72540910606789
2027	7140	2.72497935700038
2101	56942	2.72468046240227
10398	2316	2.72462659984623
4493	4494	2.72427735092918
1537	4729	2.7242618038758
1043	963	2.72402530408225
72	94274	2.72368829597186
51555	84455	2.72363044223485
4303	9148	2.72320319926043
4716	6389	2.72249653035978
1436	7305	2.72219131075879
51338	64231	2.72180698813841
122622	6923	2.72060220158109
2101	51204	2.72035368817713
4714	57017	2.7201563640619
10989	221545	2.71949826694376
4723	521	2.71944161853614
26509	301	2.7193411754885
10468	151393	2.71871502398676
51660	54927	2.71854249886774
29088	56945	2.71845938954326
10105	6183	2.71808580139525
4714	5160	2.71795581236709
5521	9201	2.71774504689467
80772	81873	2.71737314176882
1436	713	2.71716497538506
5920	6352	2.71687034386831
5250	7001	2.71650298749835
2806	4191	2.71642537290434
3109	6890	2.71603369435418
1345	7125	2.71586302933754
1160	1537	2.71522838073227
1277	1278	2.7152149803867
55076	57045	2.71513269888067
11167	7148	2.71485256746958
10989	4704	2.7141989387577
10989	509	2.71377770682412
6890	972	2.71352468354932
558	6383	2.71332938523256
516	9380	2.71327910923716
118788	5788	2.71327692800815
4696	4716	2.71315824418087
515	522	2.71265734334494
9246	972	2.71243008156698
11151	5788	2.71223107123397
54539	7386	2.71217006994768
199	57698	2.71161220757841
301	7846	2.71143672883508
6281	7846	2.71132690630526
4958	8470	2.71123334013185
1192	302	2.71111415592831
64231	714	2.71053717197725
11151	2533	2.70987211866257
26589	81873	2.7090935108996
506	522	2.70862709950556
55228	84455	2.70861907371336
1134	146802	2.70839811209696
1278	5118	2.70808498323866
122622	4726	2.70720171275094
1345	513	2.70670323949405
6171	64771	2.70604283805118
1737	54205	2.70582009024452
79133	81873	2.70576142741567
10384	84166	2.70521751616065
221545	4704	2.70469035934934
2495	6923	2.7046364986115
144363	81689	2.70450953999227
1160	4191	2.70398896510114
4716	7386	2.7039756018802
122622	6161	2.70381692722384
2124	2533	2.70351939510217
1327	2805	2.70342212927668
2805	4714	2.70319128441197
4713	6923	2.70304028829621
151393	9910	2.70294359102077
2350	714	2.70292165580514
50	6389	2.70252744676639
2335	6275	2.70171593656954
83987	9201	2.70127508321963
125488	29760	2.70109273948288
291	509	2.70088652325161
291	4716	2.70028446556107
5213	7125	2.69944326370389
4694	6389	2.69943614561066
120	57045	2.69901992754723
4694	6923	2.69888394603322
10398	1465	2.69884054494147
835	9181	2.69880705712881
6222	8557	2.69817654810008
2212	4360	2.6978952465211
6423	7057	2.69771528805984
50	5160	2.69473814145805
10133	2027	2.69440264467609
3122	972	2.694298610942
5696	9246	2.69383662617656
4717	4729	2.69372913450407
4495	645745	2.69363828516854
29088	509	2.69332528305855
5311	716	2.69329614568612
4723	50	2.69282509979347
2027	8531	2.69277445840013
291	8557	2.69247045553271
4501	4502	2.69203181724967
28955	4729	2.69152236059451
56945	57017	2.69107356546157
10468	9201	2.69065904879294
2350	9332	2.68938549330259
11326	2350	2.68926554695461
4629	6876	2.68857128508261
10105	51204	2.68848297773435
4726	79622	2.687255538373
4621	4635	2.68700936566848
1345	5250	2.68644234818069
129607	91543	2.68591048444678
2027	2495	2.68568351634084
1278	7846	2.68566481943148
4716	84266	2.68539694123577
4715	7001	2.68477077209608
50	7384	2.68390248602967
51375	83987	2.68379967025698
1192	3988	2.68336028246946
1192	6281	2.68301691465599
11167	2012	2.68291053555718
4191	4726	2.6822418067743
301	5223	2.68207030696786
122622	513	2.6820254282144
4716	79622	2.68098113186187
4722	509	2.68079198210488
4716	522	2.68059005694687
506	6389	2.68023684426888
4697	6923	2.6797668334608
4716	6923	2.67965564979734
1345	4723	2.67913542298266
2180	23417	2.67913206587023
4722	57017	2.6789586671815
10989	7001	2.67827392134128
30846	5159	2.6776205418167
10133	64771	2.67691259995024
1340	6923	2.67661570851229
2027	5837	2.67643450320792
1346	4191	2.67640282274006
291	468	2.6758696121554
1537	51660	2.67585631415157
57823	6352	2.67570313663245
51375	9540	2.67536270316556
1465	94274	2.6739570259878
9201	9540	2.67371803748992
138716	728568	2.67357002095046
6183	84134	2.67351450947794
151887	302	2.67274819167143
10384	9246	2.6722901829356
291	6923	2.67208477664619
3106	5698	2.67159792251468
23284	2823	2.67158215842699
1192	6282	2.67137905774302
4715	506	2.67120822620893
10773	136319	2.67119184429333
7846	84617	2.67095979839103
5654	7846	2.67077109342764
3003	6352	2.67069164315633
2207	712	2.6698724888004
2027	29895	2.66925440097602
51204	84191	2.66900668099316
4720	7384	2.66849593479914
22837	55742	2.66830709127073
1345	6161	2.66829173896487
5250	7417	2.66796686300965
10746	57602	2.66785454748584
2271	4723	2.66758534747655
143686	9201	2.66709823492728
4713	516	2.66687075715281
2108	84263	2.66626002970788
10123	151393	2.66595824663712
1026	132671	2.6646658133895
3106	9246	2.66394504404621
4697	8531	2.66391029634377
4714	521	2.66331923561521
5521	83987	2.66310471764295
64771	8531	2.66275724417388
3003	5788	2.66241375304881
2495	513	2.66232935609055
1278	1290	2.66177066165735
2823	72	2.66166905809246
1043	3561	2.66017733787383
5213	6171	2.65963687221864
4714	4723	2.65856358214976
5521	9910	2.65819690462083
509	5250	2.65748452631423
4714	64975	2.65674964583506
63924	9370	2.65655136974421
3561	6352	2.65631515730344
857	858	2.65613325935141
7001	9380	2.65540972588143
440574	84191	2.65485511691947
1352	84191	2.65484527984453
151887	7846	2.65472677473048
64771	8557	2.65465903170858
515	5160	2.65447977941428
1327	4191	2.65434970241001
1340	8815	2.6542797593607
5792	9201	2.65425513074639
6161	8048	2.65383738222504
5696	6772	2.6524420277272
1345	6209	2.65191042420609
1291	1292	2.65126424783406
165	6586	2.65106449594284
4729	521	2.65096137391756
7076	7846	2.65088573787141
25890	55076	2.65066271775435
4704	506	2.65033041424109
2027	8557	2.65015531296514
1327	1345	2.65002419932931
94274	9457	2.64950383563598
6282	7076	2.64936625603576
719	9332	2.64920241255665
2192	9590	2.64853917076673
11326	4360	2.64694419205108
3105	3106	2.64665160988826
1537	9145	2.64596024885626
2533	3936	2.64557870735213
3109	5696	2.64537422414119
4704	4714	2.64510926729241
122622	2495	2.64485234403838
521	522	2.64445181590185
11326	714	2.64419348903102
4715	5160	2.64408301304216
10123	59339	2.64399881136053
4715	5250	2.64340377872191
6586	6649	2.64244950439602
2027	64771	2.6419829567566
29088	4722	2.64183062843934
22837	4162	2.64088539249352
10335	1465	2.64046123325157
6188	6209	2.64007245301408
1346	5250	2.63994672942347
6389	7386	2.63954699400378
10398	4629	2.63948009868256
23654	6282	2.63759677739785
400916	4191	2.6365145306196
1191	4629	2.6354641996943
2350	51338	2.63543990671647
4722	4729	2.63502887343317
1191	6586	2.63411848861511
2857	4360	2.63400525156395
22797	64231	2.63389359461367
3106	3107	2.63307917093898
1537	522	2.63252919260423
4729	509	2.63185185867289
4257	5346	2.63152027920302
2633	5696	2.63136403492229
4694	516	2.63083672352919
51375	5792	2.63065836191748
8048	8557	2.62991856107371
4723	8402	2.62979298216473
10133	8531	2.62968906629606
1537	5160	2.6290613696382
118788	2634	2.62890898576158
29088	516	2.62889289535604
10605	158	2.62829429160909
1537	506	2.62826545618853
4191	506	2.62783603998648
440574	4716	2.62748500732826
2232	65981	2.62629128857678
1513	26509	2.62564292172461
6772	6890	2.62520203386191
25923	7188	2.62515287946819
5654	6281	2.62499720374601
4360	9332	2.62440080187993
291	4191	2.62399834077805
1537	4722	2.62357450572496
5118	5738	2.62312754690145
1345	509	2.62270535317051
2533	963	2.6225977881458
6876	79785	2.62172500773063
63924	85329	2.62164084666914
133418	9332	2.62109717566326
1281	3910	2.62106896684691
1842	84168	2.6209518125993
1340	4697	2.62088583201029
51375	84455	2.61979983611148
23643	64231	2.61966665061759
65981	92346	2.61949359257823
400916	4716	2.61942281984887
1345	6923	2.61837155086209
6161	8531	2.61789030273341
5311	83641	2.61771165446225
3001	3561	2.61693448193461
1160	4723	2.6168575169746
1537	7001	2.61656956783257
132671	3248	2.61642370768202
221545	51204	2.61615883710377
4886	79785	2.61607449968551
522	7001	2.61605105339869
5521	65981	2.61591090098287
291	8048	2.61589746865559
10166	84134	2.61560540451992
4191	5160	2.61481471147113
25923	800	2.61478817677448
7430	9910	2.61396964699074
6161	6171	2.61280595534915
487	7140	2.61273032276021
2200	7148	2.61235919527839
2806	9145	2.61108596159827
4694	4716	2.61087856768449
3959	9246	2.61053450200624
84513	9201	2.61019447372485
2212	712	2.61013055419858
1191	72	2.60943538747653
2316	85004	2.60942336016742
133418	51338	2.6091815679633
120	1513	2.60773866508055
23284	72	2.60724617780975
291	6187	2.60689463124235
1327	509	2.60683068193777
10092	8407	2.60662852934802
3627	4283	2.60581558752784
11034	1465	2.60492019245909
122622	23399	2.60474168566383
285	83987	2.60455488253062
201292	493829	2.60444671875716
10899	146542	2.60425829751417
1537	521	2.60350736400827
10456	4713	2.60256008080701
4723	57017	2.60190999061974
2633	972	2.60155401465716
2805	516	2.60140435764471
5118	7846	2.60102564583891
4714	516	2.60089228464029
521	7001	2.60073703586296
11031	5311	2.60058404821044
2212	51338	2.60057177140387
1327	506	2.60042706250807
10123	81671	2.60033782225348
283298	5136	2.600195571433
29088	6390	2.60008213254048
3676	65981	2.59997845698635
57017	6389	2.59986545286099
11167	1805	2.59844703147317
29760	81704	2.59819938736008
63924	84649	2.59721545337804
56849	7043	2.59696538034643
11151	963	2.59681610067896
506	57017	2.59681261755727
4716	54539	2.59673664835389
151887	5118	2.59650906759467
2805	9380	2.59595929482274
291	6209	2.59574772451261
123591	7167	2.59555955293518
2806	506	2.59538254360055
4697	6209	2.59341688880328
10335	4638	2.59301392895955
153443	493829	2.59283522920562
4694	6161	2.59229937671269
1327	7001	2.59209648511197
2805	5160	2.59194497668185
10468	51375	2.59186816169749
6164	6209	2.59142011866193
4722	4723	2.59110247390146
59339	65981	2.59074876884971
29088	388962	2.59063655505513
1278	1292	2.59039873155247
1346	64771	2.58976422574773
2271	2805	2.58953912559613
6389	7001	2.58950428238348
1462	301	2.58897503338107
1327	1537	2.58897407450694
6222	7140	2.58806585201926
2823	4916	2.58731564192364
2316	6451	2.58592260767735
712	714	2.58579051736912
29088	51204	2.58578294302741
1327	51660	2.58570914398097
4494	645745	2.58464148636461
57017	6390	2.5846199233629
51204	6182	2.5840750382285
348094	5627	2.58370192821757
4191	509	2.58345383682738
133418	1436	2.58300476783607
10320	963	2.58193389119441
1674	5886	2.58115566283628
151887	727936	2.58083535451909
1345	1537	2.58068793060914
81704	963	2.58053373967276
1809	200942	2.5805271756094
1345	6156	2.58046753410998
133418	7305	2.58045724156722
199	2350	2.5794910842164
712	9332	2.57942454940607
2192	4907	2.57772893930465
1674	4898	2.57721860967198
8192	8260	2.57681763727075
10398	9457	2.57666942703009
2806	509	2.57660143112786
3107	84166	2.57646722497386
10989	63933	2.57530802396441
10989	57017	2.57520258352543
65095	84971	2.57496518395098
4716	4722	2.57492627192416
59339	83987	2.57453297590642
10123	9201	2.57414802074797
6389	9380	2.57412576185871
4494	4501	2.57387665024452
199	7305	2.57376510001547
5118	6275	2.57365077425098
291	54998	2.57248538395897
1465	4916	2.57226472153711
10379	9246	2.57217444786555
6261	9322	2.57214661301389
400916	4726	2.57154144538509
2350	719	2.57144960833497
5738	7846	2.57070508117473
4713	6164	2.57062289707805
51338	9332	2.5705388392387
84455	9201	2.57051547141962
120	84314	2.56846131651402
2350	7305	2.56711319286476
1340	513	2.56702859681724
506	521	2.5665824436866
11034	2316	2.56485301465374
2124	963	2.56360015123312
65981	9540	2.56301615063514
2316	72	2.56188831233337
4714	56945	2.56171177073323
140739	9670	2.56069591505985
1674	6171	2.56065501062167
4191	4722	2.56045073865982
4704	5160	2.56022693855655
3587	64231	2.55984750210717
6649	6876	2.5592314676862
11326	51338	2.55914930697398
2495	291	2.55805082465731
6222	64771	2.5568481970196
54440	963	2.55569242102622
1345	8048	2.55548518957446
120	25890	2.55440933490626
11031	7076	2.55417989758361
1537	4696	2.55159428261173
5245	54948	2.55012547633625
2316	4916	2.54985527948955
1281	25878	2.54980871790918
163255	339324	2.54955236530993
4720	9380	2.54918648499045
4629	6586	2.5489548001707
4697	64771	2.54889851597577
64231	713	2.5488620431817
133418	4360	2.54785229505828
1537	84266	2.54733020681696
6171	6209	2.54610337530101
11031	1513	2.54593036229476
2027	6188	2.54529103133689
1537	2806	2.54474487696043
29997	6209	2.54408148227709
1674	2495	2.54264479674546
521	6164	2.54192038975913
10379	3437	2.54149317026383
54539	7417	2.54079357512158
2316	23641	2.53965341750858
8653	9086	2.53941472559524
1327	54927	2.53860738545283
83641	8470	2.5384448900618
1345	5837	2.53826910861081
10899	54808	2.5380015502476
4729	51660	2.53781146026422
10133	201140	2.53727993774379
2806	5250	2.53653956414879
1340	6209	2.53640187933165
55280	91661	2.53577247605772
1266	1513	2.53558580611484
10398	79785	2.53408286017038
4726	6389	2.53407744449829
55278	84816	2.53377188441373
56849	727936	2.53267664074838
2805	50	2.53208505483837
25878	7060	2.53207253247524
23654	9201	2.53206073134541
23284	6876	2.53201157014394
10456	1340	2.53179676073243
4714	7001	2.53153987560896
10899	9909	2.53150935019699
291	51660	2.53113383143592
4191	4715	2.53015381191324
4360	712	2.52953580845179
6281	7076	2.52948046794257
10468	51555	2.5291269425052
713	9332	2.52765556257542
1327	4715	2.52732689688803
4729	79622	2.52730190436693
11031	84617	2.52603950433606
3689	5788	2.52518286268789
122622	4694	2.52478221561981
5315	8789	2.52477181425186
1537	515	2.52374246322317
586	714	2.52354584405281
2926	7167	2.52256041680131
151393	84513	2.52243792534162
122622	4697	2.52197620180503
10468	83987	2.52107775947787
1345	4694	2.52058074602711
80339	84455	2.51965841474666
25854	285440	2.51928572252544
1340	6389	2.51898609145828
11326	713	2.51763254428045
59339	727936	2.51747157393712
10468	65981	2.51715096173737
10346	51246	2.51641290989741
11031	83641	2.51551672990037
4714	515	2.51476215541249
1465	800	2.5137871327015
221472	64231	2.51272542805161
2180	3030	2.51253801662077
5018	509	2.51242043386561
7076	84617	2.51157968679958
158	55325	2.51067978201861
10939	283871	2.50975716253969
6156	7140	2.50972113985625
57017	9380	2.50868187640228
1134	3773	2.50813363037552
4714	506	2.50806361109061
26509	4162	2.50783851375501
124790	25813	2.5076777141505
285386	58513	2.50741810197115
1346	6187	2.50731244462025
2200	8076	2.50714167850139
6171	7140	2.50648625781922
4191	513	2.50579265667228
83987	84513	2.50511301054015
1345	5018	2.50510277233635
1436	9332	2.50394182594881
5245	57017	2.50316354897679
51375	5521	2.50313027686292
10395	22918	2.50270202777534
4726	509	2.50257452075458
2992	5688	2.50054841709222
6209	8531	2.50017115068668
10085	2823	2.50000486820078
54539	6389	2.49985293187724
3107	6890	2.49954554945146
128387	1352	2.49730314682779
123591	8789	2.49670304266258
120	301	2.4957203264284
291	54539	2.49513417220513
23417	788	2.49498618658553
4726	54998	2.49480658410166
487	7125	2.49477202696579
6375	6890	2.49436254035094
10605	9670	2.49363073927718
10398	2823	2.49340290530907
5223	84617	2.49301251400264
2923	5479	2.49255010567158
2271	509	2.49248658405494
2162	4360	2.49223281163601
151393	59339	2.49138848722809
29088	3418	2.49131954563259
4697	522	2.49005928199453
291	6389	2.48988987418065
25890	7373	2.48937614558788
79133	84134	2.48918846267916
1340	51142	2.48907928832953
4853	55076	2.48884140548444
2744	55742	2.4879330877556
10105	6566	2.48783590258674
51338	714	2.48770136969205
2806	7001	2.48655761925499
10989	79133	2.48648934998677
1340	516	2.48637911279979
55228	727936	2.48631167894819
1345	6389	2.48595875246075
1436	712	2.48592524883878
1290	7846	2.48579447425751
122622	4191	2.48482278068099
5698	6890	2.48443361375926
10468	3773	2.48277694299809
291	516	2.48240089477117
55328	84455	2.48195176344578
5160	7386	2.48098199277627
10398	59	2.48060793128302
22795	6624	2.48018001304433
5788	5880	2.47991872330388
151887	5738	2.47932160055277
10384	2633	2.47931730517479
2027	51142	2.47850207801893
2495	6209	2.47777987206917
513	54998	2.47749182867199
132671	3680	2.47614070870206
4726	7386	2.47565357329754
2923	7873	2.47504309470558
3561	8477	2.4750061457906
11030	5074	2.47221252379486
54998	7386	2.47153312872852
23399	6923	2.47140669455325
10398	23284	2.47126477470111
7917	84033	2.47095341706764
221545	3418	2.47044480546728
1537	4726	2.46828564862469
221545	6183	2.46662889348327
4131	716	2.46620752446116
6876	85004	2.46597908141126
199	219972	2.46587867518376
1327	8402	2.46576145026837
6161	8815	2.46568509283759
201140	4726	2.46501592309704
468	4726	2.46496293765572
10605	4898	2.46463892663054
4716	515	2.46374927748709
515	7386	2.46101224350623
5788	8477	2.46082108523455
513	79622	2.46076010369461
4726	506	2.46048857763641
7148	8076	2.46031031572402
256691	286133	2.46024989258775
1281	1292	2.46018363941843
2806	4729	2.45899566429083
1327	5160	2.45880409911119
2027	513	2.4587276164758
2316	94274	2.45827872528662
1465	6586	2.455323393528
3418	4704	2.45512963468186
3105	5698	2.45496167494255
2992	8894	2.45468816324298
10105	221545	2.45452242987968
1537	8402	2.45361468090428
2296	4638	2.45316721085025
221545	84134	2.45292956770452
6891	84166	2.45271209112647
56942	81689	2.45203594470542
29088	54948	2.45157178568919
4694	4729	2.45060416717189
165	7373	2.44993410800048
10133	4697	2.44938785864265
72	87	2.44922008901334
23399	2495	2.4489291014981
402778	83987	2.4487592512691
219972	7305	2.44861946792268
3001	5788	2.44767301432731
51375	727936	2.44711780826817
516	7384	2.44671979576324
51660	6389	2.44591832249863
1266	7077	2.44548149156653
1537	64975	2.44448538914248
2335	56895	2.44447537850769
4598	65981	2.44363360342069
5777	963	2.44037275542894
4729	5160	2.44015269992993
1513	2934	2.439884469191
29088	4704	2.43958766256184
4729	81892	2.43953209944761
1340	8048	2.43726421130682
4853	57045	2.43696683399072
4638	4916	2.43670695798258
50	9380	2.43640162864665
10092	60481	2.43605121284688
122622	8557	2.4354409014481
4722	4726	2.4352495219333
2271	5160	2.43507703132161
10133	1345	2.43506976728783
2316	347902	2.43478255152978
5654	84617	2.43426145149429
11151	3394	2.4341943796905
84166	9246	2.43396030259412
4494	4496	2.43344605522747
6261	84193	2.43282094223626
10384	972	2.43211910637004
4704	7001	2.43176188868676
23654	301	2.43147783464826
1043	3003	2.43146397956966
4191	7001	2.43078302541824
10398	6586	2.43071293900434
2192	2202	2.42898394664107
1513	57045	2.4286218492744
6161	6188	2.42703514222611
151393	4598	2.42690958334983
5696	5920	2.42656764799228
5837	6222	2.42564724424352
1160	54205	2.42493873763369
1327	4714	2.42357472627349
2653	51204	2.42066137662445
55016	57698	2.41997736821375
515	57017	2.41780271243975
122622	4716	2.417776251966
7384	8402	2.41686310645799
387758	5360	2.4163958594891
1346	29895	2.41600538766694
302	84617	2.41567244446627
1192	7431	2.41508167857129
1537	509	2.41503745749413
64208	9909	2.41458607744888
10379	5696	2.41418863507651
138307	90990	2.41387423250303
4696	64975	2.41375464665041
521	9380	2.41364413037314
7167	8789	2.41296925009804
10379	94240	2.41275187338567
10398	4638	2.40988987973473
400916	7386	2.40978534796864
2495	6222	2.40756735693619
55689	9910	2.40677660348081
6876	800	2.4059232324714
27067	58528	2.40575356667149
2923	302	2.40508455019797
5223	7846	2.4050382451825
79622	84331	2.40467178389409
5788	969	2.40387992675393
2180	948	2.40368186107389
10939	5162	2.40255785565158
7384	9380	2.40154279033939
1537	54998	2.40132213180695
2495	4726	2.40053123340883
4606	5213	2.40030000967594
1436	23643	2.39994130094107
54539	6923	2.39938315893635
521	54998	2.39872883794975
1346	4715	2.39847768651793
4907	9590	2.39847434444498
29088	5160	2.39758390849311
4714	4720	2.39678636770932
4715	4720	2.39639411352224
6161	8557	2.39624400844897
506	8604	2.39598487948565
1513	3400	2.39584146204774
4625	8815	2.39491171401747
388962	51204	2.39456394008683
4191	51218	2.39412234070815
2207	64231	2.39338409832363
2633	84166	2.39172947970582
1346	2495	2.39158232586601
25816	81704	2.3909262975154
59339	84513	2.39053652025038
22797	3109	2.38921762198684
3561	57823	2.38837723704784
4191	8557	2.38767704910489
1879	6451	2.38710483046461
1513	4313	2.38709090084471
291	7386	2.38706325984252
10989	7384	2.38522023479118
4714	509	2.38417118092827
145853	400916	2.38361169265182
65981	7430	2.38360091942649
1436	2857	2.3833684336248
2923	8407	2.38317560472493
2027	4726	2.38210846890448
65981	81671	2.38068167790948
54440	5788	2.38067318597259
151393	3732	2.37992176693644
6281	6282	2.37846320726816
3400	83641	2.37789934814846
5634	6451	2.37607730520103
509	81892	2.37454634792251
10712	10899	2.37452719883628
1192	81855	2.37445167248522
4191	522	2.37419192497001
4722	8604	2.37379562272689
4713	4726	2.37377979272379
10487	7431	2.37316164243095
1327	515	2.37239373892625
10335	87	2.37034533389911
7295	7430	2.3699720501077
10133	2275	2.36983969748738
4713	6161	2.36927823379906
291	5160	2.36792114401995
301	9201	2.36748250534552
1396	165	2.36650890373516
4716	521	2.36494827280398
3003	969	2.36480958264459
26509	6281	2.36394990876282
10096	2773	2.36370038015026
28955	7386	2.36132483953752
7456	79161	2.36124535464532
3106	84166	2.3603333164669
22837	5311	2.35954609558658
515	51660	2.35880686141199
51278	7538	2.35832813532132
800	85004	2.35655767482805
5160	6390	2.35506600262677
55328	65981	2.35487113789702
2823	6876	2.35468971220387
56916	9867	2.35408104506865
291	6156	2.35395495556803
29088	6183	2.35387771837546
4638	55600	2.35367514363784
5792	9910	2.35343831763241
23284	4916	2.35302723469563
2335	84102	2.35250975299398
1327	2806	2.35240871415973
2823	4638	2.35212832301476
10379	3430	2.35111315548585
4720	6389	2.35064465442249
122622	28992	2.35009098049098
199	719	2.34930006230764
1004	2316	2.34917607506651
509	7384	2.34803462576098
27122	301	2.34751628739735
4360	586	2.34645650199818
4722	51660	2.34551968162243
5890	83987	2.34543903944572
1513	4239	2.34387169703122
2212	2350	2.3430380870731
84649	8908	2.34286667731488
6156	8048	2.34245385285388
5346	5950	2.34238390851001
4131	57045	2.34060745631798
340061	83442	2.34024745653311
516	6390	2.33929471601083
8531	8557	2.33920444903894
59	94274	2.33873952537866
58191	64231	2.3374775909518
10939	79894	2.33574272927388
286133	8076	2.33513189026178
10989	2271	2.33390408997578
4162	7076	2.33333614599335
221472	58191	2.33287278203619
10989	56945	2.33258084577828
4191	4723	2.33228643722932
291	5018	2.33205962006754
10105	84191	2.33136145587737
151887	1842	2.33135261366505
1134	81671	2.33028557136101
133418	23643	2.33005253171208
2124	54440	2.32905679708107
3107	5696	2.3290283632852
23179	712	2.32834912282826
23530	6391	2.32791463238717
2805	51660	2.32757073355439
2271	29088	2.32661344408009
51375	7430	2.32601543968421
4853	79901	2.32592055717476
1191	4916	2.32536229188714
29895	6156	2.32483117440795
51389	7386	2.32479982488165
4722	7001	2.32476360494374
11034	94274	2.32468042352413
509	54998	2.32389179483203
1160	50	2.32381703559924
2	54538	2.32350724833538
1327	7386	2.32289420745102
29997	6164	2.32284012612905
3988	4067	2.32207741389374
11034	72	2.3219626569252
6188	6222	2.32138007727655
4717	81892	2.32112949244054
1537	56945	2.32004703952374
400916	65003	2.31993398649539
54539	54998	2.31927432649696
1160	8402	2.31785706920178
4714	4729	2.31754946018409
10105	6182	2.31664576799177
64771	79699	2.31588800542673
5549	8470	2.31515334366627
58475	64231	2.31433710324067
521	57017	2.31400294764868
51474	8654	2.31327360048811
50	8402	2.31320927530119
23057	79785	2.31293687841279
57017	7384	2.31257891546798
3936	963	2.31103771821211
221545	29088	2.31047079001983
60489	9246	2.30964377521557
10384	5698	2.30916907359506
63933	7384	2.30879885787576
11326	9332	2.30435417081313
1737	84191	2.30378494331652
301	727936	2.30142471640247
23129	641700	2.3010046871684
516	81892	2.30085010947872
57698	6282	2.30021964793455
1537	440574	2.29898549154392
10899	51389	2.2979951293485
301	9828	2.29745287110245
5521	84513	2.29743137641193
4708	521	2.29732071014962
5136	84102	2.29700170572695
2335	7373	2.29678153298729
3430	9246	2.29605634713462
4717	4726	2.2956707420235
4697	7140	2.29537101019159
122622	1346	2.29492489782079
1345	64771	2.29352654754903
493869	5118	2.29331945166147
1537	516	2.29291592623245
4898	54539	2.29245395624978
4729	57017	2.29225686067593
3052	84191	2.29134106101291
10561	4600	2.2911122838764
6161	9520	2.29104605891663
65981	7011	2.28998817389919
60489	972	2.28862464937929
4726	54539	2.28842409628584
3689	6352	2.28702789017427
5208	9211	2.28655386646762
6222	6923	2.28602627361332
4723	4726	2.28546983771628
133418	3587	2.28545745276071
1282	7837	2.28527833933254
4191	54998	2.28415792048215
1340	4729	2.28333923357552
5634	7412	2.2826423874334
2633	5698	2.27819116752348
23350	7699	2.27815061382359
10133	6222	2.27781072814032
199	9246	2.27739380352
302	7076	2.2771469659112
4729	5018	2.27655476714585
1436	51338	2.27651023841317
10320	5788	2.27621426601715
125228	29090	2.27561072164102
54998	64960	2.27558833329381
2027	6187	2.27494935501011
291	6222	2.27451354477337
50	516	2.27427953031467
7384	79133	2.27387568401195
4121	83641	2.2718876608621
1674	6222	2.27047411832349
301	308	2.27004851480291
3106	57698	2.26949308994959
219972	6355	2.26935572029053
2212	713	2.26825141595802
152831	5950	2.26785886839849
506	9380	2.2670055144344
1134	51196	2.26655182516089
301	6383	2.26388565212228
122622	4729	2.2632408138155
1540	65981	2.26190906189321
2805	29088	2.26109631585373
4638	79785	2.26098415202381
2634	963	2.26053727199532
4830	5223	2.2594269164072
81892	84266	2.25800292021526
4715	7386	2.25794852330121
127281	641700	2.25792210536349
124790	8604	2.25464145775632
6566	84191	2.25142674045644
11331	2805	2.2511569030055
219972	714	2.25079598064864
11031	6281	2.24989774804132
51341	6161	2.2484156860773
219972	23643	2.24833641403667
120	1842	2.24596230959989
11034	79785	2.24510078821535
26589	63933	2.24503680553209
4729	5250	2.2449674866624
23284	4638	2.2443913397469
6209	7125	2.24366432143485
6192	8287	2.24352369071444
2805	515	2.24264347288213
2806	4722	2.24194005383476
3773	51196	2.24139135696722
440574	84266	2.23868989502861
1345	468	2.23801515431713
4708	4716	2.23749262747153
143686	5521	2.2374496936557
55086	5617	2.23703406732053
400916	513	2.23651545874018
1192	8407	2.2353542454893
256691	710	2.23459013233268
143686	901	2.23383249862354
6182	84191	2.23036872400941
516	521	2.2300998893051
11031	25890	2.22948868310433
2332	64393	2.22944750777959
1346	6923	2.22822546643445
57823	5920	2.22803217888136
5720	5721	2.22729727022652
5213	5250	2.22633212615629
6832	9380	2.22626891853283
6281	84102	2.22624696143633
2633	6890	2.22620590005895
4131	83641	2.22605774480013
5837	7140	2.22568164691749
3952	5346	2.22542528230861
5738	727936	2.22500929841099
11326	199	2.22494401006759
10605	402055	2.22475152026318
29088	84279	2.22451237416784
4726	51660	2.22444045005278
3575	5788	2.22435112285769
2027	9520	2.22409400214792
5250	54539	2.22299509060303
83888	9201	2.22214365920316
25923	6451	2.2201897098407
50	6390	2.21878684905482
6923	8815	2.21858764558592
1537	3418	2.21829552059675
2027	4191	2.2181310977916
1345	6171	2.21812043365143
10487	6778	2.21591540501784
4720	57017	2.21444110719284
4478	5159	2.21392294376832
23179	23643	2.2138586723754
4921	7048	2.2131239215538
10133	5502	2.21280389496792
2533	6352	2.2122451264198
10398	1191	2.20854820887432
713	7305	2.20816416973705
4528	54516	2.20815004518633
83666	9246	2.20756793619942
3371	84617	2.20722151861046
5920	6890	2.2066361036885
1537	4694	2.20619666441331
10105	3418	2.20581472468
2805	7384	2.20556133948259
1345	201140	2.20521242633194
2021	51204	2.20384093554609
6487	84899	2.20313134274044
2271	9380	2.20213338280432
6222	8048	2.20208205963679
1340	1346	2.20127838630771
221545	373156	2.20124191433641
143686	84513	2.20065387574028
1436	2212	2.1998953469916
4715	54927	2.19688023046038
388962	4714	2.19543114490002
1513	6451	2.19526959800484
3001	8477	2.19366097735409
60489	6890	2.19324107530026
55101	84134	2.19303965221979
10989	29088	2.19216022783143
8604	9145	2.19151622800342
10384	6772	2.18964478052153
2212	9332	2.18938286984151
199	713	2.1890114456618
10288	2350	2.18837105040531
26112	2926	2.18812560328175
23213	4629	2.18776509380055
4714	6390	2.18686806477675
9540	9910	2.18530936070171
151393	6343	2.18490361977679
5105	5346	2.18477018037398
4697	4726	2.18467916078428
23399	54539	2.18414835895948
23643	4360	2.18322739067041
4722	515	2.18233434208788
1346	51660	2.18179689855948
5250	8531	2.18113121252027
7001	7386	2.18045974999457
5627	5634	2.18039419345645
29760	60489	2.18024190444267
125228	1737	2.18013269877625
1666	28973	2.17935238829374
2027	487	2.17758824654759
84191	9145	2.17635552623294
1281	6678	2.17597276052602
6187	6222	2.17583736768791
10320	81704	2.17550469506472
221545	28955	2.17504798449907
29090	55848	2.17451268369064
23643	2857	2.17397920680709
1345	4722	2.17375267985455
5920	972	2.17322286381018
2821	5315	2.17234976933759
1134	151393	2.17195474661286
56849	9201	2.17170505315523
1281	1289	2.16793443090215
4629	6649	2.16667488421792
120	23075	2.16572999576193
4958	5549	2.16524011610898
6282	9828	2.16480844710216
719	7305	2.16426328521741
221545	3052	2.16345769922575
3430	5696	2.16328952503892
3683	925	2.16274702897876
1520	5788	2.1615543778211
6890	84166	2.16011025882658
117245	63924	2.15952901127164
10320	7805	2.15880874558979
22837	26509	2.15855182436409
56849	8836	2.15792005456352
4715	7125	2.15768898638771
302	6281	2.15571321961123
55016	9368	2.15563888538443
6161	6187	2.15509170554426
23277	6389	2.15469487140864
522	6389	2.15420718634784
5093	6171	2.15409358716445
468	4729	2.15263957793506
2495	4716	2.14915297254269
5688	9817	2.148904648287
1537	7386	2.14775520426631
23641	4638	2.14750880452608
4726	516	2.14694304682576
26577	7148	2.14676891958803
57698	963	2.1463314965596
10678	60481	2.14617440053339
2495	6166	2.14547512047579
28978	2982	2.14531312473317
119559	51660	2.14525490566405
727936	9910	2.14399849638803
4628	6451	2.14249516729938
4495	4496	2.13951946930302
373156	8402	2.13899813538023
29895	64771	2.13866813532597
4239	6383	2.13860896983445
22797	3587	2.13829220396942
4697	521	2.13813109897826
199	441168	2.13782596724189
143686	5792	2.13739243743129
55604	8470	2.13724580673636
522	5250	2.13671138797691
516	5160	2.13554801909517
10468	5521	2.1316797849119
22797	5920	2.13150442606992
1537	7384	2.13113581305282
4729	7001	2.13111475754559
291	4722	2.13080770913001
3489	5549	2.13075514359426
83987	9910	2.13071844610845
2207	714	2.13030389790129
493869	5136	2.13019298636068
6209	8048	2.12912522868278
5213	8531	2.1288306444668
5792	92126	2.12832398559516
440574	4714	2.12811941162725
29088	506	2.1256502758708
4256	6281	2.12540997924942
138716	9145	2.12518232749365
10410	24138	2.12379164272029
515	521	2.12354542306944
55328	7011	2.12324370586379
4696	522	2.12200548061395
23408	4714	2.120947849032
1462	151887	2.12008704575389
26027	84988	2.12001172301162
1192	7076	2.11772146178291
5250	8557	2.11736852796665
23213	6649	2.11722242679582
4261	6890	2.11646402127332
10379	60489	2.11563696289001
6156	64771	2.11493060293786
28955	400916	2.11484625980508
1160	84191	2.11290331444355
23175	32	2.111984657375
29090	84191	2.11189066586394
23129	80781	2.11177888104291
1191	4638	2.1113308886734
301	7076	2.11086271240704
1891	3030	2.10935783810964
509	51660	2.10914977667057
3676	9910	2.10897989696961
1191	2823	2.10887021215926
10133	4191	2.10830516680098
388962	56945	2.10712814468219
3437	9636	2.10700238692609
133418	199	2.10627024282794
515	9380	2.10548134117808
29895	8557	2.105203470496
3107	3109	2.10481879564967
4694	8048	2.10365120831312
509	522	2.10329419448983
4729	54539	2.10273836835166
4704	9524	2.10205027425233
5788	81704	2.1017457443545
4696	4729	2.10055973910439
60489	6352	2.09986142779906
3159	5164	2.09955526267805
11031	4256	2.09655001705742
4714	54998	2.09638447653561
1192	2923	2.0957549872562
5175	641700	2.09572669946335
1520	3936	2.09566539573585
1601	84314	2.09526131526244
4723	7386	2.09463164556562
29088	515	2.09440669420632
4729	58528	2.0940319915154
10487	25923	2.09312979466917
301	4162	2.09302189411439
60481	8407	2.09271811826756
23589	5627	2.09187663717036
1160	4722	2.09172626443253
4714	7384	2.08859598359441
221545	388962	2.08835175896026
10384	6891	2.08824659074606
201140	4729	2.08672780977359
56942	84191	2.08548000575693
148738	8531	2.08490878987645
79622	84266	2.08341859447513
8260	9817	2.08290082972829
962	963	2.08002261993473
5521	5890	2.07827360566789
4916	59	2.07677229255872
6390	79135	2.07670526172214
727936	8682	2.07560869357655
11151	80342	2.07532077835446
4606	7140	2.07457723211078
201140	51218	2.07435341468104
4729	522	2.07399879274266
199	6890	2.07318930415765
3689	54440	2.07303186928851
713	719	2.07207125241239
3109	8542	2.07162130985229
1879	25923	2.07103701206147
2271	9131	2.06896736760872
23194	56895	2.06845646289936
5479	8407	2.06795424592286
10384	3109	2.06776162621879
56945	9380	2.06758554358466
59	6876	2.06580137158808
10085	4629	2.06555580363402
513	6923	2.06507206909392
57215	9909	2.06468673569789
11151	3683	2.06394108846861
2335	4628	2.06268128758765
5688	8260	2.06228633918959
2335	6451	2.06145315759428
5162	9524	2.05963861542254
2212	7305	2.05932115238237
3561	5920	2.05785992297173
6156	6923	2.05726003822691
128387	83606	2.05661886078688
152330	6649	2.05590050805467
51341	6923	2.05584538791142
199	221472	2.05412331379658
10085	23213	2.05302844394217
55742	83892	2.05239092744345
6275	83700	2.05224292101126
10133	6171	2.05153702318418
4720	515	2.0505626601701
23399	2992	2.04945236804048
5093	6261	2.04662667250847
2533	3683	2.04580332462484
28973	64981	2.04517722568266
4696	84266	2.04494065653575
1845	7979	2.0448406343079
563	63924	2.04457055943806
513	7386	2.0442854864442
2926	8604	2.04408475017795
25890	6275	2.04382439312352
4729	51218	2.04375272832637
4697	5250	2.04284923846549
2805	509	2.04223490708417
5721	6890	2.04163495879813
4708	65008	2.04157525319069
143686	51375	2.03996815136012
2212	64231	2.03988667901357
301	302	2.0397586405305
3683	969	2.03973153944454
10434	1737	2.03922521401149
28978	60481	2.03859567781614
301	6282	2.03796858729308
57708	9181	2.03768837943829
1160	4714	2.03517197993393
51001	51603	2.03505047216289
4694	81892	2.03469077042934
22837	8555	2.03437522180147
1030	1946	2.03402220814936
51142	521	2.03201204022918
2202	4257	2.03185350842134
1540	9910	2.03156103095347
4714	4716	2.0308112221256
10899	64208	2.02944502905774
2021	7384	2.02931528234569
2021	50	2.02851336692062
29088	5245	2.02701719385412
219285	94240	2.02676512337887
5311	6383	2.02350548033352
7805	963	2.02331454767579
4713	4716	2.02071092947627
10320	3936	2.02059884274127
5224	8789	2.02046152387491
10384	5696	2.01904938266463
513	54539	2.01887976690535
1674	2992	2.0179284232765
54808	64208	2.01774393025834
513	521	2.01753921324081
145853	65095	2.01633742103482
10184	79901	2.01601986956524
4855	54538	2.01593709991955
1004	1465	2.01537999139854
521	6923	2.01494438138169
5160	54998	2.01439078462299
10133	1346	2.01399581063914
1192	2012	2.01382453141652
10456	291	2.0135155659516
6281	633	2.01320896738813
10939	5127	2.0129641541635
3732	9201	2.01211519312984
1327	4729	2.01029380225637
5837	6188	2.00982738621009
122622	6222	2.00845686466519
291	51142	2.00737867167167
2271	7001	2.00642951322967
9111	9246	2.00631947879765
387763	6876	2.00580797513078
51375	59339	2.00552832396301
440574	51660	2.0047232905941
4191	54539	2.0040023646506
1513	960	2.00355075983721
54948	57017	2.00326752661711
1191	23284	2.00283804298542
4810	6876	2.00243175833462
51204	6183	2.00217730569882
1513	23179	2.00042118181371
6164	6923	2.00005482188369
11326	3587	1.99964505452772
302	6282	1.99774584969088
122622	5502	1.99728014144438
4191	4697	1.99631844734133
54998	9380	1.99626529342672
1537	29088	1.99514098680876
712	713	1.99484714683877
5696	8832	1.99400285025422
54510	91851	1.99230505195065
633	7373	1.99078133647713
23654	727936	1.99049306392742
400916	84266	1.99037592197399
5654	633	1.98983103169131
10456	6923	1.98941904741754
64102	6423	1.98874325334784
122622	1340	1.98852942878297
2982	2983	1.98764000851423
11188	65982	1.9872710191948
5886	9322	1.98713418807906
57045	79901	1.98705314035478
1345	7140	1.98681187617158
1902	2012	1.98565955175156
4598	5890	1.98489164357082
1345	54927	1.98456353902504
1345	6187	1.9844975357524
1284	6624	1.98433731390858
291	64771	1.98224393929618
4723	516	1.98143225632151
23439	2651	1.98066876121544
291	6164	1.98059962927056
23213	4886	1.98012413869894
522	8557	1.97849323323268
10456	4694	1.97818967148347
4625	8736	1.97817289518814
291	79622	1.97762318831376
3773	51555	1.97725134472611
1303	1634	1.97554366976583
1537	57017	1.9745948862493
6352	6890	1.97289576212165
6281	7431	1.9728008869289
2316	25923	1.97277257460684
28992	4191	1.97262430823283
6161	6261	1.96916707693673
151887	23654	1.96871783517025
11031	214	1.96811334538727
11331	56181	1.96801931014746
51142	6161	1.96796120252322
509	6390	1.96726773120993
1345	51142	1.96656721870236
199	714	1.9664577859992
10094	29902	1.96524047337137
283897	5788	1.96492189745883
23399	4716	1.96483794411647
3134	5696	1.96372952209083
203	2821	1.96228346496977
342527	5255	1.96104937005988
468	513	1.95934073179977
5162	54516	1.95922694168904
2027	5093	1.95782389359366
9246	94240	1.95752349246577
4726	51078	1.95745898730533
2495	8557	1.95729179520734
56945	6389	1.95631264491299
8604	9524	1.95591421848734
7076	727936	1.95503992062089
10379	6772	1.95432290588801
4697	79699	1.95408304013429
133418	714	1.95331324977339
4121	894	1.95285418771994
2934	307	1.95281974409141
4729	84266	1.95186970005507
2335	6277	1.95159784235149
10384	6890	1.95139506080415
1282	22795	1.94965830226519
2934	301	1.94877864044926
29088	54998	1.94865204580217
10487	7188	1.9459280430538
2805	4720	1.94586238272582
3394	963	1.94569152443983
10670	57409	1.94518919395664
114905	6451	1.94443111900931
10320	3561	1.94369972599225
509	8402	1.94318919189738
5311	54510	1.94238602088228
143686	9910	1.94108268868849
797	84455	1.94084055487933
1436	23179	1.93945444634502
5837	6156	1.939222901977
284723	847	1.93756498932444
28989	84266	1.93668203360587
143686	151393	1.93659645955507
50	57017	1.93609408762191
1513	5311	1.93459936612706
11031	1396	1.93388379974803
23643	713	1.93351486418251
4599	4600	1.93191701175651
3936	5880	1.93179186649724
1917	29997	1.93128266037358
2787	64975	1.93058357957965
4708	4713	1.9302095289538
1278	301	1.92998295716626
132671	3773	1.92983345501351
10468	5792	1.92965097324097
140739	58528	1.92948668877214
57017	8402	1.92712407903861
291	81892	1.926475664837
1674	6161	1.92594851816481
5562	8939	1.92587224786036
2335	6281	1.92547947049248
1436	199	1.92544979546931
1465	347902	1.92538861336129
3683	81704	1.92485707391071
4715	4726	1.92417701388224
5136	79901	1.92414155935241
521	81892	1.92412795248489
7430	81671	1.923425668282
51196	51375	1.92335674736476
2027	6164	1.92298191703016
1537	400916	1.92233477955164
112464	1290	1.92195893551026
3394	5788	1.9219183750572
25923	7431	1.92133712738587
3001	6352	1.92108762152561
3773	55228	1.92030152324217
7846	8483	1.91943664242871
28989	4716	1.91932279810751
56833	5698	1.91929434566545
221545	79133	1.91890744048687
4598	55328	1.91862954522963
51660	5250	1.91782819547405
5788	925	1.91742938512673
515	7001	1.91733188569535
57017	81892	1.91709661238699
11034	4638	1.91641213870522
132671	51602	1.91622533833234
2202	4256	1.91516763724146
28973	6182	1.91226157277975
1004	1909	1.9106249880152
4716	5160	1.91006275926992
1327	1737	1.9098520078672
4722	9380	1.90808403100844
6375	6772	1.90778889866165
51338	7305	1.90664567569634
5696	9111	1.90650182837643
27436	60481	1.90636089166398
1436	219972	1.90373285364897
2634	6352	1.90347519486649
5880	963	1.90334382767206
11031	139886	1.90240791616257
4729	9380	1.90053424485812
118788	65983	1.89913426897528
117245	5346	1.8990329627044
11031	302	1.89837626298156
57823	963	1.89701711328357
6389	7384	1.89688788544528
219285	64761	1.89677903892005
506	8402	1.89375703453551
64960	79085	1.8937569984324
5160	8402	1.89369235662222
4713	54998	1.891651914715
1134	51375	1.89028906155408
3773	51375	1.88969134325874
23171	29995	1.88966985212901
1134	9201	1.88949523955649
54440	6352	1.88903942434744
506	7417	1.8889334307908
4716	54927	1.88883210126382
1396	7431	1.88682903939365
5920	963	1.88656137055488
54998	81892	1.88579462289143
23643	51338	1.88554746122996
4729	506	1.88507134109634
487	6222	1.88479474750467
118491	54332	1.88416676498648
5360	586	1.88380636998445
122622	6261	1.88313048932069
7305	963	1.88240637173713
5018	7386	1.88228231468406
114905	2316	1.88207218909183
27067	400916	1.88164972362185
440574	516	1.88097667172946
28978	800	1.88090065285229
115908	7402	1.87999638725417
6390	81892	1.87980194927506
3433	3437	1.87920007555082
4696	4726	1.87734683930234
26112	7167	1.8767933329234
10456	5439	1.87581945858149
10398	348093	1.87548907306762
6389	81892	1.87286657992939
4261	9111	1.87269306790252
1340	6187	1.87192286084621
1327	522	1.87149777786885
6183	81873	1.87119901124893
5892	79691	1.87020914450616
3959	57698	1.86953663550586
122622	4713	1.86821642703727
10455	440574	1.86771607300044
5950	8908	1.86685447848768
3587	714	1.8657118266686
60481	800	1.86568138059714
79785	85004	1.86468415311245
4704	4720	1.86453723622641
118788	2124	1.86370439577071
37	5164	1.86294401494004
6352	864	1.8620655750239
1160	125228	1.86129683036305
4162	5654	1.86107181671034
2627	8470	1.86084926804616
118788	6352	1.85992441271025
4720	4722	1.85868337226295
2021	6389	1.85839589779137
55228	84707	1.85811254427116
1345	54998	1.857823609572
2934	5654	1.85690065490177
23213	79785	1.85491815555658
1537	51218	1.85488456194958
112464	1192	1.85426554691464
10398	23213	1.8537886089203
4694	509	1.85347441615245
27122	633	1.85260824005821
29997	6161	1.85204865020219
114804	84232	1.85154903350926
64981	84191	1.85018182966823
65981	727936	1.84967442715896
5360	929	1.84965706956222
133418	2857	1.84961416585426
120	4853	1.84917429022122
199	3109	1.84913161020085
29078	50	1.84860685295091
7384	81892	1.84859880864419
84168	8555	1.84857312994482
1346	8048	1.847639948465
4715	7140	1.8465120793955
2633	63901	1.84615103924276
1674	6209	1.84610923216139
3122	5696	1.84244599309536
4921	894	1.8424128662165
1345	4715	1.84182444913838
23284	5074	1.84157952480799
400916	440574	1.83928839359573
387882	9211	1.83920390472537
521	6161	1.83896258524851
6352	81704	1.83896116850392
51204	7384	1.83865152609882
4629	94274	1.8384975836304
3561	3575	1.83773105164222
6039	64231	1.83757911824245
1513	83700	1.83747138990654
6355	64231	1.837321243532
122622	9322	1.83669403722887
2162	51338	1.83463481790276
5654	7076	1.83416743485853
59277	84168	1.83292463105818
123920	1601	1.832504086971
10123	3676	1.83237251256498
1282	6624	1.83216667061242
118788	133418	1.83191456161734
10989	9145	1.83125601925157
118491	163255	1.83119949107747
2162	23643	1.8310890174407
1340	81892	1.8310061168704
3430	64761	1.83090587957289
25890	301	1.83038745664506
5230	53344	1.82923117444813
1278	3910	1.82854211583894
51603	9670	1.82794613350421
3708	4162	1.82739866762768
29088	4720	1.8266694454486
29895	5213	1.8260618680585
203	4606	1.8260240151319
286133	2934	1.82400626515355
57205	81704	1.82378916766212
23399	79622	1.82255416066361
5175	9771	1.82194768925496
11326	712	1.81965291258473
10133	2495	1.81869442183274
51341	6209	1.81833063708759
4726	5160	1.81810149005696
1513	5654	1.81719645648898
11034	800	1.8168643943513
199	9332	1.81652127947832
221545	80772	1.81587221049816
2027	521	1.81542243661854
23399	4694	1.81365419945183
120	55076	1.81292743804927
506	63933	1.81292184660305
6649	72	1.8111213157965
5890	65981	1.81019838482844
10579	80318	1.81009477164832
2065	3773	1.8091936868873
1520	2124	1.8064506163465
10379	2633	1.80613016800479
4697	6187	1.80597006282351
1004	800	1.80595182980098
1288	51339	1.80529375497954
56833	6772	1.80525301384793
3135	5696	1.80496851856707
6923	8048	1.8044522665589
4716	64960	1.80397941901854
10085	5649	1.80107485432891
2207	7305	1.79889948119592
151887	9828	1.79873545404527
1513	5136	1.79658320814178
4722	6389	1.79630407129658
1160	1345	1.79461235996961
23284	4629	1.79446855582552
3418	9145	1.7943482820266
2021	7386	1.79391984666088
201140	468	1.79386304940705
1805	4239	1.79352538766259
4289	57602	1.79337007422121
6451	7412	1.79285322814833
2271	4714	1.79274633574945
55328	83987	1.79261173737578
1296	5549	1.79207372977115
4697	51142	1.79091292182817
157869	4916	1.7896196932999
1465	87	1.78949617948418
1513	387758	1.78926058965708
51204	9145	1.78910559037784
125488	60489	1.78859382187958
516	65008	1.78848636546348
1462	727936	1.7878642743003
4717	516	1.78772887289833
72	800	1.78736878501137
3437	9246	1.78721906623979
1674	54539	1.78623790903049
5311	83700	1.7859750959075
24138	51246	1.78317600801976
55228	83987	1.78306185919252
6282	84617	1.78305579121467
4726	5018	1.78118793284092
2533	7940	1.78095953675531
285	55328	1.78038645520267
4638	4810	1.77917507980015
256691	387758	1.77864527714553
7430	84513	1.77836215404667
23246	5442	1.77589351326743
4921	6451	1.77570153424846
2533	54440	1.77556191289302
716	83641	1.77449184855181
4121	4256	1.77409830154897
10579	148738	1.77380820732409
1462	6281	1.77296218134025
54539	6161	1.77276407773588
10133	6923	1.77181506597586
4214	7220	1.77175867489373
116071	5696	1.77114918904534
6166	6923	1.77112048781218
11031	1192	1.77104009703074
10133	291	1.77076979053373
2992	54539	1.77076872579014
3613	64208	1.77000559119551
387763	4638	1.7696906121112
51555	92346	1.76950765796739
6389	6923	1.76947810673172
10899	402055	1.76906154810143
3418	51204	1.7684910125146
513	6188	1.76629007200868
2271	7384	1.76618165817266
4716	509	1.76558839878454
402055	57215	1.76545909660684
8260	84331	1.76457457928647
1513	301	1.76436640329701
199	963	1.7642919773566
1340	2495	1.76392930838517
4716	51218	1.76379359997123
3122	3561	1.76331304826685
400916	51218	1.76296879750245
440574	51218	1.76258465500546
3561	3689	1.76242629910594
29997	6188	1.76106397626501
6772	9246	1.76049632721128
513	81892	1.76020510106367
4694	79622	1.75979638496393
4722	521	1.7596872774366
1192	84617	1.7594054225745
1346	79699	1.75899216696631
57698	6890	1.75816423156318
291	2992	1.75402633480185
2195	5136	1.7536720840405
51361	70	1.75339441730587
10410	51246	1.7532399970382
83666	94240	1.75314837148314
516	54998	1.75296083033815
151887	6275	1.75227352331091
58475	9332	1.75206299138657
221545	54948	1.75166422057325
4915	5549	1.75160152698019
2823	4629	1.75075366901275
6772	972	1.74967145905224
134430	55284	1.74967051429657
2857	714	1.7482699464246
301	55742	1.7462044163586
7347	81873	1.745383579025
2335	7048	1.74498188699371
521	8048	1.74482642820406
4638	6586	1.74468221981397
203	5315	1.74435034199285
64771	7140	1.74352639285967
5223	8682	1.74272879550679
1036	4257	1.74157524918232
509	54539	1.74155850209754
347902	91851	1.74128736411475
3400	4131	1.74103607723084
270	6261	1.74081456102548
6390	9380	1.74027062261904
4628	633	1.73799066058463
1534	8407	1.737816887336
2027	468	1.73773042145831
4694	54998	1.73759422549146
1345	6188	1.73753699563346
5629	57644	1.73518773342893
291	7125	1.73509628460725
1513	4256	1.73504369185568
10456	6188	1.73280535094434
301	633	1.73231853386411
25813	8761	1.73227579881273
1879	4638	1.73108094999282
109	7048	1.73096701587924
5250	7125	1.72968806867387
54205	54927	1.7293376683194
29088	4729	1.72900056026411
57136	929	1.72896732884536
151393	92346	1.72846755131804
5160	56945	1.72834229776201
4360	7305	1.72816303977784
2633	3109	1.72681932867613
4723	6390	1.72660328564441
522	81892	1.72578604206684
28992	4726	1.72557886678858
10133	5886	1.7252787643921
3400	57045	1.72483604629531
139886	4131	1.72466918274995
487	6156	1.72430592869566
2764	5587	1.72402229873767
5093	64208	1.72351497787943
3988	58527	1.72248938218827
1345	79699	1.7216068460059
5346	84649	1.72102965110925
151887	6282	1.72043371027436
5160	81892	1.71996690961419
8402	8604	1.71926238531944
468	79699	1.71919504093373
8402	9380	1.71916836499026
1346	9520	1.71856016652118
4628	6281	1.7184595963237
10335	11034	1.71828419169747
10320	3575	1.71753718450401
2533	3561	1.71604018013708
4606	487	1.71471260027605
199	6282	1.71469104529059
4915	6423	1.7145754057979
1513	2195	1.71443766138759
139818	7048	1.71354741998548
5577	84649	1.71278455768496
4121	57045	1.71128049098761
400916	54927	1.7096429157307
4131	4853	1.7096325621188
4313	5118	1.70734102668184
157869	6876	1.70714070897795
506	5315	1.70606158865177
5358	857	1.7058890460155
116835	90952	1.7049908476969
112464	9828	1.70445885178833
1277	1292	1.70310018358543
28973	84191	1.70307248712598
3936	8477	1.70305889852818
1285	1286	1.70292321444044
1345	2495	1.70244287043985
1666	373156	1.70129878346549
132671	55228	1.70113917865051
2212	929	1.70016364385833
118788	54440	1.69989595866998
2202	23213	1.69986017178165
515	81892	1.69947484039733
5696	8542	1.69943529033117
51318	6182	1.69808543009961
6166	83608	1.69729487716644
3988	8407	1.697008403994
11167	4239	1.69556072907542
11030	858	1.69539235299031
3105	972	1.69515104071407
3052	51204	1.69385023079591
509	516	1.69340245784913
4191	9145	1.69337881376271
201140	291	1.69324481855828
10398	63976	1.69312062651814
1282	4017	1.69282683687594
10335	72	1.69208646993811
51078	6389	1.69160105562375
4700	4722	1.69151513053294
1340	468	1.6913953888619
23417	847	1.69119202684108
1674	6261	1.69092168431122
4729	515	1.68844897215516
5837	7125	1.68708975830774
291	515	1.68581059976872
11326	1436	1.68573636771158
468	51142	1.6856781053061
4726	6390	1.68554609710773
963	969	1.68228372073974
2271	6832	1.68214966213352
3903	9246	1.68199101061453
1038	4257	1.68089766691993
4694	8815	1.68060675240591
2021	4191	1.67908287200604
112464	5479	1.67827893398187
219	7386	1.67774736276807
4694	65008	1.67761253441964
2533	4069	1.67719232691543
28955	4726	1.67704008698488
1191	6649	1.67689631546518
4697	54927	1.6764621700114
7805	8832	1.67608825224363
387758	4239	1.67522707144191
221472	3959	1.67441864610828
6209	8815	1.67414892922986
219972	9332	1.67366410637278
51660	521	1.67326067049789
4162	6281	1.67264013600223
4717	57110	1.67255342785704
4729	6389	1.67251228919648
7001	7384	1.6696642245145
3001	57823	1.66870180826564
727936	83987	1.66776975315906
2180	788	1.66748785702283
10335	800	1.66726219954806
285	84455	1.66717699126852
1160	440574	1.66634955725646
388962	4704	1.66629408506997
3003	963	1.66575806402064
3773	84707	1.66371729092997
4697	4716	1.6634112390915
199	6355	1.66307943678662
56851	7965	1.66268256367311
11331	29088	1.66112677531447
4697	513	1.66081692840209
28989	4696	1.66015981785109
7011	83987	1.65953025370165
6389	6390	1.65812228077666
10989	4723	1.65623854381768
3683	3689	1.65531036828214
4723	51660	1.65497955943268
2212	714	1.65242878276755
125228	6182	1.65240692252838
2271	4722	1.65160077004187
4716	506	1.65025456434219
5224	7167	1.64904141585713
10605	10899	1.64856123950015
11031	6282	1.64664840948282
307	4121	1.64613833037284
5311	57045	1.64566097930435
63901	9246	1.64474651783887
1134	51555	1.64471160183626
112464	3988	1.64440928234467
56945	84279	1.64326281681085
151887	9540	1.64319528519163
4697	4715	1.6426932738585
10335	6876	1.64266778273521
4726	57017	1.64252904221642
10133	1674	1.6417073060261
25890	3371	1.64168996117315
5648	8604	1.63991294237954
506	7384	1.63988044157596
56945	9131	1.63955849507637
54927	8557	1.63940338003024
727936	84513	1.63939076838853
6281	7048	1.63901481472573
1356	716	1.63837947162137
1278	84624	1.63807648152928
145853	51218	1.63618674147871
23179	4121	1.63611049443505
51318	6566	1.63604094634205
57129	6390	1.63595837422937
2195	283298	1.63499318069403
3561	925	1.63444550706758
2999	3683	1.63370139679291
513	51660	1.63308636490211
5093	6209	1.6330327271652
2806	400916	1.63176687952636
54998	6923	1.63076598328118
163255	7769	1.63006568505893
283298	6383	1.63004851316105
57017	7001	1.62869106378498
2787	51218	1.62854808331576
55742	5587	1.62827240461391
83442	8407	1.62758375738219
5018	85437	1.62749235367595
10095	7412	1.62731475679064
10398	387763	1.62691129510467
1345	522	1.62686973754019
5118	7077	1.62604123448909
7043	8682	1.62441570213504
23408	8996	1.62439374673594
1675	286133	1.62425994173664
152330	6876	1.62361217544967
4723	522	1.62355863080652
4726	51142	1.62224300565072
1284	22795	1.62074480608654
8192	8894	1.62056121795862
3003	3561	1.61991235264388
3111	972	1.61972247653116
3400	5311	1.61842041574565
1346	7386	1.61828878106738
3394	3561	1.61811811433418
151393	1760	1.6179312303026
10468	92346	1.6164365798722
10133	6156	1.6163773599787
1737	6048	1.61603099564245
29995	8557	1.61442773318247
84134	8996	1.61383966034175
800	94274	1.61305622355056
10085	4916	1.61283127886778
1026	84455	1.61222186761915
2934	6281	1.61056307037194
4916	63976	1.61002751599969
515	8402	1.60917889322192
152330	2202	1.60885717132171
3001	3003	1.60739214926063
5696	64231	1.60669754134109
11119	80833	1.6051356826477
1674	2318	1.60507222065362
29088	8402	1.60440811035565
7284	7417	1.60315175450145
1192	64834	1.60297486910281
2805	4191	1.60289185948634
1513	9590	1.60258010211876
84215	8836	1.60202335686552
54927	7386	1.6017925820246
6391	83606	1.60137766330541
54998	84279	1.6012875181019
54998	7001	1.60058677449082
1281	6624	1.59923981837079
1340	6222	1.59861906260564
7011	81671	1.59840479447002
4720	521	1.59718183261386
1277	1290	1.59660057225801
4704	4722	1.59597610536904
22837	4131	1.59496171753812
199	5696	1.59493625324985
283298	7077	1.59463525195947
3952	4257	1.59298330071064
5160	63933	1.59194929405955
4696	6389	1.59189899064011
440574	50	1.59178782351515
84939	91750	1.59144875809662
2332	57708	1.59139916864108
151393	3676	1.59104189990167
55742	7076	1.59088957243142
301	389432	1.59041245501034
2806	54205	1.59017660992609
3052	3418	1.59016324317126
1345	400916	1.58998077941383
10085	6876	1.58953112283039
26589	7347	1.58941057629155
10950	120	1.58906440668159
133418	2350	1.5878716449874
3383	8542	1.58783382432651
51660	8402	1.58754860687345
72	79785	1.58723340950532
1601	5738	1.58655245723414
2316	87	1.58576382893388
4696	50	1.58564702261062
5792	84513	1.58547645981071
219902	727936	1.58525694451265
4722	81892	1.58480742564437
10516	4360	1.58473528488154
6586	79785	1.58453043822188
7077	9590	1.58407265392176
7386	8604	1.58402482945771
291	522	1.5838350212728
4239	5311	1.58324515033405
64960	8894	1.58312265320119
5627	60481	1.58247592959657
373156	4704	1.58246117916448
2335	5136	1.58233525643069
5162	8604	1.58177843742496
1462	6782	1.58153022132333
6389	79622	1.57992788913907
11167	1462	1.57912395660833
1845	2926	1.57802309718743
10989	6389	1.57740573061313
23406	80709	1.57726233895435
10605	57215	1.57619430324974
1513	6383	1.57504253068386
5950	84649	1.57454286262486
1352	728568	1.57382504459802
402778	84455	1.57301536794563
139886	894	1.57139356306984
54539	9909	1.5710540810084
2806	4704	1.5708843053042
199	6352	1.57025548351315
2495	6156	1.56905383592582
308	4162	1.56756503340981
8287	8653	1.56737844128409
54440	969	1.56664750506047
3394	57698	1.56494841242235
5136	6275	1.56457959815381
199	972	1.56370001897879
3418	388962	1.56369348392199
1346	509	1.56238930093844
1513	7431	1.56214370103994
25932	7188	1.56210938636347
1465	2317	1.56155568502872
112817	3248	1.56102869923199
23284	6586	1.55994157356801
1303	8076	1.55961252004607
126306	85366	1.55920713509069
2992	64960	1.55810379559096
1340	4716	1.55747691228554
5792	727936	1.55622763096853
1160	5160	1.55570809263746
7430	9201	1.55554167352065
3107	3135	1.55508015392765
3109	9246	1.55450705819264
712	929	1.55381013794691
28989	440574	1.5536564616727
1521	3002	1.55357441985388
8192	84331	1.55286701858979
6923	8557	1.55285353636507
147138	6352	1.55246284713521
1809	51778	1.55088811731222
4714	522	1.55078056039947
29088	4726	1.55022831084905
1520	23406	1.55021759759388
23207	2873	1.54991631570627
157869	63976	1.54991022782526
10159	2934	1.54986615501807
4723	81892	1.54904405229418
5738	6277	1.54755898169712
4921	5577	1.54680108977263
301	9910	1.54630676883412
2992	4726	1.54551019912049
114804	5886	1.54544632632506
2207	9332	1.54451699056065
1396	8470	1.54448163390181
122622	6188	1.54399781575874
2027	54539	1.54361457018801
6624	7837	1.54351650934713
54516	56942	1.54292062938275
11167	5118	1.54254316413665
7846	8910	1.54239619881976
22797	942	1.54214437525182
2823	387763	1.5383212729014
4697	5837	1.53819845799094
11034	6586	1.53751651926715
2027	8048	1.53592575254732
10455	51218	1.53527035504947
23417	3030	1.53405668239642
6451	7373	1.53389499562447
9513	9670	1.53357209682189
22837	3400	1.53310217564741
1278	302	1.53157850882667
4256	79987	1.53141450308436
7699	8880	1.5289283588551
23513	26015	1.52876168033006
480	54332	1.52829183373259
51246	5420	1.5274960142238
28992	5886	1.52681499442054
3376	9670	1.52634102326487
4313	6275	1.52588686116511
23641	6451	1.52521688264658
23630	284013	1.52507429269844
4716	4723	1.52239960787337
347902	6876	1.5222655322
5212	7148	1.52082770882674
1513	6281	1.52062000191369
3910	7837	1.52006104295651
10290	11346	1.51988274141693
125228	6566	1.51706128725372
3554	4638	1.51622267910555
2335	633	1.51598036626924
1346	54927	1.51583989722244
285	7043	1.51578675292486
51218	64975	1.51572825607003
1346	5837	1.51494463954317
7167	9524	1.51455717490591
3419	84134	1.51419651331042
29078	6182	1.51369881642721
1340	509	1.51302617399606
4131	55076	1.51302467289973
4726	7001	1.51098877638689
23408	29088	1.51089747442752
8470	960	1.5106479691835
412	65981	1.5100947211548
1043	3575	1.50991687585657
5698	6772	1.50991511940957
6188	6923	1.50949521858609
2533	3003	1.50922113665572
10105	4704	1.50893152334672
10133	6161	1.5070903012438
3176	56829	1.50614705185695
112464	1534	1.50514244481132
4713	6389	1.5039517873769
1674	64208	1.50375567791971
28973	3052	1.50370547171678
6451	7048	1.50294334855061
1462	5738	1.50280852283475
5521	79633	1.50234161602475
29090	3052	1.50170246797069
2012	5118	1.50125985207237
1674	1917	1.50081256101036
4696	513	1.50041443451658
57823	6772	1.5001392310505
23406	7805	1.49980715188449
11151	81704	1.49949561110185
8395	84513	1.49900480630964
2318	80318	1.49835881205811
6923	9817	1.4977530350134
3105	5696	1.49750520082934
221545	2653	1.49663756939575
4046	727936	1.49470877345129
253512	7321	1.49307365645645
3400	4958	1.49301795406225
124790	7386	1.48996288194
11096	8076	1.4899598908416
10678	4478	1.48928856017878
3430	3437	1.4892597736205
4723	4729	1.48885461072212
4131	55742	1.48758218165498
55603	64393	1.48579576817413
5245	57129	1.48495578490911
400916	54998	1.48442708541012
4191	515	1.48432117750026
1160	1737	1.48424337910042
2104	57644	1.48400437411845
79135	8402	1.48286548139551
3003	3689	1.48277068736421
1134	55228	1.48236723516157
64231	719	1.48163869467007
23380	7430	1.4799519530515
400916	84191	1.47961501417319
4696	51218	1.47891321447729
1346	54539	1.47859458125266
5160	5250	1.47856925546387
55699	79004	1.47717950906015
3109	3937	1.47691976178393
4714	4726	1.47687349467696
4716	516	1.47523101043464
2021	4696	1.47516229462707
5245	56945	1.47509223627362
1397	55742	1.47315306304798
2027	4715	1.47292659577564
4646	6541	1.47208648479046
3936	7305	1.47053597132363
85236	9910	1.4704851930651
23392	4898	1.47043407211134
133418	219972	1.46901598353551
4694	522	1.46893959555734
7140	8531	1.46892643257747
4261	972	1.46837326599024
50	515	1.46806126235432
10678	30846	1.46766475885464
387763	94274	1.46707001321335
10591	79724	1.46654333977999
151393	9540	1.4665257025186
51196	84513	1.46612552158039
516	79135	1.46464144806007
51617	55885	1.46449537466767
4716	51389	1.46261376375527
25890	4130	1.46217906963802
2806	51660	1.46196510863991
11031	7431	1.46133511233087
7001	8604	1.46066854711064
4704	509	1.4605783989848
11031	3371	1.46028693935669
516	6389	1.45898021837467
1160	3418	1.4580353507213
11031	25923	1.45797655127469
51338	58475	1.45684415783162
6282	84102	1.45622940142167
10123	3732	1.4557532652305
100131801	10589	1.45528869063861
25890	4675	1.45475283702621
5890	84455	1.45386106128831
493869	6275	1.45359086632196
1134	65981	1.45291825800536
5223	7076	1.45282793288764
152831	4257	1.45243547971052
1266	800	1.45169840518945
11331	51660	1.4505331012693
1327	6389	1.44977250238753
221545	5160	1.44942649585941
6586	87	1.44872156070979
1513	4121	1.44818669974124
23179	65983	1.44748215205189
133418	713	1.44741442518041
10487	3988	1.44705065819647
4313	5738	1.44699658536697
23380	7295	1.44660979417377
2495	4697	1.44601073837654
4726	8557	1.44498802944752
23641	4131	1.4430874342876
1537	291	1.44286638782295
5698	969	1.4428583787543
10989	4528	1.44281752377092
1513	7077	1.44248329421725
2271	57017	1.44094305882814
5118	6383	1.44051151410338
64333	80342	1.43964355308532
57215	84033	1.43898592711784
1737	2806	1.43879157852146
4714	6389	1.43810280340923
1462	6282	1.43759662057531
151393	56849	1.43734276839075
3936	6352	1.4369055726586
25923	28978	1.4362703977372
6876	87	1.4357548609941
1327	5250	1.43557455815411
3561	969	1.43419462365836
57045	83641	1.4337410215669
3428	7048	1.4336840645856
2633	3107	1.43341554445452
1737	54927	1.43282954138346
7386	9145	1.43235338305363
586	712	1.43227913151171
9201	92126	1.43128657748834
2926	84191	1.4304648041801
1346	521	1.43038120850931
51389	58528	1.42980499307948
4696	51660	1.42924345299181
3109	4261	1.42911910285617
2232	3773	1.42785845701248
1289	6678	1.42768420066236
4915	57045	1.42759366959129
3939	7167	1.42752386504978
10989	4722	1.42620725644313
1043	3394	1.4250692245879
6222	9520	1.42460550189118
4069	6352	1.42417857638821
6187	7125	1.42408341461392
3371	7057	1.42380580024591
2633	6772	1.42375786654828
64960	81892	1.42372375958215
509	63933	1.42308453734863
5250	6389	1.42284089155477
112487	2332	1.42272446214616
5777	5788	1.42215078731108
4638	5074	1.41945319930116
55603	65981	1.4187027820716
28992	8789	1.41767962177
165	2316	1.41718666520698
221545	81873	1.41622566490212
139818	7045	1.41617052820839
1674	8557	1.41563591270775
1674	6156	1.41547627336367
3418	8402	1.41509397327712
219902	9910	1.41496019635467
359948	84159	1.41354497198123
4283	56833	1.41316432352089
521	6209	1.4098449637141
54539	79622	1.40973539577199
727936	7846	1.40960158301799
3394	55619	1.40924857387124
1513	54510	1.40859326716479
5698	8542	1.4080503146306
1327	3418	1.40735404255813
25890	4131	1.40691848574579
80339	83987	1.40639654944352
139818	84102	1.40624868803755
5250	6171	1.40522096162894
214	2195	1.40491383762454
219902	5587	1.40438033660933
7076	84102	1.40399011485818
23643	56829	1.40294588938668
25890	6423	1.40216497115326
1513	84314	1.40190088794244
25923	60481	1.4012781239601
1192	29015	1.40082575687818
11034	55604	1.4005912022733
143	84166	1.40020049314768
51375	81671	1.4000020461135
4722	5018	1.39902164144329
26509	4131	1.39783145706635
5837	6187	1.39781498970362
4715	515	1.39661838680894
387758	79901	1.39647756109333
2550	25865	1.39600346241104
201140	4191	1.39549373856766
133418	2212	1.39526047860937
182	1909	1.39473682599438
1809	2651	1.39459420254936
727936	8483	1.39444121920428
10263	2923	1.39417384092868
59339	7430	1.39355871942433
23654	6281	1.39346857905125
515	5250	1.39260407705129
22982	6304	1.39196958033211
219972	719	1.39173326843389
1346	4716	1.39143092089507
4257	83641	1.39132936033532
55742	633	1.39121400670557
1284	4354	1.39059856681443
151887	5654	1.39000440406238
2316	28978	1.3893305732954
27253	4430	1.38881665817515
120	308	1.3876991286275
51660	8557	1.3865844677434
10487	7041	1.38654670691272
25923	8516	1.38559990075695
7167	91977	1.38377193021876
26577	8076	1.38340588883476
4638	87	1.38330775424273
23408	516	1.38285260865322
8542	972	1.38229880771349
2316	9843	1.38220714741229
1462	23654	1.38205623897384
3003	5920	1.38143419088992
1805	5742	1.38057979134574
10335	11030	1.38040828616484
28992	4729	1.3799250449173
1327	9380	1.37844158300329
2170	23175	1.37836949644727
2992	4729	1.37616740988666
283078	64102	1.37583313534504
151393	5890	1.37575863688986
10085	1191	1.37558217158797
4726	51218	1.37504396152367
11151	3561	1.37445831933905
22797	963	1.37402237161679
51778	64328	1.37338834629912
51807	84808	1.37294616030736
2335	25890	1.37275132107945
26509	55742	1.37190745144943
25923	4131	1.37067672945006
1284	79630	1.37018220775886
2633	94240	1.36807054094775
23179	64231	1.36795489770058
387763	4916	1.36783688018978
5880	8477	1.36746044714617
120	7035	1.36716753450605
84193	9322	1.36705778339026
1043	118788	1.36687704063039
1462	2934	1.36643146377087
10989	515	1.36642508118197
412	59339	1.36622809094461
10449	23417	1.36590827927016
4726	6923	1.3655880503272
57823	5788	1.3654323843033
6282	633	1.36519743202021
10989	4714	1.36481385114517
4191	521	1.36430227658644
5886	9909	1.36409267927033
29081	79073	1.3640010890452
5873	83483	1.36312596093193
10385	5696	1.36253419298817
5160	522	1.36226897324783
6187	7140	1.36138783845149
5250	6156	1.36065889030578
10166	81873	1.36057333681792
26015	5442	1.35993196288914
56849	84455	1.35945016382447
2634	5788	1.35831733839952
375033	5787	1.35794149705214
10591	84191	1.35789388842169
1036	83641	1.35702665040106
63933	9145	1.35673687722945
412	8682	1.35599465207544
3953	4915	1.35430856924649
440574	51204	1.35352663505848
6166	6188	1.35331765598866
10266	90952	1.35253948604036
4722	5315	1.3523765266369
1290	9828	1.3508653126284
132671	84455	1.35084796089207
1004	6876	1.34953007897689
10449	3030	1.34903998153511
6209	6261	1.34899391125346
3953	5792	1.34888390902433
10456	6161	1.34842343454755
199	5698	1.34683081191779
10133	9322	1.34603261012072
4907	83641	1.34547543595186
1284	7837	1.34532985672876
2012	81855	1.3447879162209
5696	6891	1.34471899844217
2180	54884	1.3439341604258
4239	55076	1.34382222383001
2332	59339	1.34345363030268
2332	84450	1.34267753821833
1295	1805	1.34243255003317
118788	2533	1.34175552183575
2806	54927	1.34066102912463
199	3106	1.34041600689887
81873	84134	1.3403608842628
92126	9910	1.34019635827169
5634	57211	1.33979006555177
10437	2533	1.33899533538156
5634	60481	1.33879893561476
10398	800	1.33850808258306
10468	132671	1.33814234107509
25890	84617	1.33780969549314
219654	85366	1.33726552213549
1842	3910	1.33692467202058
10899	54539	1.33666201423403
4638	94274	1.33654235255015
11167	5654	1.3361313581863
5920	9246	1.33492363007176
29088	64975	1.33434180340792
2805	6182	1.33318114702628
1004	10398	1.33223218079009
2805	6390	1.33220088702134
81671	9910	1.33171614839829
26112	400916	1.33171130744377
51474	84513	1.33117706808092
2806	79699	1.33092033607459
2108	84331	1.33090249863133
10105	3052	1.33035662727125
51389	54539	1.32921771256975
23641	55600	1.32897631317987
283298	55076	1.32816324050237
122622	6156	1.32778973434243
51218	79622	1.32646794803192
6923	79622	1.32635987238756
143686	92126	1.32554879485216
10335	4916	1.3251452401586
10133	7125	1.32402370153289
6222	6261	1.32035768491937
1303	1902	1.31984971360953
10516	387758	1.31901147339736
55076	8076	1.31889551443495
1327	521	1.31853899879459
1345	506	1.3177522778973
11167	6281	1.31702896683795
714	7305	1.31631678032644
56945	63933	1.31520768461194
51073	708	1.31495450772067
4726	54927	1.31423036905888
6872	8880	1.31391152506229
6988	873	1.31269902118412
1879	57198	1.31219061590239
1160	6389	1.31182624797754
1737	2926	1.31142221138064
1513	214	1.3108016453344
400916	9145	1.31068214564482
152831	63924	1.30825752515689
4131	6451	1.30763118110915
7431	8910	1.30726159013312
3109	56833	1.30695622290736
5160	51660	1.30678903630254
1805	8076	1.30631682299157
5788	80342	1.30568276695511
151887	6383	1.30520841260137
23513	5442	1.30511726902088
6164	8048	1.30508772795818
3773	4808	1.3048270704111
219972	58527	1.30445833642802
3561	81704	1.30386070835159
2335	4313	1.30368333947179
1536	64092	1.3022051448516
146542	57409	1.3019826351741
340061	5756	1.30128205358893
51341	93624	1.29997449566808
5837	6161	1.29984730281051
10981	4921	1.29944290460363
133418	22797	1.29935443721667
10123	5521	1.29898059340307
23179	716	1.29758379525928
5698	6352	1.29713216465486
8815	9520	1.29690573828854
4723	5250	1.29645033426046
9166	9909	1.29506929338632
201140	5502	1.29444992668798
201140	2275	1.29406988374176
9670	9909	1.29381665648152
440574	6182	1.29353248340806
4257	5950	1.29345197280801
291	5250	1.2933510101568
4704	4719	1.2932303607165
1462	9201	1.29279308255093
10602	9057	1.29209853264148
1465	387763	1.29160399451782
4261	9246	1.29142276947091
221472	2350	1.29134579953813
513	6161	1.29079336098869
2202	83641	1.29072732964882
51660	522	1.29068255073479
11034	9457	1.29033420018686
716	960	1.29030986902931
28973	728568	1.28963697175553
7846	8682	1.2895351106245
182	800	1.28890484084765
4714	8402	1.28779952830255
10335	25923	1.28696277932162
2549	4233	1.28692553729397
308	633	1.28648309769217
10763	23654	1.28364069245289
6660	79785	1.28204847154389
28992	513	1.28166292895853
4528	7384	1.28130427301713
11034	4629	1.28116852280441
2805	57017	1.28002051314942
4714	81892	1.2798232960723
4713	65008	1.27970676387232
3400	4256	1.27939755687836
6890	719	1.27884656997791
339324	4800	1.2784529799183
50	9927	1.27817143358761
11031	57045	1.27809767884939
2021	51660	1.2775254453792
2533	3689	1.27738179160384
10437	5696	1.27676798106634
50	51204	1.27588027997424
22918	9771	1.27485387278391
28998	84191	1.27467608847898
65981	83888	1.2742285784363
133418	719	1.27407752078563
4162	7402	1.27386989628938
122622	79622	1.27354705358058
27067	5648	1.27306773871343
10468	55228	1.27264339819185
3418	4714	1.27262570234058
513	5886	1.27152152770112
2926	5224	1.27138702757113
4715	6187	1.27112619532834
132671	1946	1.27020760408558
1278	2335	1.26915039647119
10335	10398	1.26872119619628
109	6451	1.26816274698646
4714	6182	1.26651795118924
54539	5886	1.26645781797601
4638	6451	1.26614097587073
201140	4716	1.26570649214465
253017	91807	1.26565374484622
54998	64979	1.26560162382028
51142	7125	1.26552486255579
118788	219972	1.26547125034481
3418	9524	1.26538858555397
120	283298	1.26502866218368
7043	8836	1.26499044550951
3937	5698	1.26429527514784
4704	56945	1.26323320795768
1192	7846	1.26305068936263
10123	51375	1.26258292799429
57017	7386	1.26189125355899
1134	402778	1.26185251894631
2806	7167	1.26102255293888
51175	84078	1.2596053426765
199	3587	1.25848098033762
4629	59	1.25746571996513
3667	80031	1.25692939867111
26112	7867	1.25519778899053
23129	5547	1.25435524536382
10437	719	1.2520462620907
8555	9201	1.25201088371589
6451	7431	1.2516487417014
120	9829	1.25146967649242
55603	92126	1.25095906250698
10468	84707	1.25014738233819
3689	3936	1.24961943018442
1462	84617	1.24723833058548
1345	4713	1.2462800291242
10487	5479	1.2461588769587
4069	5341	1.24602456314424
5721	9246	1.24592804764371
5521	84455	1.24562270616433
128387	6048	1.24526673296306
118788	3003	1.2451901872511
4726	515	1.24488500851272
387763	72	1.24481787626517
3418	4717	1.24379154605884
28955	513	1.24369678754774
291	8815	1.24363832025696
25923	5627	1.24331065784604
122622	487	1.24272002185902
4860	83442	1.24269261423748
4716	64979	1.24267394331752
57698	9246	1.24258543914079
1601	2857	1.24231075079672
84266	84331	1.24165677401548
120	1601	1.24072650661063
2806	29088	1.23969771963603
4726	6161	1.2379459147352
5890	79633	1.23793978630898
1513	25890	1.23704740242794
54539	81892	1.23692848407053
125228	1352	1.2366667104765
11031	6275	1.2363560153275
2992	9553	1.23558411422208
81671	9201	1.23538601428568
26509	6383	1.23523759834566
57017	57129	1.23516441647388
10455	64975	1.23474536727432
400916	6487	1.23428035258031
10989	80772	1.23381068614346
58475	714	1.23358986139499
3937	719	1.23354106916235
4726	84266	1.23316102553508
1290	301	1.23272460057885
28955	3270	1.23234047348663
6451	85004	1.23177932013689
57198	800	1.23169935191729
4696	516	1.23151452612251
1036	716	1.23134314468004
4722	54998	1.23111345624385
291	4715	1.2310923905816
10468	4837	1.23072072302951
4708	4717	1.23068770142313
5634	9770	1.23047299124204
5018	506	1.2304680433919
1513	2192	1.22992956992165
11331	516	1.22952892321689
140739	64960	1.22923762438671
81671	84513	1.22866716934058
291	6188	1.22601396224895
2012	7431	1.22595929105536
2634	54440	1.2240637656173
11031	7373	1.22304883936375
1290	79070	1.22290672552748
387763	4629	1.22206385735558
5738	83700	1.22185730390894
151393	7430	1.22173100514381
2806	55260	1.22164020299775
5696	60489	1.22141221818688
5521	5792	1.22102162377291
28513	4359	1.22101269957756
27067	2926	1.21973079581216
2316	6586	1.21967802454567
56945	7001	1.21946992908416
10085	72	1.21888697298024
1346	513	1.21747173915559
23208	28978	1.21645702526619
123591	9921	1.21644346606433
54948	57129	1.21624046913428
113444	5162	1.21597884398699
79633	9910	1.21517899375034
3676	84455	1.2150820794637
1160	2806	1.21431561284529
29088	57129	1.21368024109462
2202	7431	1.21335397016402
117245	8908	1.21307351853472
11031	716	1.2125831213432
4283	6352	1.21229317774204
5502	78986	1.21224791655785
1537	28989	1.21175590407671
4694	6164	1.21081571050393
2170	32	1.21041582601915
3003	4283	1.20972596047902
214	2934	1.20879207850708
57017	63933	1.20861336247585
51295	8192	1.20831408378619
113444	8604	1.2077420235272
4191	79622	1.20743796048979
117247	288	1.20726813949344
1465	23284	1.20664597316013
402055	79109	1.20660872809925
563	8908	1.20609063100153
1666	6182	1.20580637728922
4598	83987	1.20509014554298
10437	6890	1.2048272605776
51295	56945	1.20443448548423
114088	65981	1.20368353316348
402778	7139	1.2036010559427
340371	3985	1.202977603854
1043	11151	1.20286387125833
199	60489	1.20199825570766
131118	9553	1.2019418020448
25813	5859	1.20162078456562
1601	5118	1.20078867703985
5311	8076	1.20044359254951
51361	54332	1.19979581117307
2633	83666	1.1991034297436
51676	6487	1.19890586767072
2495	51078	1.1981693489932
26509	2934	1.19767619507475
122622	8789	1.19714846577497
10468	80339	1.19712122875256
1462	7846	1.19696683034492
4615	6778	1.19695155434164
5223	5654	1.19664709318988
1879	91851	1.19594470228561
1513	79901	1.19593634688273
963	9770	1.19529066048473
400916	65095	1.19524644816361
23392	5093	1.19489766481761
5886	8531	1.19361607272416
1513	716	1.19307795319453
2316	79785	1.19289251841699
3587	3937	1.19276498344534
3680	51602	1.19244527506054
2012	2200	1.19189180896135
23564	55742	1.19098792523406
10379	9111	1.19085746269468
131474	81873	1.19074659573687
563	9370	1.19063234392065
64231	712	1.19005977204745
487	5213	1.1898604416888
373156	8604	1.189522503872
130271	960	1.18940992914016
5880	7805	1.18895356999349
3105	84166	1.18892090150183
28955	4191	1.18880241477771
4600	4940	1.1876939532544
128553	7048	1.18765626732574
199	3937	1.18718312944079
10989	5162	1.18665691189981
5688	64979	1.18537690980395
56246	5950	1.18487280458144
4700	4714	1.18321300811678
23179	3176	1.18137664456092
1534	2149	1.18119073749582
57045	7373	1.18114613634158
4722	522	1.18063599738212
1345	8531	1.18055115565837
5093	6161	1.18051688814435
10456	6164	1.18014693677186
4729	516	1.18014114195292
10989	81873	1.17976016077715
23417	948	1.17958407640543
1290	6541	1.17917432835779
2241	51430	1.17887881541616
2331	4130	1.17802482518314
64979	8260	1.17713637609413
6156	6188	1.17573761244801
4675	57045	1.17559920364175
23213	72	1.17544664031342
412	9910	1.17511015523947
56833	6890	1.17503785920994
133418	963	1.17481994407536
3075	4239	1.1748077267845
1465	85004	1.17437317091999
10579	9322	1.1739340725972
1396	2316	1.17370942984996
22899	90952	1.17327519676736
11031	960	1.1729188558228
10899	9166	1.17189792759443
151393	83888	1.17128226591375
10437	962	1.17087381022018
2207	2212	1.17059194144672
221545	29090	1.16989144850291
2495	4694	1.16809620820569
129607	3437	1.16790878810635
23643	9332	1.1672161000105
29078	29090	1.1672084892925
6209	9520	1.16703989550029
199	2634	1.16666625105853
11034	23284	1.16401570690133
347902	85004	1.16351839357311
5721	972	1.16303335974283
291	6390	1.16298242092325
6285	63924	1.16176809769455
133418	23179	1.16146795791196
25813	7386	1.16111950771848
1674	2027	1.16107589915416
4722	6390	1.16025242144097
4716	5250	1.15980770103794
1462	5118	1.15966917263767
2210	963	1.15919863087746
10899	84331	1.15911833681911
5792	8555	1.15908530377606
125488	5136	1.15831994940603
25890	4915	1.15718260411811
3680	8654	1.15672437701396
125228	440574	1.15608401657254
29088	7384	1.15533646740884
201140	2027	1.15492225054741
2162	23179	1.15425765550157
214	6275	1.15365870905751
2806	4716	1.15359107704813
6383	83700	1.15348933853464
1340	6188	1.15338657375009
51375	6343	1.15328731098993
1601	340061	1.15326527315141
5696	84166	1.1531171940443
125228	1666	1.15285613034165
2806	515	1.15222478256811
3587	58191	1.15185135113131
3683	864	1.15075598981937
2202	5742	1.150476079562
221472	714	1.15041001955151
5136	84314	1.14890838054438
4067	963	1.14880509267791
11167	1513	1.14866901005544
1191	23213	1.14781842807168
22797	60489	1.1477260688756
23654	7076	1.14741882208597
2355	79094	1.14739503820289
515	516	1.14735748734149
10899	9670	1.14713911086605
2633	3106	1.14676451711407
4715	522	1.14666589712025
54808	5688	1.14405835483541
1278	5738	1.14394942336092
10468	285	1.14384038892677
10105	29088	1.14336506106281
3394	80342	1.14286248821088
4729	8402	1.14259561402874
11031	55742	1.14149714243233
2992	54998	1.13967171600766
23643	241	1.13945470070067
10263	5987	1.1389525602135
5648	84191	1.13856193396293
51705	8829	1.13787156184209
253017	57644	1.13762135041664
6161	64771	1.13728381584225
4694	4717	1.13679737867542
6672	9246	1.13512796817959
29895	7140	1.1348670749107
10044	22899	1.13476283681426
1192	123920	1.13466325722676
2806	84191	1.13384359911892
6164	6188	1.13366153596466
5654	6383	1.13263336335376
1026	3680	1.13182278726612
1462	1601	1.13056506190694
56945	6390	1.12961011340644
2318	5250	1.12920971210514
1674	5688	1.12908533108802
65983	84450	1.12894842503582
55352	92305	1.12819294177816
219972	713	1.12773059342318
10105	388962	1.12609389390682
146802	51375	1.12495709270925
143686	5890	1.12471850276516
51218	7386	1.12440070648809
119559	4191	1.12341537313488
63933	79133	1.12334226227386
145389	23001	1.1232406521386
22797	920	1.123036922028
1327	4716	1.12294742397937
56849	59339	1.12252633548931
51603	79004	1.12113923051736
143686	59339	1.12091671426625
4722	56945	1.1207291747123
1520	2533	1.11870469208702
2065	9788	1.11860975747623
515	7384	1.11841983048326
6164	6222	1.11755953009174
1160	54927	1.11728142244473
79019	83706	1.11692786893206
120	3176	1.11686454832409
716	79901	1.11471226411843
6890	9111	1.11273263866046
5346	563	1.11231349156731
468	64771	1.11228217804422
143686	65981	1.11178193901888
2495	7386	1.11151646925975
3561	3683	1.11115150734465
3122	3936	1.1109846527468
400916	79622	1.11055077725649
10092	10678	1.11037017471225
558	84918	1.1099653726911
301	4313	1.10961426499918
23654	51375	1.10940441325039
1737	7167	1.10940195175311
4191	7125	1.10749088800827
4715	51660	1.10695325452766
54998	6389	1.10683991721859
2275	5502	1.10593963778542
2806	9380	1.10586082043448
29760	55016	1.10573667230507
28955	64960	1.10401363847995
3732	55689	1.10381237039546
4716	64975	1.10208175194352
1436	586	1.10206955583786
5093	6222	1.10036060492271
1879	60481	1.10031918041051
10939	63891	1.09993629290263
4729	54927	1.09911930571137
2533	3001	1.09902985035007
51703	9535	1.09901019679733
123920	1803	1.09863283522129
60481	7188	1.09589695047792
122704	65008	1.09585247635843
125228	2805	1.09498139709835
4853	83700	1.09423255121457
7430	83987	1.09408667272026
5950	9370	1.09383065584139
221545	84191	1.09347231982944
2627	800	1.09247857239295
83606	9761	1.09247055699018
3490	5274	1.08995364097376
118788	3561	1.08824321430641
1537	81892	1.08786770975899
509	56945	1.08779427339363
53342	6507	1.08629364436386
10133	900	1.08535342621266
59339	7011	1.08515448943123
3059	9535	1.08470427384137
10746	90634	1.08425595163103
1513	4015	1.08304960291304
1345	6164	1.08281141741594
5093	7125	1.08271164259065
283209	7716	1.08235415458095
2495	4191	1.08186874011775
2192	83641	1.08165114160407
1191	55600	1.08147028052191
4121	716	1.08118497331352
1345	7001	1.08096603730682
3732	84513	1.08062686920567
221472	57698	1.07943257261728
51232	9637	1.07942750696677
4191	4694	1.07936948248153
2719	4256	1.07894683100854
2124	219972	1.07704414285052
151887	6281	1.0767920475211
1917	6161	1.07660294616545
23179	2350	1.07550010471537
1107	2335	1.0752520474605
4261	5698	1.07487667649632
51490	7384	1.07474700872079
57045	57542	1.07384292375136
6188	8531	1.07273481699524
388962	9145	1.07259221517441
1902	586	1.07258710538778
3111	4261	1.07248617060844
57211	63976	1.07228862076595
7125	79699	1.07210381156965
4261	963	1.07160627994827
4261	5696	1.07147559850059
139886	25932	1.07109416362993
1043	3683	1.07104326198985
10123	84513	1.07100242804701
10468	1134	1.07076773627703
1537	2021	1.07075836215872
10989	9380	1.07031930541571
10100	165	1.06930186332244
23654	6405	1.06909439534823
1513	2012	1.06896736993188
146802	151393	1.06802523515338
4916	79785	1.06745449041348
506	51660	1.06657219686926
2124	4067	1.06651069676916
50515	963	1.06629824807838
56851	7386	1.06612675896314
11333	25804	1.06558041829878
1346	5213	1.06555009126844
122622	7386	1.06550817258507
146802	84455	1.06538056900891
1666	84191	1.06521415551113
4697	8815	1.06456600557806
516	64975	1.06440263089789
142689	145853	1.06435377137373
84230	9771	1.06312671892846
29078	64981	1.06291854986268
29088	4696	1.06240286300206
1462	5223	1.06221893101991
285	65981	1.06197138450516
6319	63924	1.06156651202799
1466	79785	1.06074711645199
64231	942	1.0606118252965
23654	9910	1.06020741373117
4694	4708	1.05862668243985
65983	9941	1.05829595922606
4713	4729	1.05810402485932
4916	6586	1.05746972697414
7386	79622	1.05706955927964
2805	51204	1.05636076732351
2271	506	1.05621440189646
1666	51204	1.05529256139857
84166	920	1.05505936843591
162972	7699	1.05498208477642
388962	6182	1.05493087596801
10105	51073	1.05406378603391
26015	4298	1.05404741267232
122704	54539	1.05374449361736
7011	84455	1.05273412564889
5627	800	1.05120753087093
1030	126626	1.05026486292042
4713	51341	1.0498654074179
10318	1674	1.04940372283914
26509	7846	1.04915651662593
214	57045	1.04815752335913
4191	64771	1.04702230684662
506	9524	1.04697921174118
797	83987	1.04689993661696
257019	84899	1.04644931833065
10487	6451	1.0462516661603
4067	57698	1.04569322009181
93624	9817	1.04533216592524
4528	51204	1.04294486227711
412	727936	1.04152403951322
347902	6586	1.04137987608905
4360	929	1.04116065502234
5648	8402	1.04000447081039
23500	56998	1.03970453722919
201140	513	1.03936696205255
221472	2857	1.03917923889405
714	719	1.03911723160673
2162	713	1.03903793866835
10280	54206	1.03882003902007
56833	8542	1.03799162276388
23213	6586	1.0377109523201
60481	894	1.03743700837757
4715	6389	1.03737866041196
201140	4697	1.03653639297215
521	6390	1.03651906331002
4810	55600	1.03599475249325
738	8943	1.03589013733152
3683	3936	1.03584181057022
2806	8604	1.03562113234344
3680	84455	1.03558491987852
5738	6383	1.03511066475528
257019	51807	1.03498874186879
55759	84134	1.03495306750651
4162	6405	1.03384628095929
2195	5789	1.03287815286281
10670	7417	1.03230500193484
4715	521	1.03225323352746
2021	515	1.03167679349168
5250	7140	1.03090495197705
4921	493869	1.03082967959077
60489	963	1.03019426783636
1036	1356	1.02895847722829
55222	6640	1.02879608847489
3106	3109	1.028523691697
64975	84266	1.02835704763044
120	2934	1.02824183845593
151887	5587	1.02760150353117
57129	79135	1.0258731961584
28978	5634	1.02465566497046
3680	3773	1.02458455228164
51375	83888	1.02391509705331
4694	54539	1.02385735278669
23179	4131	1.02260796850887
4494	4495	1.02180668129458
4696	81892	1.0210794129395
85004	91851	1.02039928042573
83987	9540	1.0203596375856
2495	2992	1.02019774863807
10782	8848	1.02018197586493
201140	28992	1.01998651660783
4853	6785	1.01992292722255
65008	81892	1.01942822250915
3055	7305	1.0193893629876
115701	9124	1.01926586275467
81704	925	1.01862559364454
4313	6281	1.01783597286171
23513	57215	1.01772733558323
221545	4528	1.01712079421202
3708	7048	1.01693657861829
1666	1737	1.01600703942138
1160	522	1.01529838054366
65062	7637	1.01499427075326
57727	6519	1.01485827033441
1192	6778	1.0148031439039
7041	7188	1.01472500204746
5698	6891	1.0145916398051
143	57698	1.01301064869707
10379	6890	1.01263810845313
4729	64960	1.01256604020573
51375	8395	1.01238175476708
109	1879	1.01198416184367
10455	28989	1.0113796182554
54516	58528	1.01108101870001
2027	5018	1.00950461128889
25890	4853	1.00898467375749
2316	23284	1.00815115288008
3587	9332	1.00814250544008
55742	6405	1.00809175616768
199	58191	1.00774647485845
4696	79622	1.00723402203908
2805	506	1.00706939123174
4191	50	1.00688844800356
521	56945	1.00677031580332
6352	972	1.00668421099899
8402	9145	1.00660818852047
11151	7852	1.00635262495585
221545	56945	1.00613325058734
1278	1842	1.00579602179853
6275	7846	1.00538187509769
28989	4714	1.00433920838958
4704	57017	1.00417764100034
6405	8555	1.00414530531815
1537	54927	1.00368173739541
4131	4239	1.00338753394249
3383	5696	1.00274242458279
10857	8555	1.00191308425709
4528	51020	1.00159850015287
4958	83641	1.00073958829651
