10075	7178	3.67736610748211
6168	6171	3.67694412527931
6187	6204	3.67650048007086
6229	7178	3.6763028609195
6187	7431	3.67615172030719
6208	7431	3.67607131479199
6168	6187	3.6760531640635
6204	6208	3.67553768322876
6204	7431	3.67548164326638
10075	7431	3.67546755762834
10075	6208	3.67539107271994
6171	6187	3.67533221347302
10075	6194	3.67525561465139
26986	6194	3.67523761993428
6194	6208	3.67521240712746
26986	6201	3.67519535484483
1915	71	3.67512975917118
10075	1915	3.67505896999624
6168	6204	3.67486982496843
6194	6201	3.67475646691233
1915	7846	3.67470625575608
10075	6204	3.67450341648565
10376	26986	3.67430409692229
26986	7431	3.67407484010611
6194	7178	3.67398450379765
6187	6208	3.67392029277714
26986	6223	3.67390698024811
6201	6223	3.67390691538813
6194	6204	3.67389831637672
1915	6208	3.67386010529954
1915	7431	3.67383390420255
4736	6143	3.67352047339357
1915	7178	3.67352045497765
10075	6223	3.67350948119409
6222	7431	3.67349714847889
10075	6229	3.67343468170217
4736	6194	3.67338984977458
6201	7178	3.67307225268135
1915	6194	3.67300749671585
6204	7178	3.67295723824596
6194	6223	3.67293458611529
1915	6204	3.67291314359359
6133	7178	3.672894384528
6204	71	3.67288746421889
6187	6222	3.67283164888028
6161	6208	3.67277372573743
10075	26986	3.67258094071601
6205	6229	3.67254281750526
6171	6204	3.67212067358604
7178	7846	3.67209549942939
71	7178	3.67201710926374
1915	6229	3.67194236695918
10075	6201	3.6718554188072
6168	71	3.67184022189803
6133	7846	3.67183701403123
6147	6204	3.67178708713318
10075	71	3.67174373882536
6168	6208	3.67174114582863
6208	6222	3.67171243571026
6206	6217	3.67170894689563
6171	71	3.67156325197866
26986	6208	3.67146846415648
6201	6229	3.6713890083753
10075	6187	3.6713572634378
1915	6156	3.67133965505856
6210	6222	3.67124092129072
11224	7314	3.67110209998349
6161	7431	3.67100876177949
6201	6208	3.67096701728979
6229	71	3.67096027019454
6208	6229	3.67089842429261
71	7846	3.670877188204
6194	7431	3.67085302957668
6161	6187	3.67074891242368
26986	7178	3.6707408927806
1915	6187	3.67069934683011
6133	6156	3.67067473413962
6133	6194	3.67055330430028
6161	6175	3.67055091944424
6161	6204	3.67051159038735
6194	6229	3.67048856289494
6161	6210	3.67044482980153
26986	6204	3.67044343134154
6208	7178	3.67039146262375
6175	6187	3.67035935185906
1915	26986	3.67031645060597
10376	7431	3.67028949754046
10075	6156	3.6702821902483
6168	7431	3.67022165176706
1915	6168	3.67017422351037
6204	6229	3.67014749265602
6201	6205	3.67008734755672
6208	71	3.67006921227675
26986	6229	3.67005592013873
10075	7846	3.66988324066752
6175	6204	3.6698359399816
6156	7178	3.66978754306074
1915	6222	3.66974347226548
6223	6229	3.66973788374181
4736	6156	3.6697283611414
4736	7178	3.66961153819994
1915	6133	3.66945265895275
6204	7846	3.66939916259726
6133	6204	3.66937035062119
6201	6217	3.66915471072777
4736	6133	3.66914349028683
10075	6222	3.66913497867253
6187	71	3.66900993855189
6201	7314	3.66900456538698
1915	6171	3.66896763960031
6201	6204	3.66879459293805
6208	6210	3.66873838916622
6229	7431	3.66872153900732
10075	4736	3.66867910744525
10075	6168	3.66866354772732
6217	7178	3.66865921815546
6223	7431	3.66864475411832
6227	7314	3.66861598624421
6229	7846	3.66851963597871
6205	7178	3.66846372864356
6147	71	3.66833051843506
10075	6133	3.66818007476549
6161	6194	3.66812409255317
71	7431	3.66809559130031
1915	6201	3.66801130316163
10075	6161	3.66799280932882
6175	7431	3.66796394268983
6133	6229	3.66796019766007
6208	6223	3.66787026798177
6176	6205	3.66773279985098
6168	7846	3.66769311791588
7178	7431	3.66756308922888
6223	7178	3.66747112351373
6201	7431	3.66736179031466
6204	6222	3.66729762289539
6204	6205	3.66729326871244
6187	6210	3.66715075995387
6156	6194	3.66709746775997
6171	6208	3.6670088244828
6210	7431	3.66699271818025
6171	7846	3.66699033860173
6156	71	3.66696619822837
6156	6204	3.66685411372414
6133	6205	3.66677346062726
6147	6171	3.66653316809654
6229	6232	3.66652491682459
10075	6210	3.66644859622888
4736	6204	3.66641819971295
1915	6210	3.6662953409265
6168	6222	3.66624519055609
6194	6205	3.66610071562699
6143	6156	3.66602252566311
6187	6194	3.66598896726093
6208	7846	3.66598281168333
10376	6201	3.66597794744799
6168	6229	3.66592431281506
6204	6223	3.6658211337008
6217	7314	3.66581470343513
6176	6232	3.66577062794003
6143	6194	3.66571043250491
6175	6208	3.66563529240485
4736	6201	3.66554637757475
26986	6187	3.66553634550853
6156	7846	3.66550897135038
6175	6194	3.66534541875488
26986	6222	3.66532129534467
6133	6191	3.66528996963014
6133	6201	3.66527474637404
6210	71	3.6652447378558
6168	6210	3.66518686061321
6205	6223	3.66515614998795
6209	6227	3.66514770256952
6205	6208	3.66512878817974
6210	6223	3.66510286920805
6232	7178	3.66506598916723
6171	6229	3.66505340929308
6147	6168	3.66474344416625
6194	6222	3.66459567599485
6156	6201	3.66451237764496
6217	6223	3.66450856642567
6129	6233	3.66447344126419
6171	7431	3.6644612324687
6176	6217	3.66438950261806
6152	6205	3.66430690285969
6161	6222	3.66429664065823
6194	6210	3.66419096011741
6161	6223	3.66405990416395
6222	71	3.6639904269673
1915	6223	3.66396034533526
6175	6210	3.66390530054069
3945	6229	3.66383600528284
7431	7846	3.66376959786306
6205	6228	3.66371705336352
6133	6208	3.66369858097949
6217	6229	3.66367678072991
6191	6208	3.66366511371892
6204	6210	3.66358552676991
6205	6232	3.66348180777027
6191	6204	3.66341559715067
6194	71	3.66336758425144
4736	6175	3.66334128413201
6161	6168	3.66332368811607
6222	6223	3.6632629596843
6176	7178	3.66319240321637
4736	6229	3.66316091305383
26986	3945	3.66307997226188
6161	6201	3.66305038612395
6187	6229	3.66303620148882
6187	6223	3.66303330368572
26986	6161	3.66299678475571
3945	7178	3.66297735858083
6168	7178	3.66280628057751
4736	6208	3.66280318990015
6133	6228	3.66275602048307
6187	7178	3.66262996395583
6156	7431	3.66247853005923
6156	6175	3.66247558978203
10075	6205	3.66225619069046
11224	6201	3.66220403241704
6210	6229	3.66208321249209
6129	6232	3.66202420062072
4736	6223	3.66200813717788
6133	71	3.66185449286087
6194	6217	3.66185404042428
1915	6175	3.66172505526086
7178	7314	3.6616737836222
6201	71	3.66166344968428
6187	7846	3.6616425540951
26986	6217	3.66134136088534
6168	6194	3.66121605086221
6143	6175	3.66108301214151
1915	4736	3.66103744388147
6205	71	3.66098937626449
26986	6210	3.66094337319441
26986	6175	3.660941358501
6170	6233	3.66091853154575
6171	6222	3.66086649312243
6156	6223	3.6607491638357
6194	7846	3.66072555394711
10075	6171	3.6607068773839
6156	6208	3.66065640140602
10376	6208	3.66055235027343
6147	6187	3.66043146277181
6217	6232	3.66041896142289
26986	7314	3.66040592650637
10075	6217	3.66021173523238
6156	6187	3.6601631452498
4869	9045	3.66013970190619
6191	6205	3.66012427415063
6143	6204	3.66011396178824
6168	6205	3.66010646295052
4736	71	3.66009607606545
1915	6191	3.65995892613935
3178	6187	3.65989198122624
6129	6133	3.65980082460833
10376	6222	3.6597405540789
6223	71	3.65961443267396
3178	6208	3.65959341431986
4736	6217	3.65956328406917
6161	71	3.6595478396013
10075	6175	3.65952171090893
6175	6222	3.65949107452277
6176	6229	3.6592550268524
6223	7314	3.6592520092049
6171	7178	3.659249421266
4736	6135	3.6591349182998
6194	7314	3.65910511731753
6222	6229	3.65895991879983
6133	6171	3.65892511391556
6209	6217	3.65888679573836
6191	6229	3.65883816558633
6205	6210	3.65877704827998
10376	1915	3.65877283713291
26986	7846	3.65873304726149
6152	6201	3.65865150171687
6176	6235	3.65863806940312
26986	4736	3.65849443593192
6156	6229	3.65842725828754
6129	6170	3.65829088216828
6191	7178	3.65826512113177
6205	6217	3.65820368205491
10376	6223	3.65811980848406
6156	6210	3.65799938260021
26986	6156	3.65795539249542
6201	6232	3.65791282306518
10075	10376	3.65786935641755
6146	6193	3.65785360085418
10075	3945	3.65784116572911
6161	7178	3.65781757438844
6187	6201	3.65778644884974
6161	6205	3.65773312700989
6204	6217	3.6576969820757
4736	6161	3.65765692035136
6205	7314	3.65739360608855
6217	6227	3.65738820796406
26986	6168	3.65738637078532
6201	6210	3.65736485514974
6152	7178	3.65734726857095
1915	6205	3.65734434195843
3945	6201	3.65732794973133
6152	6229	3.65719966444099
6133	6232	3.6571788597202
26986	6133	3.65708383115692
6171	6194	3.65704435298878
6133	6168	3.65699294742745
6175	71	3.6569443400173
6206	7178	3.65690664508827
6143	6201	3.65688867025775
6201	7846	3.65672090868402
6161	6229	3.65671484898712
10376	6204	3.65670232740832
6160	6193	3.65664564132175
6205	7846	3.65660445197115
6168	6223	3.65658359298821
6133	6143	3.6565538218743
6147	6205	3.65647573534101
11224	6205	3.6564745772929
6168	6191	3.65641073470667
10376	6187	3.6564032493426
6191	6194	3.65638167854613
4736	6205	3.65635760942403
6156	6205	3.65633410891031
26986	71	3.65632182078522
6187	6205	3.65624099727285
6176	6206	3.6560752720035
6191	7431	3.65591726701579
6167	6232	3.6559108070771
6152	6194	3.65584587935648
6135	6201	3.65580460791225
4736	7431	3.65575938688347
3178	6222	3.65573801188773
6133	6187	3.65573732201798
6191	7846	3.65573676034671
6152	6208	3.65571176036105
1915	6161	3.65570189930015
6171	6205	3.65565274382258
6170	6205	3.65560374794687
26986	4869	3.65556983109747
6171	6210	3.65553193434184
6205	7431	3.65553043650457
3945	7431	3.6555140716515
6156	6168	3.65538319528703
11224	6194	3.65522674956825
4736	6206	3.65522518393348
11224	6217	3.65521953760236
6135	6217	3.65513489049194
1915	6232	3.65495368126738
3178	7431	3.6548956633618
6229	7314	3.65483137307487
10075	6191	3.65472411955854
26986	6205	3.65472301420946
6147	6229	3.65467783075604
6161	6171	3.65435337253902
6133	7431	3.65429238476815
6129	7178	3.65428962875184
10376	6194	3.65428618390597
3945	6194	3.65426834418052
3945	6223	3.6542014960422
6147	6161	3.65418868281196
6156	6161	3.65417914962723
6209	7314	3.65389171148582
3945	6208	3.65388734845619
6133	6223	3.65386183066203
4736	6187	3.65369291886302
6152	6223	3.65365345928013
6168	6175	3.65362231021305
6191	6201	3.65355876929021
6210	7178	3.65350898046161
10075	6143	3.65335920847324
6201	6222	3.65323410296474
6232	71	3.65322980760345
6170	7178	3.65311797871809
6171	6175	3.65305049781568
6222	7178	3.65299117346758
6206	6232	3.6529479091104
4736	6147	3.65289685217399
6176	6201	3.65278607152634
6152	6204	3.65276155088259
6147	6208	3.65263528603118
6143	7178	3.65259109444724
6228	7178	3.65254620948203
3945	6205	3.65254458945549
6193	6205	3.65245109409207
6167	6169	3.65244254754387
6147	6156	3.65232672142603
6143	6223	3.65216180486399
6161	6217	3.6521066355994
6210	7846	3.65198803884135
6133	6147	3.65196366926534
11224	6133	3.65194272101424
6232	7846	3.65183651693896
26986	3151	3.65173504416582
6194	6232	3.65172070483024
6143	6147	3.65166426673595
6143	6161	3.65106728348517
6152	6187	3.65093370097013
6147	7431	3.65083757258563
6209	6223	3.65080023375965
10376	6175	3.65076111469995
3151	3945	3.65076017619367
6201	6209	3.65075495556171
6147	6194	3.65069935378386
6147	6175	3.65067430145502
10075	7314	3.65065904501156
4736	7846	3.6505621713906
1915	6147	3.6504816010353
10075	3151	3.65047169765217
6129	6156	3.65037745302559
6152	7431	3.65019648966799
6133	6152	3.65005792173518
6167	6206	3.65005686756479
4666	6143	3.65003360751952
6143	6205	3.64990571789426
10075	6147	3.64990014385122
6161	6164	3.64984356769491
6175	6223	3.6498148780904
6175	6201	3.64976034188978
10376	4869	3.64966327551165
6191	71	3.64940307512982
6208	6217	3.64934154531608
10075	6152	3.64931254285431
6156	6171	3.64926155187911
11224	6229	3.64923012397755
6204	7314	3.64904823430329
11224	7178	3.64903878676509
4869	6208	3.64882110748074
6147	7178	3.64878702365435
6152	7314	3.64875884728661
4869	6161	3.64871328688056
6143	6208	3.64864037323458
6129	7846	3.64863748927332
3178	6168	3.64840676323
6156	6217	3.64838300824687
6222	7846	3.64833218484673
3178	6171	3.64824390249178
3151	7178	3.64815694872906
6228	7846	3.64811881623413
11224	6223	3.64810427933249
4869	6222	3.64797677383084
1915	6143	3.64786671183356
11224	6227	3.64783887012555
1915	6129	3.6478170015307
5478	6209	3.64775935535785
4869	6194	3.64767894172635
26986	6171	3.64760058743642
6228	7114	3.64758730299479
4736	6210	3.64757606736678
3151	6201	3.64752744777351
4869	6201	3.64751367523508
26986	6191	3.64744034805933
3945	6152	3.64737139381512
3945	6191	3.64717407124083
10376	6161	3.64712385275843
6168	6201	3.64711233120316
26986	6152	3.64682566495806
6156	6232	3.64674874021788
4736	7314	3.64662626773362
4869	6175	3.64661270099823
3178	6204	3.64647932653539
3945	7314	3.64641026682852
6143	7431	3.64636715387744
10075	4869	3.64636554809169
4666	6146	3.64633411331183
6129	6228	3.64617548684627
6204	6228	3.64616751810488
6133	6175	3.64613690092955
6164	6204	3.64609296050119
6232	6235	3.64579367126479
6201	6227	3.64575892969765
3151	6194	3.64574886366016
6156	6191	3.64568402813461
6205	6235	3.64566615910684
6129	71	3.64565084786181
4666	6160	3.64557107507063
6187	6191	3.64545155239471
6158	6217	3.64540231225187
6223	7846	3.64532578246422
6135	6206	3.64527802800425
6171	6223	3.64525995119456
6170	6176	3.6452226275489
6133	6170	3.64515268734071
6175	7846	3.64514276160024
6175	7178	3.6449264111591
3151	6223	3.64490558835501
11224	26986	3.64479802799719
3151	7431	3.64468863121169
6228	6232	3.64467103505913
10075	6232	3.64462079837822
26986	6143	3.64451257177131
6201	6206	3.64449509803832
6170	6232	3.64444766647162
10376	7178	3.64435820931642
6204	6232	3.64420048784001
4666	6193	3.64410383481369
4736	6232	3.64409029235125
6143	6187	3.64389527639841
6191	6228	3.64370868548297
6147	6223	3.64367914437925
6193	6209	3.64361162467833
6147	7846	3.64358613065802
6228	6229	3.64355997214255
6135	6146	3.64339471292807
26986	6209	3.64338953219829
6133	6210	3.64333692271816
6129	6167	3.643329448644
1915	3945	3.64324470821316
6206	6229	3.64313449334465
6133	7314	3.64306918857317
1915	3178	3.64304060866998
6194	6228	3.64266153795352
4869	7431	3.64263150062642
6164	6205	3.64252357925285
10376	7846	3.64240307240502
4666	6135	3.6423692953573
6147	6164	3.6423659672197
6133	6217	3.6422590221814
6143	6217	3.64221488764054
6135	7178	3.64215782589798
10376	6210	3.64204599469985
6165	6227	3.64185172205001
11224	6209	3.64169933699006
6135	6143	3.64162111876019
4736	6146	3.64159798148305
6217	71	3.64140711779901
10376	6229	3.64137813684667
6193	6223	3.64127158966518
6129	6205	3.64109023939309
6176	7314	3.6410461590604
6164	6209	3.64094476587499
6176	6223	3.64094342346267
6167	6176	3.64094245071907
6156	6176	3.64093388395123
4736	6171	3.64083544623859
4666	4736	3.64080944887026
6143	71	3.64080402337209
3945	6204	3.64074746933251
6205	6222	3.64072977500673
1915	3151	3.64066904197576
6176	6194	3.64063605923256
6187	6217	3.64063560390803
6171	6232	3.64056211931607
4736	9045	3.64051650730651
6176	6228	3.64049053916029
6133	6161	3.64048476402554
4869	6223	3.64035273992059
4869	6210	3.64023156477527
10376	6168	3.64022898181896
6208	6228	3.64022817769195
6167	6235	3.64022714125131
6135	6194	3.64019658002523
6161	6209	3.64019288335831
1915	6228	3.64006608732895
11224	6152	3.6400522936446
6147	6191	3.63997190769656
6147	6210	3.63990519390804
11224	4736	3.63989400171441
10075	3178	3.63986118262097
6146	9045	3.63980923718585
6170	6229	3.63980575170072
6152	6217	3.63963560524185
6169	6232	3.63952654158968
11224	6176	3.6394335583135
11224	6143	3.63942665548627
6205	6206	3.63924845028612
6171	6201	3.6391928495516
10075	6176	3.63906763702941
11224	6204	3.63873681872891
6164	6187	3.63869550002209
6194	9045	3.6385381390273
6167	6205	3.63840227489483
6146	6206	3.6383864598938
6171	6191	3.63828862020647
6146	6201	3.63822709537854
6201	9045	3.6381430719568
6217	7431	3.63807900117414
3945	6170	3.63798779265467
4666	6205	3.63790734403445
6170	6228	3.63787248719999
6156	6222	3.63785933872304
6152	6168	3.63778248556008
4736	6222	3.6376999209165
6161	7846	3.63756413602521
6147	6222	3.63756037114333
6143	6146	3.63746108758696
6156	6228	3.63719527613763
6223	6232	3.63690289033766
10376	71	3.63667626808058
6156	6206	3.63666349534166
6152	6191	3.63663697766775
6193	6227	3.63663015526655
6147	6228	3.63650308158995
6170	6191	3.63626914352523
1915	6152	3.63622659811724
6194	6206	3.63617376000599
6170	6201	3.63598116479223
6158	7314	3.63554593954471
6193	6201	3.63551743111275
6152	6170	3.63550870541968
6208	7314	3.63541596451983
10075	6228	3.63519782325842
6135	7314	3.63515472606182
3945	6168	3.63506248714814
1915	6217	3.63489619296498
6135	6167	3.63479093818734
6160	6164	3.63468627519076
4736	6129	3.63467364946414
6143	6229	3.63465551877452
6133	6176	3.63460240675067
6168	6228	3.63458750949154
6161	6206	3.63438656719584
6143	6228	3.63437318097561
6129	6229	3.63435970850638
4736	6167	3.63429525866172
6152	6161	3.63426520949549
6152	71	3.63403213882447
6205	6227	3.63369387837984
6147	6201	3.6336360701431
6206	7314	3.63345241366293
6152	6156	3.63342534225562
6146	6194	3.63336271986112
6175	6229	3.63322049487346
6133	6222	3.63320138164382
6143	6206	3.63317041501751
6169	6206	3.63308579446282
11224	6228	3.63305840374663
4869	6187	3.63293903094016
11224	6193	3.63285271437025
6146	6160	3.63278544840295
1915	4869	3.6326589199571
6133	6135	3.63259613979329
6167	6217	3.6325303547209
6175	6205	3.63251905752565
6205	7114	3.6325105447282
6146	6205	3.632328262643
6201	6228	3.63226413465139
26986	6206	3.63219962496159
6156	6170	3.63216649925363
6205	6209	3.63185180258299
6169	6176	3.63181779972928
3945	6176	3.63152585146877
6223	6227	3.63145826363005
3151	6152	3.63142961761783
3151	6208	3.63130534388654
26986	6232	3.63130266182258
6129	6201	3.63120451393712
6176	71	3.63107048269056
6143	6193	3.63099673409399
6171	6228	3.63095930754301
6228	71	3.63085493578204
6133	6167	3.63084873248368
6208	9045	3.63080044691883
10376	3151	3.63069273750328
6164	6208	3.63061843499305
6205	6233	3.63055866625777
6204	6206	3.6304915811066
4736	6152	3.63034867104867
6176	6204	3.63020968333901
3178	6194	3.63019846414768
6152	6171	3.63018528924076
6143	6164	3.6300221312504
6143	7314	3.62994397556645
6129	6176	3.62993105657863
6133	6146	3.62970794543728
6208	6232	3.62964562359301
10075	11224	3.62955465706792
10376	6156	3.62953378117548
11224	6208	3.62953340429429
4736	6168	3.6293295276086
6143	6209	3.62922244247276
10075	6206	3.62920059567693
6164	6223	3.62900885864577
4736	6191	3.62885174412622
6232	6233	3.62879005062485
6206	6209	3.62876401569617
6191	6223	3.62857040974463
6176	6227	3.62845330096452
4736	6176	3.62844333713482
6146	6228	3.6281459986893
6170	7114	3.6281118569387
10376	3945	3.62804443404732
6206	6227	3.6280144939959
3151	6229	3.62794862461734
11224	6146	3.62788855974827
4666	6201	3.6278806354259
6161	6228	3.6278219886425
6135	6232	3.62781633732282
6152	6232	3.62776313791776
3178	6210	3.6277389278825
6143	6160	3.62771852732428
6135	6205	3.62754703160664
6129	6191	3.62745241008753
11224	6232	3.62736004475436
6168	6217	3.62734289696917
6133	7114	3.62730733914803
3945	6210	3.62727855102373
3945	6217	3.6272567955475
6194	6209	3.6269884114428
6129	6194	3.62698472648687
6193	6194	3.62675451856539
6129	6135	3.62665984760127
3945	6161	3.62659641933333
26986	6227	3.626544865262
6191	6210	3.62642071240498
6160	6209	3.62640009149076
6170	6194	3.62635587719727
6204	6209	3.62615363327009
7314	7431	3.62579209221944
6217	7846	3.62553360188844
6193	7314	3.62551522323173
6171	6217	3.62537963542626
6161	6193	3.62521185799914
6133	6206	3.62512204503761
6147	6217	3.62510188039165
6206	6223	3.62473911457836
6160	6205	3.62469005165471
6135	6223	3.62463762916067
26986	6147	3.62462492996115
3178	6223	3.62458507965313
3945	6187	3.62453256246698
1915	6170	3.62438759803313
6152	6210	3.62437164083853
6129	6143	3.62401873649162
6146	6209	3.62384063342283
11224	6191	3.62377282903089
6152	6176	3.62370782762814
6142	6227	3.62367676910733
6135	6156	3.62364875486856
6164	6175	3.62344289381574
6143	6222	3.62310673200208
6161	9045	3.62301409148442
10376	6209	3.62286046893705
6143	6210	3.62284274408394
6169	6217	3.62271843730294
3945	6222	3.62271684649296
4869	6204	3.62263848640916
10075	9045	3.6225651219272
26986	9045	3.62241143134442
11224	6135	3.62240926144971
4736	6228	3.62239794030158
3178	6229	3.62237903478783
6143	7846	3.62224700745918
6164	6201	3.62216366543809
6217	6235	3.62212493782751
6176	6233	3.62209078762868
6152	6222	3.62198395969373
6167	6233	3.62194143389057
6228	6233	3.62187958180149
6161	6191	3.62185918060309
6158	6176	3.62164106711541
6170	71	3.62143791223923
3945	6133	3.62132502039461
6164	6194	3.62128678062426
6193	6228	3.62121768732813
10376	7314	3.62111567383166
6176	7846	3.62105398595425
6168	6232	3.62104324293022
3945	6227	3.62098296647835
6164	7431	3.62084105239164
6156	6167	3.62071644953616
6143	6232	3.62058506992286
3945	71	3.62044851073709
3945	7846	3.62043220692876
3151	6204	3.62035126561335
10376	6171	3.62030252101246
4666	6209	3.62023483718337
6147	6232	3.62000879629574
6191	6222	3.61986764356994
2197	6227	3.619803604961
6161	7314	3.61977158698985
6156	6164	3.61937500843255
1915	6176	3.61934336950286
6146	7314	3.61930480663518
6167	7178	3.61927306251328
6191	7314	3.6191661532946
3178	71	3.61893719819384
6164	6210	3.61876319055689
6146	6217	3.61831445066284
6164	6168	3.61817858307194
3178	6161	3.6180628062771
4736	4869	3.6177039546995
6169	6235	3.61761205895124
10075	6170	3.6175854303183
10376	6205	3.61751861294048
10376	6217	3.61712352423254
6206	6235	3.6169954909079
6133	6233	3.61698907845147
6206	71	3.61658073801484
6187	6232	3.6163397876667
4736	6193	3.61625265744719
26986	6135	3.61614470832487
6129	6204	3.61610295675469
4869	7178	3.61577988706724
6165	6209	3.61570439788343
6233	7178	3.61532216645444
6210	6217	3.61530360724955
6210	6232	3.6151609121581
6175	6217	3.61509056316893
6143	6191	3.61472577728738
6175	6191	3.61467574585405
6152	6227	3.61443941506617
6164	6171	3.61429049943825
4666	6223	3.61425497255282
6146	7178	3.61396571242289
6129	7114	3.61391483106726
4666	6164	3.61386279597441
6232	7314	3.61382173369684
6232	7431	3.6137966082325
10376	6191	3.61379498723913
4666	6217	3.61366626564069
6135	6229	3.61363671044643
4666	6206	3.6135995021469
6176	6208	3.61346306675406
6161	6176	3.61334413308535
6135	6176	3.61330323040594
6143	6152	3.61308130404021
6133	6164	3.61289934547916
6209	7431	3.61279651269173
6233	7114	3.61272527950394
26986	6176	3.61264430125976
4736	6164	3.61256167470149
3178	6201	3.61251161777841
11224	1915	3.61230330531758
6228	7431	3.61218050834588
6227	6229	3.61206241722013
26986	6146	3.61173569404966
6193	9045	3.61164147288515
3151	6156	3.61145872907295
6187	6228	3.61145011745148
3151	71	3.61143672579764
10075	6135	3.61128710664192
6152	7846	3.61121779080878
10075	6164	3.6108590207076
6223	9045	3.61059517406142
6187	7314	3.61054414638365
3151	4869	3.61044956953716
4666	7314	3.61032574514648
6175	9045	3.61027084519217
6193	6229	3.60993505168488
6147	6176	3.60984139317458
6187	6209	3.6097024099391
6156	7314	3.60958334698187
6170	7846	3.60952894039917
6158	6201	3.60937304059539
4666	9045	3.60913374812657
6228	6235	3.60910167083592
6164	6217	3.60896943403372
6227	7178	3.60896250047719
11224	6158	3.60895024092627
3151	6222	3.60894615874138
11224	6206	3.60894324172171
1915	7314	3.60886602677481
4869	6156	3.60874414037572
6176	6193	3.60868841495711
5478	6161	3.60867379140816
6167	6228	3.60855037884755
6135	6169	3.60832518523945
6147	6167	3.6082111639657
6165	6235	3.60820554074079
3178	6205	3.60819549283329
10075	6193	3.60801598590425
3178	6191	3.60794264958427
6161	6232	3.60792044955676
6167	6229	3.60789187954006
6160	6161	3.60782877698198
6152	6206	3.60780480684928
6158	6194	3.60707217562043
10075	6129	3.60677772708806
6143	6176	3.60666794427472
10376	6133	3.60657477941209
4736	6169	3.60656886987634
11224	6156	3.60648721118159
6156	9045	3.60646618025971
6143	6167	3.60638655369129
10075	6209	3.60601614677536
6143	9045	3.60589920425633
6175	6206	3.60584874317215
6158	6227	3.6058402012606
6223	6228	3.60550316461577
6142	7314	3.60548458600547
6152	6228	3.60540637255252
6143	6171	3.6053801879692
5478	6175	3.60537933240751
6193	6217	3.6052985161171
26986	6228	3.60529807907215
6158	6205	3.60510788352381
6168	6176	3.60484139008404
3945	6232	3.60433836538892
6170	6223	3.60426908212793
6217	6228	3.60423877165132
6206	6228	3.60414940708156
26986	3178	3.6039431702737
7178	9045	3.60388314164033
6152	6175	3.60375764950124
6146	6161	3.60356975982671
6133	6193	3.60356089653654
3178	7846	3.60328561613412
6146	6223	3.60320379425884
3151	6133	3.60311683991986
3151	7314	3.60302405860511
6194	6227	3.60298496546074
6167	7846	3.602758825251
6158	7178	3.60274818218371
10376	6152	3.60266588610219
4736	6209	3.6026658038963
6208	6209	3.60253563788711
4666	6156	3.60227628692369
11224	7431	3.60218256398715
6146	6167	3.60205493998169
4666	6161	3.60175596187133
4869	6143	3.60147173749447
26986	6193	3.60146974742952
6146	6176	3.60134067532317
6133	6158	3.60132637088256
6143	6168	3.60105715060471
6164	6193	3.60102100781944
6164	71	3.60080904878094
6160	6228	3.60062309113268
6193	6208	3.60056839434123
6152	6209	3.60054145765024
10376	4736	3.60045246715636
3945	6228	3.60027857767363
6158	6235	3.59993038772932
6232	7114	3.59991700461017
6135	6204	3.59968305566951
6175	6209	3.59956376401138
6146	6156	3.59945025153657
3945	6156	3.59939039016009
6146	6232	3.59922639587833
11224	3945	3.59921653613676
6233	6235	3.59915528934833
6206	7431	3.59907386600061
6164	6228	3.59857679965981
6167	6194	3.59851000167007
6147	6152	3.59841161785387
10376	3178	3.59839911689315
7114	7178	3.59826271906654
4666	6227	3.59822894733647
3151	6191	3.59810781343059
3178	6175	3.59754963844781
6160	6165	3.59754385382453
7314	7846	3.59699564484964
3151	6170	3.59664678699105
6206	6208	3.59664194203106
4666	6194	3.59663691641325
6133	9045	3.59662875702227
3178	6147	3.59657285936792
4666	7178	3.59653459900551
4666	6133	3.59631026938352
4869	71	3.59613648218573
6136	6159	3.59610485599677
4869	5478	3.59589687215688
6176	6210	3.59551750915047
6135	71	3.59523932160307
6156	6233	3.5950729318403
6167	71	3.59503570633452
6152	6193	3.59471240833997
6171	6176	3.59451543932356
6152	6164	3.59446107458032
6187	6206	3.59440204577809
6167	6201	3.59421356176995
3151	6161	3.59358975645153
6129	6171	3.59323062825066
3945	6171	3.59299715859236
6176	7431	3.5929044971553
6158	6206	3.59275157411383
4869	6133	3.59244697749127
3945	6158	3.59243329626028
6147	6206	3.59222462847965
1915	6206	3.59217542393454
6209	7178	3.59211931730374
4736	6234	3.5919803029458
6210	9045	3.5919161608767
11224	6129	3.59148760064715
6165	6206	3.59146069377881
6129	6206	3.59142228376055
6129	6147	3.59126961801655
3151	6187	3.59111269166203
6146	6204	3.5910533671188
4869	6229	3.59105145533725
6229	6235	3.59100155066437
6146	6164	3.59086354356376
6170	7314	3.59061558176741
3178	6133	3.59031893501269
6227	6235	3.59012901325079
6135	6152	3.59001612063791
10376	5478	3.58992464956735
1915	9045	3.58979505108851
6193	6203	3.58977728521544
6193	7178	3.58940964167446
6217	6222	3.58936534324955
11224	6142	3.58927126864972
6193	7431	3.58921148532664
10376	6143	3.58914199319141
6170	6204	3.58913686683762
26986	5478	3.58907172976405
6176	6209	3.58898330347976
6129	6208	3.58858889244681
10075	6146	3.58843977859959
11224	6147	3.58825449983157
6158	6229	3.58820231651049
6165	6217	3.58786921239447
10376	11224	3.58781287461891
6147	6235	3.58766135499203
1915	3320	3.58765783367506
6169	7178	3.58753384672624
6167	6204	3.5874491723091
6156	6193	3.58725065539926
6146	6175	3.58723311258959
6135	6209	3.58721636357949
6228	7314	3.58719786900724
6146	6227	3.58691755881865
11224	7846	3.58674003877716
6158	6223	3.58664416027704
11224	6170	3.58648756642027
6156	6169	3.58598355774967
3151	6210	3.58591583450884
6135	9045	3.58587974137694
6191	6233	3.58569058577006
4736	6160	3.58493915315108
6206	7846	3.58447088281369
6170	6217	3.58417993775183
6175	6228	3.58408760244591
26986	6170	3.58383601547985
6129	6217	3.58372184539957
4666	6204	3.58350807803549
6209	6229	3.58320601262812
3178	4736	3.58272999752506
6160	6235	3.58270825808944
11224	6187	3.58270141998008
6164	7178	3.58254767532664
6229	7114	3.58253335727683
4841	7316	3.58236655930622
6158	6209	3.58227568958109
6168	6170	3.58226800395824
11224	6235	3.58212754304729
3945	4736	3.58201454369324
6146	6229	3.58197892650827
71	7314	3.58193615992382
10075	4666	3.58185926440281
6170	6208	3.5816255501155
3178	6164	3.58129808490708
6164	6222	3.58113481017364
11224	6161	3.58098681341078
6135	7846	3.58078259750528
6193	6206	3.58071150858562
6193	6204	3.58067035163479
3178	7178	3.58054226464
3151	4736	3.58051620827786
7431	9045	3.58034818935425
6158	6232	3.57995649258187
4904	7316	3.57994848319326
6135	6208	3.57992926932899
6204	7114	3.57982345008594
6210	6228	3.57960701742067
6135	6227	3.57956465025229
6175	6232	3.57941527960836
3178	6156	3.57916104945949
6165	6176	3.57909836838189
6160	6227	3.57907127422281
6167	6170	3.57892401774035
6191	7114	3.57880236244585
6160	6201	3.57877749457305
6235	7114	3.57861045145355
6142	6203	3.57856812887784
6176	6187	3.57851616999835
6210	7314	3.57846402966232
6175	84790	3.57799898082602
11224	6160	3.5778145178835
6217	9045	3.57776240164753
6168	7314	3.57754984959833
26986	6164	3.57751574127302
6133	6169	3.57747297784089
4736	6170	3.57745096408107
6170	6235	3.57719723044131
11224	4666	3.57717262884227
6222	7314	3.57691159348163
6204	6227	3.57667585261331
6205	9045	3.57664326760983
4666	6176	3.57635881679343
10075	6227	3.57612610989813
26986	6158	3.57592118438329
6222	6232	3.57555565596884
6233	7846	3.57502606380003
6135	6170	3.57501937843037
6146	6208	3.57489520491258
3945	6206	3.5748941931614
6160	6217	3.5744869944534
5478	6136	3.57447191158114
4666	6175	3.57359060277814
6201	6233	3.57335419113961
6161	6227	3.57326828789477
6169	6205	3.57316235673331
3151	6217	3.5730582282912
7431	84790	3.57249783677364
3151	6205	3.57215062321955
6235	7178	3.57176595604869
6167	6171	3.57150446557512
6171	6206	3.57139463139378
4666	6208	3.57119076309659
6187	84790	3.57106955869044
4869	6168	3.57093262380658
6147	7314	3.57077885273652
6158	6169	3.57061915198916
4869	6205	3.57031915519707
5478	6223	3.57019806917849
3151	7846	3.56996860845703
7114	7846	3.5694590621578
6015	9284	3.5691962277718
6146	6203	3.56889355845242
6176	6191	3.56862169595902
4869	6217	3.56850028484906
6229	9045	3.56801264443869
6146	6169	3.56790447001523
6152	6158	3.56786345863003
6160	6204	3.5678608172872
6129	6168	3.56743329137278
6164	7846	3.56675598168453
6204	9045	3.5665587370385
6206	6210	3.56653365629155
6135	6193	3.5664235399712
10075	6158	3.56621231668479
6164	6229	3.56614586028813
6191	6232	3.56604048565111
6160	7314	3.56539868307401
4869	6209	3.56531004033756
6233	71	3.5648741428869
6160	6194	3.56450699225526
6193	6210	3.5642560559112
6135	6233	3.56412819527507
3945	6193	3.56402436742013
6156	6209	3.56400705357599
26986	6129	3.56389259502679
4869	6146	3.5637275615461
6141	6193	3.56349047431897
1915	6164	3.56330827111272
6129	6169	3.56329520999011
10376	9045	3.56310866402141
6229	6233	3.56259774447129
6222	6228	3.56237721225876
6206	9045	3.56237083906567
1915	6135	3.56206854720341
11224	71	3.56202064601239
6170	6210	3.56190417197566
5478	6146	3.56174804088221
10376	6147	3.56122583969241
6129	6152	3.56103174421807
10376	4904	3.56086230776448
6160	6176	3.56026943709688
3151	6143	3.56018500030463
3178	6143	3.55988761943862
6146	7846	3.55966429046181
6175	7314	3.55957801052866
6208	6227	3.55955538428591
3151	6168	3.5594189858707
6209	6222	3.55940044097813
4869	6152	3.55934242839944
11224	7114	3.55919801146945
6164	6176	3.55916975077942
11224	6168	3.55858374111332
6158	6170	3.55802963354619
6191	6217	3.5579519441365
6235	7314	3.55772130735428
6143	6227	3.55751565685553
4666	6165	3.55731637756007
3151	6175	3.55713210964984
11224	3151	3.55711033429302
6193	6235	3.5567467217425
6129	6146	3.55669621839733
6206	6233	3.55652786891901
1915	6167	3.55640850467635
6147	7114	3.55611590801656
6158	6204	3.5557658417041
4869	7314	3.5551527032295
3945	4869	3.5542755904579
4736	6227	3.55395084559832
6143	6170	3.55392505604915
6133	6235	3.55388243727735
5478	6193	3.55378935919023
6143	6234	3.55346305324515
26986	4666	3.55314655919875
6156	6158	3.55285250507286
6147	6160	3.55196267580099
6160	6223	3.55181220349245
11224	6171	3.55165485646298
10376	6164	3.55152241017058
6227	7431	3.55139130406006
5478	6164	3.55103655403508
6164	6206	3.55097983578192
6171	7314	3.55039418434871
6152	6235	3.5503452561491
6165	6193	3.55031790821766
6167	7314	3.54994786685362
3320	7846	3.54966666913927
4869	7846	3.54962620365163
6152	7114	3.54952707354779
6209	6210	3.54939894789731
6135	6161	3.54937207224014
11224	6164	3.54931467139663
6227	6232	3.54926979872441
5478	6201	3.54880839646858
10410	10581	3.54854020034036
2197	6142	3.54850967944408
5478	7431	3.54840353778431
11224	6167	3.54839975219594
6147	6209	3.54823864138819
6146	7431	3.54818454056366
3151	57570	3.54807156038275
7314	9045	3.54801658694159
4736	6158	3.54783769831938
6217	6233	3.5475318794301
6193	6232	3.54746926946795
6135	6164	3.54732230012424
6160	6206	3.54705168630034
10376	6227	3.54699017730255
6168	6206	3.54698348963043
5478	6194	3.54679348543761
3151	6232	3.54679267338715
6143	6235	3.54632241687576
6135	6175	3.54604237592053
11224	6222	3.54601509998505
6204	6233	3.54556839664896
6128	6129	3.54545302869136
4666	6228	3.54540914042997
4666	6229	3.5448397322905
6129	7431	3.54469964004198
71	7114	3.5444700721125
4666	6167	3.54415554634069
6170	6206	3.54346817108151
10376	84790	3.54332176634214
6191	6193	3.54330711187858
6136	6209	3.5432596366687
6133	6160	3.54254921993854
6152	6233	3.54245395550613
4637	6155	3.54188051553976
4869	6191	3.54151122725287
6135	7431	3.54144505019561
6160	6208	3.54139335975207
1915	7114	3.54071405234104
6133	6209	3.54070285895614
6175	6193	3.54065826715831
6170	7431	3.53904916891427
6176	7114	3.53830480255847
6204	6235	3.53830174107431
6129	6223	3.53814221509859
4666	6147	3.53803868452237
6164	7314	3.53768618737136
4869	6171	3.53742593990211
6165	6205	3.53664000532677
6143	6169	3.53631176768729
6169	6201	3.53502396460483
6160	6232	3.5349280658183
1915	6146	3.5345563714696
3945	6209	3.53416284783709
10376	3146	3.53390908548891
6167	6223	3.5338612254182
6201	6235	3.53374893277551
6147	6170	3.53337660967435
6209	6232	3.53264788441621
7846	9045	3.53247984532224
3178	6152	3.53244462814127
6165	7314	3.53238038769313
6143	6233	3.53238021371951
1915	6233	3.53231724578459
4869	6164	3.53223849421274
4666	6152	3.53220330198594
6167	6175	3.53212204452272
10376	6232	3.53174229366568
11224	6233	3.53148654691695
3945	6175	3.53141906223735
6129	6235	3.53139329072944
6194	6235	3.53115137802113
6158	6193	3.53095713963788
6194	6233	3.53077783914828
6135	6147	3.53077043833395
6142	6193	3.53064766013456
6129	6187	3.53029188985685
6158	6161	3.53012140830591
6158	6228	3.52923948175174
6170	6171	3.52921548507143
6164	6191	3.52901086025434
6158	6164	3.52892902722987
4666	6136	3.52825257408851
6171	7114	3.52786299912137
6206	6234	3.52766833449587
6164	6232	3.52756455325664
4666	71	3.5272400536255
4666	6191	3.52718706629146
6147	6193	3.52718127892912
6136	9045	3.52683663193457
6146	6152	3.52679680842541
6209	6235	3.52673496022929
6135	6160	3.52638731494985
6228	9045	3.52623732100173
6222	84790	3.5258255147739
10075	6160	3.52552867747551
10075	6167	3.52535858174254
6142	6201	3.52525230601551
6164	6235	3.52514593227496
4666	6210	3.52456315755173
71	9045	3.52453626796435
3945	6147	3.52430533512568
3146	4904	3.52416795367018
5478	6210	3.52341473817695
4736	6235	3.52331163104425
6129	6175	3.52303591011408
10376	6146	3.52281506899224
4666	6141	3.52260040545389
5478	6234	3.52244232477714
6209	6228	3.52195354550952
11224	9045	3.52163853538229
6158	6208	3.52126832280855
6135	6158	3.52120500706831
6146	6147	3.52060316949044
6146	6235	3.52030395594962
6209	6234	3.51951743372204
26986	6167	3.51919713828366
6176	6222	3.51915297683935
6168	7114	3.51886108111324
4666	7431	3.51835088675959
6169	6229	3.5183194412747
6187	6193	3.51818099988039
6135	6235	3.51795927739052
6147	6233	3.51786622754403
6187	9045	3.51775854327224
6194	7114	3.51757080640131
6223	6235	3.51687154822762
2197	7314	3.51665101132973
51372	6170	3.51590938761993
51372	6233	3.51527474471196
11224	6175	3.51483712194679
3320	7178	3.51477478388456
4869	6193	3.51444216212624
6135	6228	3.51423764151357
6168	6209	3.51416116441014
6169	6228	3.51388282728716
6142	6158	3.5136179307617
6222	9045	3.51349991413728
6167	7114	3.51329410722743
6129	7314	3.5132673779827
10376	6135	3.51316363679853
5478	6187	3.51251571042174
2197	6209	3.51215198917133
6169	6194	3.51210248098247
6160	7178	3.51210041053437
4666	6187	3.51186400237167
3178	4869	3.5107827065745
5478	6227	3.5106585965664
5478	7314	3.5099230078629
3945	6143	3.50966873437183
6191	9045	3.50916237833703
6159	9045	3.50889420362499
51372	71	3.50876666404217
6201	7114	3.50860231367457
3151	6228	3.50774516300924
6167	6168	3.50730662608184
10376	6206	3.50644222162905
3151	6171	3.506319418638
6169	6170	3.50571557897907
3320	6168	3.50528199832809
6168	6233	3.50494859804737
1915	6193	3.50491908376784
10376	6228	3.50403296584172
2197	4666	3.50306112151441
6146	6210	3.50301072927587
2197	6193	3.50270052313333
3320	6204	3.50170821729343
6233	7314	3.50158986681324
3320	6133	3.50126278267415
6136	6146	3.50066835096633
6209	9045	3.5004243834919
11224	6210	3.5004213936906
5478	6222	3.50034675496712
6135	6187	3.50000877197051
6143	6158	3.49954735619772
3945	6233	3.49941286766426
4666	7846	3.49929756537503
6175	6234	3.49923906930574
6160	6229	3.49874593700794
6170	6187	3.49865622225289
6193	7846	3.49856528431339
4666	6169	3.4970796956722
6129	6210	3.49664953881559
5478	6208	3.49656936824617
6146	6191	3.49608732354792
6143	7114	3.49349991572884
6203	6227	3.49214989165459
6169	6233	3.49205176146387
3945	6129	3.49197181572269
6135	6191	3.49157553632506
5478	6143	3.49149703059253
4736	6233	3.49102394967343
1915	6209	3.49098737720566
3178	3945	3.49043085465003
6161	6167	3.49033839441956
6136	6175	3.48857695192601
6164	6227	3.48826235729709
6146	6165	3.48715552640565
6152	6160	3.48710785668158
6160	6187	3.4865786248245
51372	6129	3.48645337117646
6208	7114	3.4863833684066
6171	6209	3.48636567690184
6155	6170	3.48633989373504
10376	6193	3.48614157048038
3151	6147	3.48572960797759
6146	6187	3.48550369219094
10075	7114	3.48549780959017
5478	6204	3.48533032847919
6159	6175	3.48518587690091
6133	6227	3.48449539513483
6193	6222	3.48429655605551
10376	7316	3.48427449987347
4869	6147	3.48338080205031
6146	71	3.48313983566402
11224	3178	3.48164384804059
6160	6175	3.48144329103606
3151	6176	3.48129517455292
4637	6170	3.48128475870688
2197	6203	3.48114671694634
6156	6160	3.48038728933702
4869	6206	3.48038329443109
6170	6193	3.4802378916064
6156	7114	3.48020073881119
4666	6235	3.48003483357906
3320	6156	3.47989762111329
1984	5702	3.47932511610095
6171	6233	3.47901777999835
3945	6142	3.47897029008383
6167	6210	3.47867114137864
1915	51372	3.47846245366371
4666	6203	3.47834287848908
11224	4869	3.47791925282065
4869	4904	3.4779178939236
26986	3320	3.4778050842838
6146	6234	3.47767028875335
4666	6129	3.47743866457987
3151	6129	3.47735960262179
5478	9045	3.47732018788213
3178	6217	3.4772130229014
6227	6228	3.4771978317384
6152	9045	3.47703765301493
10075	6169	3.47693923083129
6160	6169	3.4765723157228
3320	6171	3.47578995700942
10075	6233	3.47532935813819
6194	6234	3.47524347022971
6169	71	3.47475739618198
6142	6176	3.47421674617601
3945	6146	3.47311282336163
6161	6170	3.47280709499106
4736	7114	3.47191538607315
6167	6208	3.47163950822094
6187	6227	3.47146113087227
6160	6210	3.47112762285
3945	7114	3.47102838913588
10376	6176	3.47090891647878
3151	6135	3.47081848015336
6135	6142	3.47071167145538
6158	6210	3.47040630778125
4666	6232	3.47010879062868
6165	6232	3.46999707842652
4869	6135	3.46920117567916
6128	6232	3.46812406410118
6156	6235	3.46759777308458
3320	71	3.46728785469353
4869	6228	3.46727808750465
6158	6167	3.46619463746689
6209	71	3.46607035401036
3151	6227	3.46589314458608
6167	6193	3.46579553642827
3151	51372	3.46556541014265
6191	6227	3.46512551815179
6168	6193	3.46499208280502
6158	6165	3.46490417765862
6142	6217	3.46419333393394
6135	6210	3.4641900378342
6160	7431	3.46350827566494
4666	4869	3.46346919131663
6165	6169	3.46339407093385
3146	57570	3.46318264337831
6152	6167	3.4629584281012
6129	6161	3.46292997806287
6136	6143	3.46289024400622
3945	6135	3.46277071014051
6158	6168	3.46233641166239
6167	6187	3.46228687358502
6165	6201	3.46190604413126
4736	5478	3.46188058517383
6169	7846	3.46130381524308
6161	84790	3.46104226916154
3178	84790	3.46022626708396
6169	7314	3.46019222758072
6158	6233	3.45996571180945
6175	6176	3.45955352119217
3320	6129	3.45900509596404
6135	6171	3.45841641560969
6142	6205	3.45837453763173
5478	6217	3.45827657627062
6206	6222	3.45806332342822
6235	71	3.45779360959894
7114	7314	3.456656974306
6141	6160	3.45635927010548
6191	6206	3.45534780819708
6170	6222	3.45522587515682
6164	6165	3.45429440206898
6161	6235	3.45426547633816
6164	6167	3.45330949934693
6146	6170	3.4532260726948
10075	5478	3.45316363323118
6164	9045	3.45267415555137
6142	6170	3.45224451161347
3320	6187	3.45216817203033
1915	4666	3.45192379635351
3320	7431	3.4514356322808
6160	9045	3.4514328230239
6171	6235	3.44966223853352
10376	3320	3.44894302745061
6156	6227	3.44889192440147
6208	84790	3.44877160374602
6142	6194	3.44798883708228
3945	6235	3.44728710713531
6169	6204	3.44648303776253
2197	6141	3.44633590787866
4666	6159	3.44608385861773
26986	6233	3.44600227770513
6147	6169	3.44592780812664
6143	6159	3.44578488624551
3151	6206	3.4453152249756
6152	6165	3.44431125494501
6146	6233	3.44381434024007
6204	84790	3.44378111151577
6161	6169	3.44354630024855
6158	6187	3.44303805792294
6158	6160	3.44299406170056
7114	7431	3.44285010245206
6146	6158	3.44125393852723
3945	9045	3.43994297838263
6158	6191	3.43973344237739
6158	7431	3.43871064751948
6187	7114	3.43852587254566
3178	7314	3.43759537210724
3320	57570	3.43750664684894
6209	7846	3.43750431960717
6164	7114	3.43731117268083
2197	6201	3.43710148292756
6155	6233	3.43709910248852
6193	71	3.43558819335004
6217	6234	3.43309068249713
6141	6203	3.43217971563417
6128	6170	3.43172663839084
51372	6156	3.4316794099505
6203	9045	3.43100933270437
51372	7178	3.4309606900781
3151	6158	3.4309028309515
1915	6158	3.42928995461252
6187	6234	3.42926252905105
6170	6227	3.42900340556848
3151	9045	3.42848420740308
6158	7846	3.42809082002075
4637	6128	3.42721291254489
4666	6170	3.42679495530836
6146	7114	3.4267210546784
26986	6160	3.4262194206931
6167	6209	3.42493092162461
3320	4904	3.42462917906082
6210	6227	3.42333041313235
6164	6169	3.42293851260147
6141	6165	3.4226169885814
6168	6235	3.42251872317452
6161	6234	3.42196504493446
6232	9045	3.42195395900496
26986	4904	3.4214074016948
6160	6203	3.42124802937748
6165	6223	3.42094393713059
6136	6161	3.42040976404617
4666	6233	3.42007530563486
4869	7316	3.42005658826676
6152	6234	3.42005339550665
3178	6209	3.41934147939815
6167	6191	3.41924859464946
6223	6234	3.41914712421504
6141	6227	3.41831080134027
6169	6223	3.41826027934665
3151	6209	3.41802588420207
3320	6194	3.41756582947266
4904	7431	3.41681454506179
10376	6129	3.41558449340951
3945	6164	3.41550737291184
6135	6165	3.4143012839217
3178	6228	3.41419135121467
6217	7114	3.41375338039868
6206	7114	3.41233333469054
6176	9045	3.41208361033471
6167	6227	3.41067301509241
6222	7316	3.4101735981926
3320	7114	3.40997504190409
3178	6232	3.40965566847406
26986	7114	3.40829389615033
6147	6227	3.4082019617305
11224	6203	3.4078101401787
10075	6235	3.40730558774639
6208	6233	3.40725156221409
6168	84790	3.40718700801711
6223	6233	3.40702563368283
6142	6229	3.4064429294631
6129	6222	3.40583719007774
6135	6168	3.40498892550033
6168	9045	3.40457406918263
6141	6209	3.40431962982586
6160	6167	3.40175057163354
10376	6170	3.4010414770594
4904	6204	3.40041198519173
4666	5478	3.39976209347147
6235	7846	3.39963033999613
26986	6142	3.39795755420469
6227	9045	3.39778559475388
26986	6234	3.39765855651086
6142	6223	3.39666977954737
6161	6165	3.39607853122338
6146	6171	3.39596632110938
1915	6227	3.39512809511438
6122	6159	3.39477239614196
3320	51372	3.39475162544628
6204	6234	3.39465854897349
4904	6175	3.39463379723145
6169	6193	3.39424112661881
10075	3320	3.39260802439656
5478	6205	3.39254454420905
6160	71	3.39232351327383
4869	6232	3.39115825841288
10376	4666	3.39077040911193
6164	6233	3.39026058583862
6210	84790	3.39022494459938
6164	6170	3.39022073108992
6203	6209	3.3898481477293
6223	7114	3.38958798073914
6187	6233	3.38946251867735
4666	6168	3.38897480965709
6129	9045	3.3887448073087
6146	6222	3.38695724746929
6135	6234	3.3864063191719
6234	7314	3.38623448971662
6167	7431	3.38562999000802
7184	8125	3.38533165640528
6191	6209	3.38517956831178
5478	84790	3.3841199106586
6136	6193	3.38274496665809
4904	6222	3.38249050789562
6208	6235	3.3823090729235
3320	6233	3.38113438384003
6158	6171	3.38090364113199
3320	6222	3.3808193581987
4904	6187	3.380085182828
6175	6227	3.37845841299127
4869	6159	3.37767270481533
6142	6206	3.37736238025959
6142	7178	3.37628483005511
3320	6228	3.37458916687495
6160	7846	3.37418402459734
11224	2197	3.37417249472823
6147	6158	3.37381939743214
6227	7846	3.37377976976444
6146	6168	3.37343939238161
6222	7114	3.37293688599824
6143	6165	3.37247926476056
6169	6210	3.37188482778768
2197	26986	3.37188440470237
6175	7316	3.37096700768436
4736	6136	3.36960959569702
26986	6235	3.3686372314997
3320	6191	3.36810505780874
6128	6133	3.36611601465909
6160	6191	3.36572631967819
3320	6170	3.36513877490398
6233	7431	3.36470901331343
3146	7316	3.36348001872601
6160	6222	3.36319918314522
6171	84790	3.36300205723169
6135	6203	3.36266950733267
6222	6234	3.36227832703244
6143	6203	3.36123972573713
6203	7314	3.36078764389866
6129	6164	3.35997455745466
6234	7431	3.35976740533268
6227	71	3.35949049458514
6171	6193	3.3588610046131
3945	4666	3.35831217454911
3151	6146	3.35768178260727
6165	7178	3.35711941152738
6160	6168	3.35698320955925
3320	6175	3.3564871442379
5478	6152	3.35613986455947
6141	6223	3.35608194213229
6193	7114	3.35564493005418
4904	57570	3.35346118706815
4666	6222	3.35336674970898
1915	6169	3.35314793746962
6168	6227	3.35253106963274
55082	7072	3.35152251818676
51372	7846	3.35059500803621
5478	6160	3.34982135270727
4904	84790	3.34910157099367
11224	6128	3.34898320608503
3320	6208	3.34831769102562
3320	6229	3.34660508050516
6142	6146	3.34553015852584
4736	6142	3.34472544708739
7316	7431	3.34449401562024
6170	6175	3.34374999368574
6205	6234	3.34358313643224
6222	6227	3.34341239175619
6171	9045	3.34322703052236
6128	6228	3.34287052561716
4666	6158	3.3426932883439
3945	6165	3.34102437752802
6135	6222	3.3409090799155
5478	6156	3.3398211446485
6229	6234	3.33962639996861
3320	3945	3.33954949280525
3151	6164	3.33858594811963
3151	6193	3.33848271092178
6160	7114	3.338025506582
3151	3178	3.337644570184
6169	9045	3.33664242569065
2597	6122	3.33604079985056
6201	6234	3.33203554708981
1915	6160	3.32998079689059
51372	6232	3.32760735349081
4666	6171	3.32720281656669
3178	6193	3.32697071120625
4904	6208	3.32643611434902
6169	6171	3.32628298146422
6234	7178	3.32595134227234
6210	6235	3.32487987675141
6161	6233	3.32440122443099
5478	6206	3.323737821279
6160	6171	3.32335669117256
6158	71	3.32331410389503
6147	9045	3.32064016818902
6187	6235	3.32052531232666
6141	6143	3.32025864403076
4904	6168	3.31979554894992
2197	6135	3.3193402079916
11224	6169	3.31722835089708
6135	7114	3.31678975799354
6142	6209	3.31669616597089
1915	6235	3.3158422274113
4736	6203	3.31398233885139
3178	6176	3.31377587660533
6159	6161	3.31337393913396
26986	84790	3.31329772186989
4869	6227	3.31183395126089
6141	6205	3.31108023321839
26986	7316	3.31010248276769
6210	6233	3.3081227104337
6169	6208	3.30811224952517
6210	7316	3.30804583972313
6152	6169	3.30768475043923
5478	6165	3.30454881699145
6128	6176	3.30442925828309
6167	9045	3.30427938865998
3945	6155	3.30377016906224
6129	6193	3.30317657302221
6191	6235	3.30234082442875
3151	6233	3.30201929888931
6170	9045	3.30002439279878
6129	6158	3.29984808613958
4637	6230	3.29902154126059
4869	6170	3.29893620841303
10376	57570	3.29869121946926
11224	6165	3.29779638878811
55084	57484	3.29716350948532
4869	6234	3.2955389228768
3320	6232	3.29432548286381
3151	3320	3.29414599555385
11224	6234	3.29366739284231
4736	6159	3.2936447067441
1915	4904	3.29322756317503
3320	6201	3.29217148544749
6165	6203	3.29155499436338
1915	7316	3.28942200209129
6164	84790	3.28860119762621
26986	57570	3.2871966654975
6193	6234	3.28717915717446
11224	5478	3.28705127436814
6175	6233	3.28667186092939
6164	6234	3.28622690557265
10075	6234	3.28552933962892
3146	7431	3.28531781229326
4904	6194	3.28519571326102
6161	7114	3.28334561739789
3178	9045	3.27875539452898
51372	6204	3.27752233749683
6169	6175	3.27434879547982
6208	7316	3.27211025934994
6142	6152	3.27079975153551
6133	6234	3.27040320673774
5478	7178	3.27015530557623
3945	51372	3.2693814284869
6169	6209	3.26921061763182
26986	6169	3.26854060438668
6210	7114	3.2660835599537
6227	6233	3.26596901021845
4869	6160	3.26397552977908
51372	6168	3.2635905443495
7316	84790	3.26287677460692
6203	6206	3.26041233586457
6208	6234	3.26007529457028
6136	6217	3.2583741145266
2197	6152	3.25793834965935
3945	6167	3.25780338509587
6136	6203	3.25750667056205
6142	6235	3.25717524181577
6128	6233	3.25701343616313
6169	6227	3.25638430531271
6160	6170	3.2560524197467
6210	6234	3.25413294421943
6201	6203	3.25254977366206
6128	6169	3.25212229213492
51372	6201	3.25191107112396
6147	6234	3.25172604217872
2197	6194	3.25096390433397
6159	6194	3.25055470629121
2197	6223	3.25009205624769
6235	7431	3.24924586233198
6165	6167	3.24920422456872
6171	6227	3.24888724116172
1915	57570	3.24854085296871
4869	84790	3.24847320289468
6141	6161	3.24791829498229
6129	6160	3.24789240618715
6155	6176	3.24749330319879
4666	7114	3.2448787069189
4869	6176	3.24269583869666
26986	3146	3.24240370294685
6142	6191	3.24205156600736
6136	6206	3.24186705734187
10075	51372	3.24162342624262
10075	4904	3.24075424414678
10075	84790	3.24004612395701
3945	5478	3.23970591706651
6165	6194	3.23906641479514
3146	5478	3.23854368745687
3151	4904	3.23825448819529
6136	6201	3.23751514752773
6142	6143	3.23734217605133
81856	90338	3.23719315159574
4637	6233	3.23652337713996
6203	6205	3.23425274851074
4904	6210	3.23404976437652
10376	6233	3.23334496973934
1915	84790	3.23304271548497
6165	6170	3.23226834900201
6227	6234	3.23090585395935
4869	6136	3.23063907163554
6194	6203	3.22887231700704
4637	6142	3.22777801666262
6132	6188	3.2258247560925
6175	7114	3.22557127062998
3151	7114	3.22509626707444
6156	6234	3.22483972391173
6165	6229	3.22477548297281
3146	3151	3.2242095535033
51372	6194	3.22413968809191
6188	6203	3.22300535333877
6142	9045	3.22144615191281
4666	6234	3.22109540627718
6158	6175	3.22042646364721
51372	6229	3.22029473127288
3945	6160	3.21860684026986
5478	6229	3.21826449544952
3945	57570	3.21825824169377
4904	6191	3.21770145337726
10376	6158	3.21593076174306
1915	5478	3.21589880426961
2197	9045	3.21492824485549
2197	6146	3.21381959143525
6136	6160	3.21325945084436
6165	6233	3.21315932130213
2197	6205	3.21227258681338
6128	7178	3.21163513783705
4666	6142	3.21134409468599
6232	6234	3.21100859486115
3151	5478	3.2107147122424
6158	6203	3.20975502448561
2197	6143	3.20711751877099
26986	6165	3.20701550886719
5478	6159	3.20696080018662
6141	6152	3.20617814615748
57570	6133	3.20356405882661
6135	6136	3.20306963252526
6158	9045	3.200562546463
3146	84790	3.19928875021106
5478	6203	3.19684700236935
6169	7114	3.19494000370364
5478	6133	3.19208675670375
6141	7314	3.19121279932065
51372	6191	3.19037250249034
4736	6165	3.1890562461931
51372	7431	3.18893596316979
6128	6167	3.1877389169168
6142	6232	3.18666717030485
6171	6234	3.18621785169692
26986	6136	3.18464463571852
51372	6210	3.18443223789027
6193	6233	3.18438396497132
4637	6176	3.18321011719789
26986	51372	3.1798259122919
6170	6209	3.17868235160249
6165	6204	3.17850212686316
6133	6142	3.17806939077041
6194	84790	3.17795155924615
2197	6217	3.17721607875369
6168	6169	3.17688735358389
6160	6234	3.17662666822038
4869	6158	3.17502786633455
4869	6129	3.17402640595352
3178	6129	3.1739878565568
3178	6160	3.17315801617436
4904	6161	3.17288375502051
3151	6142	3.17268717417891
6235	9349	3.17258572407211
2197	6160	3.1714591305257
6136	6194	3.17078236952472
10376	6167	3.1700161975157
6132	6203	3.16879682189087
6158	6222	3.16849249003125
6169	6187	3.16779407125184
2197	6159	3.16728373065834
10376	2197	3.16676213979206
6165	6228	3.16676164840063
6141	6201	3.16669045558963
2012	23764	3.16643506234312
4841	4904	3.16548380959965
51372	6176	3.1650006137366
5250	7316	3.16358601987552
10075	6165	3.1632377350905
6167	6234	3.16185207980871
3148	6128	3.16157082349786
6187	7316	3.16052337865303
2197	6136	3.15794045046099
6167	6222	3.15441495381767
6158	7114	3.14839784707955
3320	6210	3.14451271879934
57570	6194	3.14357229044595
3178	4666	3.14290360730034
3320	6152	3.14218923674501
4904	6201	3.14172330706037
4736	6141	3.14115322981207
6160	6233	3.14097529668965
2197	6208	3.13627373527868
6155	6235	3.13427255477705
6136	6164	3.13424918217217
10075	6142	3.13399675639831
11198	1495	3.13044729746171
6175	6235	3.13018149296755
6159	6210	3.12921449880084
5478	6168	3.12493338258239
4869	57570	3.12477488087776
57570	6228	3.12397067121216
3320	6205	3.12385203231667
4904	5478	3.12379335402503
6191	84790	3.12265273691205
5478	6132	3.1187112420021
23764	857	3.11830687795765
51372	6152	3.11804962460863
2197	6191	3.1174044205312
6152	6155	3.11703984764297
6155	7114	3.11693652849854
6136	6227	3.11305063720528
6209	6233	3.11295313155558
3320	6147	3.11239475894604
6203	6217	3.11232885394053
3178	5478	3.11026466643228
2197	6161	3.10894543811635
57570	6201	3.10777379684815
6135	6141	3.10674783346645
51372	6133	3.10648670677322
6142	6167	3.10611608351872
3146	6175	3.10589929480662
3320	4736	3.10428765934624
6129	6227	3.1028156484772
6159	6201	3.10146602054703
10376	7114	3.0993681826987
51372	6205	3.09718558322875
6142	6228	3.09480208207929
71	84790	3.0940336281526
10376	51372	3.0935488758107
57570	7431	3.09336726447134
6209	7114	3.0920358846533
6128	6229	3.09059080091201
1915	6234	3.0894468971635
6203	6234	3.0891290677879
3320	4869	3.08746536915729
6136	6223	3.08741737557674
22822	56034	3.08635320461937
10524	5226	3.08432536669263
51372	6171	3.08141737242476
6128	6158	3.07804539651652
2197	4736	3.07804022134998
2197	7431	3.07761017043223
3178	6158	3.07725844554687
6165	6210	3.07700652503857
6234	9045	3.07634646995566
2197	3945	3.07532069316685
3945	4904	3.07202625015864
6159	6203	3.07031737268578
6227	7114	3.06922853202192
11224	6155	3.06780515916644
6156	6165	3.06700395557537
4904	7846	3.06564078477386
6159	6208	3.06493312175873
5478	6171	3.06265999646007
6142	6165	3.06090016765193
6155	6205	3.06017986634565
6203	6235	3.0597340254253
6147	84790	3.05962753434554
3146	4869	3.05951942753511
5478	6158	3.05940033220058
6176	6234	3.05909442179156
57570	7178	3.05903302027798
6234	71	3.05791811679483
6191	7316	3.05745578464791
5478	6135	3.05684958841508
10376	6136	3.05671922368563
3146	6222	3.05493382546067
10376	6160	3.0523948055527
6155	6227	3.04986397061394
4841	5250	3.04816063477588
51372	6187	3.04744224876406
7846	84790	3.0464395048465
2197	5478	3.04624097605249
6155	7314	3.04211912076526
5478	6147	3.04018281722706
4904	6156	3.03699500626117
3178	6170	3.03436396083086
6141	6159	3.03355461553836
6159	6193	3.03351442174776
51372	6208	3.02794577054589
57486	90338	3.02783881151288
1915	3146	3.02724251780439
6234	6235	3.02361418869821
6169	7431	3.02334476325606
3178	6135	3.02302076502323
4637	6235	3.02226514978771
5478	6141	3.02169245181055
6141	6217	3.02028593732728
26986	6159	3.01949227813504
6159	6188	3.01670922022349
6129	6142	3.01218863614908
3178	6227	3.01036342680224
3151	7316	3.01031437416125
6168	7316	3.00971539078902
6141	6194	3.00725865734448
3320	6161	3.00667197262994
6136	6208	3.00656677247327
57570	6204	3.00650699765033
6194	7316	3.00609811037995
6142	6156	3.00509653114931
11224	4637	3.00454211393643
3151	4666	3.0022991896532
3945	6169	3.00098345706509
6141	6142	2.9992170311573
51372	6147	2.99898908885131
6128	6205	2.99806314945675
57570	6191	2.99774664521051
57570	6208	2.99620616000278
51372	6222	2.99090666999769
6129	6209	2.98793890874679
6223	84790	2.98393374565281
6141	6146	2.98295046891445
6222	6235	2.98234483051163
3320	6223	2.98206935679831
6222	6233	2.98168926211444
6141	6210	2.98156939467508
6201	84790	2.9811755673057
6165	6208	2.98094528721242
3320	6143	2.97917341030462
6165	7431	2.97631714963997
3178	7114	2.97599428888582
6128	6135	2.97467231209837
22803	29066	2.97389264152865
57570	6152	2.97292207972652
6159	6209	2.97152789041241
6159	6223	2.97143786941362
6156	6159	2.97117435463774
6142	6208	2.97045888014605
6165	9168	2.96996015637375
2197	6165	2.96939509396942
2197	6204	2.96731229230707
6152	6203	2.96465464847113
4637	6129	2.96246659872903
6128	7846	2.96192818493634
57570	7846	2.96151801093235
4904	6133	2.96090839767127
57570	6156	2.95926485978605
4904	7178	2.95713225168653
6209	84790	2.95655786405693
6128	6201	2.95272923959274
10376	6234	2.9505344028236
6142	6233	2.94721383416344
6136	6156	2.94028304321482
5478	7846	2.9398774718635
2547	5710	2.93658355983376
6156	84790	2.93610454746885
10075	7316	2.93531072758348
10075	57570	2.93452970992327
6204	7316	2.93424659573036
51372	6223	2.93299068441775
2023	5226	2.93140086674379
6128	7114	2.93069225551653
6133	6203	2.92995446906868
2197	6229	2.92909308983025
2197	6206	2.9248250898459
6167	6203	2.9247457163689
4904	6223	2.92307711193224
6155	6228	2.9217650524274
3146	6204	2.91306261251828
3146	3320	2.90967747742538
6165	6234	2.90672840488119
57570	6175	2.90453493325699
1337	7311	2.89714027893149
6169	6234	2.8970353489177
26986	6203	2.89644083348105
6205	84790	2.89574172330571
6128	7314	2.89387920498951
6155	6158	2.89104787134347
3015	6233	2.89093192074956
3185	5702	2.8898121398949
6141	9045	2.88965248853268
6143	84790	2.88860555648131
3320	6167	2.88683963624324
6165	6187	2.88530230265689
3146	6208	2.88482644544575
6128	6235	2.8847864276309
6203	6223	2.88299712497983
57570	6187	2.88000200973282
51372	6175	2.87989254989991
3320	7316	2.87936252114261
3015	6232	2.87816971849687
170960	8621	2.87798012173982
6146	6159	2.87116366391172
4637	7114	2.86797478104405
6136	6204	2.86613608531183
7980	857	2.86397502396566
6176	6203	2.86209064079938
6159	7431	2.86135661955269
6142	6204	2.86086054035379
3146	6194	2.8607855217233
6128	6217	2.86006156452341
6159	6204	2.85954427962284
3178	6206	2.85826929205082
6165	6175	2.85683208240966
6169	6203	2.85481234062262
4904	6171	2.85439116998322
3320	6217	2.8540837077085
2197	7178	2.85262679868533
6136	7431	2.85257477835255
6165	7311	2.85231768169405
6141	6234	2.85100010482291
4869	7114	2.84851598006788
3146	6187	2.84654945424675
5478	71	2.84266264147944
4869	6167	2.83947589703002
3151	6235	2.83914952119762
6161	7316	2.83850000818774
6141	6235	2.83526683071156
6133	6165	2.83400588312424
22822	2791	2.83330694697338
2597	7316	2.82897002326016
100129792	90338	2.82647364749052
3015	6635	2.82639950808132
4869	6169	2.8252996881847
10075	2197	2.82399075678247
23764	7980	2.82374302723648
57570	6170	2.82295820718
57570	6222	2.82259337620395
11216	647135	2.8223721229547
4904	6152	2.81853101316815
6147	6165	2.81819217826674
11333	3326	2.81484454877048
3320	6206	2.8116034557579
6142	6155	2.81038518487203
3146	6201	2.80859010887956
53917	56339	2.80714972349397
6141	6164	2.80659546898245
6136	7314	2.80538251027574
26986	6141	2.80504839237221
5478	6176	2.80363085191714
6165	7114	2.80335609151439
6155	6232	2.8017327178732
6169	6191	2.80037865791835
6142	6160	2.80023542035896
23312	55608	2.79529414086433
6136	6188	2.79529006296073
4869	6141	2.79527008152573
4736	6128	2.7945160064686
3015	7114	2.79112269170018
6128	6194	2.7899560722629
6141	6206	2.78705307594615
7316	7846	2.78542281502823
3178	4904	2.78354240275992
3320	7314	2.78321088751569
6128	6230	2.78155654986952
6234	7846	2.78091902780259
6152	84790	2.77999596809845
3151	6165	2.77940857167375
5478	6228	2.77466773751186
5478	6232	2.77092628125157
6165	71	2.76821638407407
57570	7314	2.7661094083396
10075	6159	2.76428773134004
6141	6208	2.7639775659731
6230	6233	2.76202268431508
4904	7314	2.76029917296901
6141	6229	2.75982413157769
4904	6164	2.75968392981274
22803	3326	2.75958642890013
6142	7431	2.75838309103283
3178	6146	2.75655529788937
11224	3320	2.75568471884249
6142	6161	2.7524298447124
10054	152100	2.74186811226068
6201	7316	2.73329680902301
10075	6136	2.73291177305272
10376	6159	2.73056902604709
6155	7178	2.72675190044056
6136	6234	2.72597468217704
6203	6228	2.72406655688581
11198	8125	2.72399009964476
2197	6175	2.72362349027518
3320	6176	2.72147175054928
3151	6160	2.71706876849957
1915	6142	2.71557829079011
100129792	5143	2.71251678790769
4904	71	2.70823690431454
6128	6142	2.70750808029671
6141	6175	2.70583102517901
2197	4869	2.70475280195158
11224	57570	2.70399601209469
51372	6217	2.70230510087031
1915	6128	2.70187363912139
6161	6203	2.70094787524966
71	7316	2.69996235375486
4637	7314	2.698753305685
5478	6191	2.69684010070468
3945	7316	2.69594762765689
11224	6136	2.69538069205063
6159	6164	2.69448231378087
51372	6143	2.69371078748266
4904	6205	2.69334175823755
6155	6229	2.69285175993597
4869	6203	2.68926820008488
3151	6169	2.6885734694186
6136	6210	2.68769648546414
6159	6191	2.68669286303724
10376	6142	2.68649200082046
6223	7316	2.68578708344971
5143	90338	2.68491927428201
4736	84790	2.68420752489712
57570	6129	2.68212327860323
4736	51372	2.68100526415995
5226	9805	2.68080422709942
6135	6159	2.67865112683986
3015	6129	2.67834354869085
57570	6146	2.67826291056123
6136	6187	2.67752658578098
3178	7316	2.67570101826195
6169	6222	2.67263616103017
3945	6141	2.66811061640607
6164	6203	2.66773975268086
6168	6234	2.66709350598319
6129	6155	2.66353987357126
11224	6141	2.66035299424009
10376	6165	2.65929840702833
6228	6234	2.65690056140662
6155	6165	2.65678903423652
10075	6141	2.65479448710356
6229	84790	2.65426159137555
3151	6167	2.65347626192553
6159	6160	2.65280495660521
6132	6136	2.6471939538566
10075	3146	2.64436189314551
3151	6234	2.64415816936991
57570	6143	2.64112663214428
6136	6141	2.63909495521784
57570	7114	2.63551242835915
6206	9168	2.63138414970513
4904	6209	2.62862448479393
100129792	9253	2.6253726760752
6230	6235	2.62337801931293
6156	6203	2.62273499155496
7178	84790	2.62257319750644
8519	8544	2.62117919275164
6142	6169	2.62040232304774
6203	7178	2.62000795443604
6155	6191	2.61953889815156
7114	9045	2.61929120162726
3146	6210	2.61919734280353
4637	7178	2.61452843026838
6159	6205	2.61397578939917
3015	4637	2.61305562741953
51372	6167	2.6120471513888
57570	6223	2.60939871355718
4637	6228	2.60905593248021
6203	6232	2.60241999122717
6159	6187	2.60098714504545
80097	90338	2.60056019048618
6227	7311	2.59669533463974
6128	6156	2.59492047157152
2197	6164	2.5912839998594
6165	9045	2.58549295150757
2791	56034	2.58337920141047
51372	6161	2.5824455259823
3945	6234	2.58037397267326
2023	5631	2.58029777746411
51386	6203	2.57809142539652
6159	6222	2.57745060087151
6175	6203	2.57377806890014
57570	6232	2.5707059704813
3945	84790	2.56901808406424
3146	6161	2.56692617275125
6203	6229	2.5655061636075
2597	5250	2.56323627222458
2962	5226	2.56316579487417
6155	6230	2.56098146591982
5478	57570	2.56042011519885
6136	6205	2.55418074225562
57570	6205	2.54526468927126
3178	6167	2.54462204250226
57570	7316	2.54409435975312
6141	6176	2.54280529847061
6203	6208	2.5424964695174
6171	7316	2.54156720678283
3178	6234	2.53159972858557
3146	7846	2.53139294731853
5250	6122	2.52965706951799
51372	6135	2.51911616750164
4637	6232	2.51700899567014
57570	6229	2.51605129043828
6142	6210	2.5090782686449
3945	4637	2.50807628149778
6141	7431	2.5059573737393
10376	6235	2.50576856040628
1337	9349	2.50324531652838
6129	6165	2.4985580410147
6141	6158	2.49336871699972
51372	6228	2.49001813194389
6128	6191	2.48517314732474
55082	57035	2.48088935594129
6158	6234	2.48057728317256
6133	84790	2.47953190553756
3015	3320	2.4776146021749
6156	7316	2.475059541242
6155	6201	2.47355435518159
6170	6203	2.46909740189846
4869	6233	2.46849640791917
3146	3178	2.4681372458252
793	7980	2.46810169456501
3146	6156	2.46242479098775
2197	6176	2.46088295558451
57570	6171	2.46008977490814
6133	7316	2.45454742150602
6165	6168	2.45425549608921
6122	84790	2.45355212762719
23015	81669	2.44613259694727
6165	7846	2.44489086732643
51303	55608	2.44470692490072
10075	6128	2.44316619843929
3178	6235	2.44229414006462
57570	6233	2.44148511607576
4904	6229	2.44015274523269
57570	6168	2.43776246475645
6233	9045	2.43538682010961
6133	6159	2.43516871448318
57570	6210	2.43216817511558
3151	6155	2.42995638432271
1915	6165	2.42960797082209
4869	6165	2.42914723846516
3326	5631	2.428261671426
161742	2113	2.42646443199291
6141	7178	2.42631266367587
1195	94104	2.42396838702918
6141	6204	2.42145555711733
4637	6205	2.41847736305788
23028	8664	2.41392776911939
6141	6147	2.41122217648728
3151	84790	2.40995566971259
6133	6155	2.40925849845168
6165	6222	2.40674470922462
2197	6210	2.40626429676838
6128	6146	2.40357786180714
6141	6156	2.39833432611473
1915	6159	2.39820391375104
5478	6188	2.39663491253711
11198	11333	2.3952231919571
3945	6203	2.39048541812605
3178	6159	2.38637958298833
2597	4904	2.38443288419396
3015	6170	2.37901744403899
2197	6158	2.37755339318873
3146	6223	2.37425243889767
7178	7316	2.36940499193207
51372	7314	2.36860391334001
2197	6133	2.36070889679198
4736	57570	2.3595750631997
3178	3320	2.35602198477498
6142	7846	2.35501822818688
51372	6206	2.35453782490388
4904	6147	2.35382198110608
2023	57599	2.35336296193905
51372	57570	2.35213545526724
2197	3151	2.3520294074101
57570	6161	2.35151859486697
6141	6222	2.34959423951217
7316	9045	2.34889188636355
4904	6143	2.34528338623976
6141	6187	2.34315822807418
57570	71	2.33879722999676
6217	9168	2.33874111700459
6165	9349	2.33168677726981
57486	81856	2.32519420696697
2197	6187	2.32506012965431
3178	6233	2.32360474692986
4637	6158	2.3223362033089
6136	6165	2.32215209537435
6133	6136	2.32154448949153
10376	6169	2.31499498775032
6136	7178	2.31302661505685
6155	6193	2.31285136910951
2197	6156	2.30721158442123
5226	9793	2.30362669015181
6234	7114	2.30196713616629
4904	6228	2.30002052866504
11224	4904	2.29416803741853
4637	6227	2.29381418853044
2597	6418	2.28776445713895
6159	7314	2.27708014253617
6128	6206	2.27533752431057
6159	84790	2.27368707097778
26118	4820	2.27112408157663
6235	9045	2.26877649896705
11075	5168	2.26827343477674
6136	6167	2.26726619013102
6191	6203	2.26687697679708
3146	6164	2.26202725161529
4637	6152	2.26154215927557
4904	9045	2.25791764875362
5478	6167	2.25164942458417
2023	9805	2.25037625850117
4904	51372	2.24564476654555
6230	65108	2.24517291076273
6155	6217	2.24506802187611
4610	6297	2.24480957194916
4869	6142	2.24287131857275
1195	6015	2.24206959332507
6203	6204	2.24061300711362
5757	6129	2.24022892972066
6141	6170	2.23924558559181
3146	6168	2.23097048992439
10075	6203	2.22549105878012
3146	6171	2.2251448737781
6147	6159	2.22472178072208
6203	6210	2.22214317980661
5478	6169	2.21895873936117
6142	71	2.21756535909784
3945	6128	2.21656743851785
4637	6229	2.21280935575156
6128	71	2.20981890969101
6136	6147	2.20843660117801
3420	80279	2.20444709678702
3146	7178	2.19917282783831
6188	9045	2.19913388406181
4869	5250	2.19834804301615
6142	7114	2.19454922623579
4637	6133	2.19268905918267
2197	6222	2.18860749018579
3182	9805	2.18782737107576
3146	3945	2.1843215923958
6165	6171	2.18063342660523
6159	6217	2.17991394164084
6229	7316	2.17522928918038
2547	51493	2.17345354106921
6152	7316	2.17317184130863
3320	6146	2.1715024625203
5478	6122	2.16797926076698
5478	7316	2.16616588369959
51247	7329	2.16418139292312
6170	6230	2.1621068990007
5478	6235	2.15812685934243
6169	9349	2.15543355248643
4736	4904	2.15109073033197
11333	2023	2.14748088850528
1108	9967	2.14131652730295
3320	6164	2.13097021230979
6142	6147	2.12846855704508
285231	81856	2.12711982995653
6159	7178	2.12464809760091
51386	6136	2.12205997811626
60	6152	2.12101349303242
2023	3326	2.11839984315922
6227	9168	2.10964732781865
57570	6158	2.10142322716636
6129	6234	2.10012715096825
3015	6167	2.09672363007805
6136	6222	2.09645653681999
2197	6147	2.09634428337877
57486	9253	2.09324512352013
3320	6135	2.09191838918914
60	6168	2.08927027852131
23015	55608	2.08550992633177
1915	6136	2.08539452307195
6133	6141	2.0803675833208
3320	6158	2.07994473080745
3146	6133	2.07497156284659
6128	6208	2.0743677601597
1846	7980	2.07159631765173
6136	6229	2.06925106288381
6155	6206	2.06561902493596
4637	6167	2.06302293354962
1337	9168	2.06223985728241
4904	6217	2.06177206807568
6141	6191	2.06092890963696
6165	6191	2.06092173421537
6128	6155	2.06057684143859
6128	6143	2.05914540205375
10576	2665	2.05879680759181
3151	6141	2.05827616078294
6159	71	2.05642903157643
51372	7114	2.05066956658908
3015	6235	2.05029322339122
90338	9253	2.04639125329737
22803	5631	2.03678876685701
57570	6209	2.03196493607216
2597	3146	2.02810513918528
4637	6217	2.02789519448886
6191	6234	2.02238203868096
11224	6159	2.01951053203268
57570	6164	2.01638838871509
4904	6418	2.01593321831488
5250	6222	2.00314013638818
6129	6203	2.0029462480236
6142	6175	2.00220136749747
2012	7980	1.99944603106107
3015	6176	1.99514307622422
6128	6223	1.99483644663339
11198	3326	1.99214301859125
51247	55671	1.99055818631591
4841	6191	1.98636762343947
100129792	8621	1.98573997731932
6193	84790	1.98401133312065
3015	51372	1.98170373778735
6228	84790	1.98128332648832
6159	6227	1.97862558806301
6141	6169	1.9773453187654
1915	2197	1.97678110505836
2197	6170	1.97263655195362
3015	6128	1.96633133322366
3146	71	1.96449839166254
11333	22803	1.96223742001282
6232	9168	1.95821621243248
6235	9168	1.95475636746733
2597	4841	1.95399320487249
6141	71	1.95396755943255
4610	7088	1.95279147792707
23028	3182	1.94833537300683
3015	7178	1.94654322582117
51386	6159	1.94589689379084
6159	6206	1.93902536666122
4904	6170	1.93575239052075
51372	6235	1.93549143794643
6141	6228	1.9338280277143
6155	6223	1.92834951332112
6141	6232	1.92803544867426
3146	6191	1.92560798764142
4637	6135	1.92489726207028
2197	6228	1.9242782708804
4841	84790	1.92115497800515
81669	94104	1.91864597648778
57570	6217	1.9186437145171
60	6210	1.91677062527462
3015	6206	1.91540018141673
11224	51372	1.91244369249473
4637	6206	1.91214845773962
6128	6204	1.90999092655748
4637	6191	1.90623748705737
26986	6128	1.9016084605085
4869	6122	1.900617928737
6128	6152	1.89968683727585
23587	6628	1.89055494517532
2197	6235	1.88871657670035
1337	6165	1.88728548867431
6136	6169	1.88478019992146
6203	7431	1.88473671023958
79647	9774	1.8805330600071
2197	71	1.87867059298204
3320	9045	1.86720947285421
3146	6209	1.86704534045125
3945	60	1.86678434646367
3185	6760	1.86603426003685
5306	5710	1.86310645589812
6159	7316	1.86274341534477
5226	5306	1.85995365667683
6176	9168	1.85816397591678
4869	6235	1.85353323612003
84790	9045	1.85138560996762
6129	6230	1.85072346115513
29945	56339	1.84666924275469
6159	6229	1.84322320466044
23268	4281	1.84238047286186
6142	6164	1.8391880184947
6128	6171	1.83093714866539
51372	6158	1.82986776761983
2197	6234	1.82600397632833
6205	7316	1.82257184144856
6136	6228	1.81924579445309
6122	7316	1.81685452567614
5757	6128	1.81414213107973
5478	6142	1.81135413901775
60	6187	1.81029345699416
6203	7114	1.80376259630862
6142	6159	1.80062441975636
4637	6201	1.80031167602398
6136	71	1.79317905505845
6135	6155	1.78922331863615
6136	7846	1.7888351865582
57570	9045	1.78800389733153
6146	84790	1.78537175860498
3178	6169	1.78126952664651
4666	84790	1.77780463283729
4904	6158	1.77078740841507
4736	7316	1.76717219738366
1495	9805	1.76276119139852
6122	6188	1.76258545519234
5250	84790	1.76069269840268
6234	84790	1.76047175476145
3015	6155	1.75650792536142
6203	6233	1.75597718027194
6217	84790	1.75367225620795
51247	7531	1.75126201490729
6142	6187	1.74887525585644
4869	51372	1.74809512187575
11261	526	1.74733212325543
3015	6229	1.74419185601702
54973	9026	1.74410628683447
6136	6158	1.73840063317331
6142	6168	1.73454555658085
2197	7846	1.73350021727479
6141	6167	1.73282541776604
6176	6230	1.73182319969692
60	6223	1.72648044495362
3178	6136	1.72410282042713
6170	65108	1.71883018395053
6142	6222	1.71567273563516
2023	5702	1.71494329436111
26986	6155	1.71367142385772
7314	84790	1.71300460317938
526	56271	1.71242748075601
3151	6128	1.70670992559509
6128	6726	1.70113348975697
3146	6143	1.69956439960566
3146	4736	1.69700713736354
6159	6168	1.69508944267425
6160	84790	1.68816833956543
51372	6169	1.68566859471759
4904	6146	1.68456948997203
6155	7846	1.68138114595893
4904	7114	1.67777840925299
5082	90338	1.67763247205225
10376	6141	1.67515407981953
2197	6168	1.67478206781616
5250	7431	1.67450126358348
6169	6230	1.67380680597547
4637	6169	1.67219552896899
6136	6176	1.66682031237554
6136	6232	1.66629892936885
11333	1984	1.66610101598824
60	6205	1.66462793721946
6142	7311	1.66308852874638
4841	6222	1.66227521616498
6132	6209	1.66224628655817
3148	6170	1.65999115164113
60	9168	1.65444588177246
57570	6147	1.64342308904586
3015	6217	1.64016071025409
6146	6155	1.6380190589972
3151	6203	1.63629853360923
23028	9805	1.63450201703732
60	6165	1.63278834351967
3146	6229	1.63131714163789
10410	8519	1.62979644119801
3182	5710	1.62962145172531
6136	84790	1.62833948734416
2079	7114	1.62486823395114
29066	3326	1.62485790241112
3015	9168	1.6240326524857
6122	6136	1.61958577348397
1915	6203	1.61830325224203
10376	6203	1.61732173452792
7001	9349	1.61473447981104
2197	3178	1.61012483722352
4904	5250	1.61004466846908
57570	6206	1.60693313792069
3146	7314	1.60206304139127
25957	26118	1.60096441636804
54704	793	1.59404272231449
56339	81669	1.5937756346122
6128	6193	1.59219637829668
57570	84790	1.59159256687869
10075	6155	1.58968782591414
2113	6611	1.58624089553634
60	6204	1.58338334656845
11333	5631	1.58332595214883
6136	6152	1.57222545131391
3320	6209	1.57135351811994
6147	6203	1.56660348954072
3148	6129	1.56610115524355
6155	6194	1.56592180815799
6141	6168	1.56461446157573
6170	6234	1.56398244279576
5378	81669	1.56397735565152
3015	6228	1.56263669010839
11224	3015	1.55968077252455
60	6209	1.55600558957625
3320	6169	1.55474927544024
6141	6188	1.55409575722127
6159	7846	1.55245311767566
6152	6159	1.55195588246632
11333	5226	1.54975225059256
4760	8324	1.54633289954729
161742	26136	1.54411633262299
6209	9168	1.54293993913239
3146	6152	1.54099272862282
10376	60	1.53948474731345
51493	5710	1.53897833520314
4841	4869	1.53879412238415
10376	4841	1.53307098464959
11325	51247	1.52591372933244
3151	6159	1.52583540022912
4841	7431	1.52434194104793
6136	6142	1.52178510522384
6136	6168	1.52083575384237
51386	6146	1.51941366338804
2197	6167	1.51771722718793
258010	6611	1.51605740299994
2079	3015	1.51503030551496
1984	23587	1.51123485062958
6132	6159	1.50794972763361
6128	9045	1.49702013766683
100129792	57486	1.49698852110183
3015	3151	1.49508152078431
57570	6176	1.48831436633605
6159	6228	1.48555925921123
2747	55858	1.4804962734006
3151	4637	1.47721677895717
3945	4841	1.47677124895662
60	7431	1.47211699863621
6418	7316	1.47096134996684
11198	58516	1.46948458167912
2197	6232	1.46916397729133
6230	6232	1.46848711789273
3320	84790	1.46545430600672
6128	6168	1.46530790095372
4666	51386	1.46437325140635
57570	6135	1.46353709321042
7314	9168	1.46329606518334
6136	6191	1.46205135495181
283459	3326	1.46190519014107
51372	6164	1.46135076060536
6143	7316	1.45926099720255
6142	6234	1.45819673943904
6136	6171	1.45753329667869
6159	6234	1.45704377860301
60	6222	1.45642000527887
3178	51372	1.45569213254198
11333	29066	1.45284916792537
6167	6230	1.45177035080998
4904	6233	1.45003188000025
1915	6141	1.44527765665005
3945	9168	1.44449628270841
60	6164	1.44069445882998
10628	80824	1.4405748077456
3320	6235	1.4344105982346
5478	6170	1.42707665026193
60	6161	1.42506872454056
4904	6193	1.42272670248668
57570	6227	1.41793102096065
6128	6227	1.41737479740025
3146	9045	1.41104309526522
6235	65108	1.40968423096622
6128	6147	1.40788577459917
6122	9045	1.40693031871007
6122	6175	1.40362370917455
3015	3945	1.40145375906176
11333	1495	1.38712873091804
8125	9774	1.37766384863802
4666	6155	1.37225917956499
6155	6160	1.36890546153023
3320	5757	1.36218162026741
4841	6208	1.3591257044744
6152	9168	1.35826423298111
6227	84790	1.35752499440642
6146	6188	1.3546225905796
51386	9045	1.35462004780249
51386	6143	1.35419028134456
6155	6156	1.35332817501858
1910	54756	1.35293447287516
6155	6204	1.35279277254198
3151	5250	1.35035243023965
4841	57570	1.34908635689252
5250	6210	1.34678222044048
1984	3185	1.34586559708953
6155	65108	1.34368029908399
6132	6146	1.3434284883165
6155	6209	1.33785005595291
3178	57570	1.33663666970409
4904	6227	1.32790814851621
58516	9967	1.32323634371184
1495	51335	1.32206181125866
5478	7114	1.32059035721816
7072	9988	1.31951919376373
6142	6171	1.31883984580546
26986	60	1.31803218817706
4904	6232	1.30965781568051
9168	9349	1.30908519677192
6203	7846	1.3083694193942
6187	6203	1.30709119563867
1915	6155	1.29914400157404
3015	6205	1.29804277734364
3015	6133	1.2969195117818
23587	5702	1.2893432668542
6232	84790	1.28840875958437
6155	6167	1.28837646394197
6176	9349	1.28574736204825
4841	6210	1.28355637083562
4637	6194	1.28114255873399
3146	4841	1.2794340558737
60	71	1.27738009828832
6155	7431	1.27505526124876
57570	6193	1.27217961476902
3015	71	1.26808017081237
3178	6141	1.26484917763894
1984	2023	1.26466665287707
6235	7311	1.26197385990797
3015	7314	1.26071496785763
23039	3326	1.25846135408482
57018	94104	1.25757383662673
3015	57570	1.2548500142179
6230	7114	1.25064250247462
6188	6193	1.25033242554614
6159	6171	1.24657241002347
3151	60	1.24649123040985
3148	6133	1.24178852998768
6147	7316	1.2313669851039
22822	23764	1.23083517017942
2197	6233	1.22933610505871
3146	6205	1.22582058277312
3146	6147	1.22516982891049
3151	4841	1.22375567716762
1910	1996	1.22348875118736
10524	2023	1.21834195155781
6128	6160	1.21821112132381
4904	6159	1.21622529662925
7314	7316	1.21581357527834
6203	6222	1.21295703636252
4697	514	1.21006053689478
3320	6128	1.21001546764505
6167	9349	1.20558381831129
51372	7316	1.19997901956469
11333	9805	1.19945623068217
6233	6234	1.1972903398594
3015	6230	1.19425078003009
6206	84790	1.19361127777994
3015	6152	1.1896254211526
2023	9793	1.18863952824273
4841	6418	1.18520797562879
4904	6129	1.18375753115668
2197	6129	1.183197409951
22803	2747	1.18265172862025
23015	79612	1.17908129737555
4637	6146	1.17871590098073
29990	6817	1.17481628855778
6155	6168	1.17278795677792
11224	84790	1.17134885842537
2739	6418	1.17037917213643
3178	6142	1.16921749436886
60	6217	1.16628548149532
3146	6146	1.16465238258693
6188	6234	1.16156053172859
51372	6227	1.16140314239948
6164	7316	1.16036027893741
5757	6232	1.1584923389216
3945	6159	1.15684755592459
60	6171	1.15668669733411
6159	6167	1.15503536680379
8621	9253	1.1539120928781
3146	6217	1.15248064851217
10980	1716	1.15035298975757
6155	7311	1.14938357555659
3015	7846	1.14792068584397
22822	7980	1.14715157874726
3148	6229	1.14634616377591
11198	7184	1.14390942592608
60	6201	1.14321891953281
4637	65108	1.141822039763
11198	29066	1.14081917337608
26986	5250	1.13543097460733
6141	6171	1.13502502176169
7178	9168	1.13476125780701
10376	5250	1.13311913239755
6233	65108	1.12754936687465
5478	6129	1.12687111363763
3015	6201	1.12372916676388
11224	3146	1.11575899035798
1347	7381	1.11525817553574
11261	7329	1.11308768520055
2197	6171	1.11125209683708
6155	71	1.1112255185101
6228	7316	1.10852905986047
2197	84790	1.10693860849285
6170	7316	1.10690619231577
6155	6208	1.10339579470744
10038	54780	1.10308618044795
11333	9793	1.10240352299156
3146	51372	1.10053686060252
6129	6159	1.09945475490451
60	6229	1.09664792176189
4637	6193	1.09472887197805
6158	6159	1.09400092754097
1195	6817	1.09036248468859
3015	6135	1.0807701115622
23015	5826	1.07716064395427
3148	7178	1.07648707124657
3037	5069	1.06745421054766
4904	6176	1.06736063972718
60	7314	1.0656306644635
6132	6193	1.06466343509799
6135	84790	1.06450825854587
6817	94104	1.06280746040923
5478	6233	1.06052799195106
6206	9349	1.05737818920989
4637	6156	1.05665490245946
1915	3015	1.05603325161915
51474	817	1.05586629585346
10075	60	1.05355641289799
6015	94104	1.04726923334683
4666	6128	1.04548348119061
3178	6165	1.04530791613435
6203	71	1.04475075597714
5250	5478	1.04169013473325
3326	7184	1.03467533210114
10524	9793	1.03102733587802
23028	5226	1.02932363285761
3320	6193	1.02720549704362
10075	4637	1.0267588583285
11333	5702	1.02575855635176
6136	6235	1.02519242064098
4637	6223	1.02501731220893
3945	6136	1.02402379379
60	6176	1.02313210213244
4637	6726	1.02160316433108
10147	8028	1.02013722697512
5250	6161	1.02005832331129
4904	6206	1.01754338350748
5250	6208	1.0162844939761
1725	4676	1.01485343850058
2113	3037	1.01410774659414
23028	5710	1.01249264535088
57570	6234	1.01083592697874
1495	23028	1.01003517647726
4637	7311	1.00950207375092
1984	3326	1.00686252396159
4904	60	1.00621511844586
5250	6175	1.00614071470028
4637	4736	1.00062526706824
6176	7311	1.00027405027465
