6168	6235	3.76902152856641
10075	7178	3.76902017101464
6168	6229	3.76901935575689
6160	6217	3.76901186033872
4736	6168	3.76901080030579
6228	6229	3.76900932538816
6217	6235	3.76900891923755
4736	6217	3.76900883669498
6161	7178	3.76900538132708
4736	6229	3.76900527714204
6152	6175	3.76900187438787
6217	6229	3.76900164996693
6208	7178	3.76900147079472
6168	6217	3.76900067338812
6175	6187	3.76899772460199
6168	6228	3.76899704103337
10376	84790	3.76899539732722
6161	6206	3.76899339789088
6233	9045	3.76899209269244
6229	6235	3.76899130056364
6228	6235	3.76899070655024
6229	71	3.76899058353957
10075	6208	3.76898984192065
6161	6208	3.76898878221759
6210	6229	3.76898450408354
10075	1915	3.76898294230064
6168	6210	3.76898278108021
4736	6235	3.76898268305036
10075	6161	3.76898257144162
6217	71	3.76898247871816
6217	9045	3.76898009762619
6161	6176	3.76897759534262
4736	9045	3.76897621954943
6206	7178	3.76897343849162
3320	6194	3.76897315412821
6233	71	3.76897286535218
2597	6217	3.76897251537496
6152	6167	3.76897241169972
4736	6210	3.76897218599396
6156	6204	3.7689712375264
6160	6187	3.76897041369677
4736	6228	3.76896802764092
6133	6205	3.76896667974645
6210	6235	3.76896638867149
6206	6208	3.7689661101811
6194	6235	3.7689656302205
1915	6232	3.76896553378257
6160	6210	3.76896530605647
6158	6205	3.76896399970752
6160	9045	3.76896322570022
6160	6235	3.76896287851949
6160	71	3.76896178751254
6210	71	3.76896075404273
6160	6229	3.76895915451363
6217	6228	3.76895858563541
4736	71	3.76895679601832
6168	6194	3.76895660559793
6187	6210	3.76895630174092
4736	6170	3.76895352072271
6169	9045	3.76895221956748
6176	7178	3.76895202447547
6210	6217	3.76895164497304
6228	71	3.76895043925631
6160	6175	3.7689503853498
6210	6228	3.7689499442094
6133	6171	3.76894922194943
11224	6133	3.76894736043493
6205	6230	3.76894655748721
11224	6205	3.76894557875666
2597	71	3.76894554138169
6170	6194	3.76894515081747
2597	6160	3.76894501621485
6168	6170	3.76894501367605
6170	6235	3.76894422405316
6160	6233	3.76894279965171
6147	6160	3.76894165969962
6171	6205	3.76894144143848
6217	6233	3.76894134828484
6147	9045	3.76893998224218
6187	6204	3.76893937933541
6129	71	3.76893929266299
6169	6217	3.7689375428449
2597	6228	3.76893633470053
4736	6233	3.76893460520447
6187	71	3.76893360286675
4736	6122	3.76893312401644
6167	6175	3.76893162145607
6129	6233	3.76892955563303
3956	6141	3.76892819791104
4736	6160	3.76892514212932
6170	6217	3.7689231451567
6136	6175	3.76892151403436
6204	6222	3.76892079742386
6160	6168	3.76891824825102
6168	71	3.76891783276437
6208	6222	3.76891762394155
6158	6230	3.76891729878161
2597	6229	3.76891707085343
6169	6170	3.76891570159777
6176	6206	3.76891567430637
6170	6229	3.76891558440583
6152	6187	3.76891513489928
4736	6169	3.76891461743328
10075	6206	3.76891398438512
6143	6165	3.76891363465348
6147	6217	3.76891338230371
4736	6194	3.76891240997047
6152	6204	3.7689091186657
6170	9045	3.76890668131108
6147	6175	3.76890563653077
6171	6234	3.76890464741546
2597	6233	3.76890365543425
6170	6228	3.76890270014208
4666	9045	3.76890229198014
6175	6204	3.76890094405593
6133	6228	3.7688999239597
6159	6205	3.76889592224923
11224	6230	3.76889536522343
6210	6233	3.76889281745971
6227	7314	3.76889200556133
6167	6227	3.76889071179736
6122	6168	3.7688885248305
71	9045	3.76888725461081
6235	71	3.76888563521251
6122	6217	3.76888522322914
6170	6210	3.76888364309118
6161	6222	3.76888316706589
6136	6160	3.76888197042206
6165	9045	3.76888162155422
2597	6201	3.76888157885379
2597	6235	3.76887748022186
6135	6143	3.7688773498885
6169	6233	3.7688740660201
6210	9045	3.76887253127555
6158	6171	3.76887218395325
6136	71	3.76887214283423
6205	6235	3.76887190913902
6122	6235	3.76887146089689
6176	6208	3.76887010444504
6136	6152	3.76886924100489
5478	6223	3.7688676153554
4736	6155	3.76886747417202
6229	9045	3.7688671132363
6136	9045	3.76886692525698
2597	6129	3.76886687437375
6152	6160	3.76886663286516
10376	6152	3.76886523961736
6194	6217	3.76886507427344
6235	9045	3.76886498105707
6169	6235	3.76886271100342
6175	71	3.76886263179687
6169	71	3.76886217244297
6175	6210	3.76886083780061
6208	7431	3.76885933633972
6160	6170	3.76885928951957
6133	6168	3.76885759636774
6168	9045	3.7688547426259
11224	6158	3.76885288701525
6147	6229	3.76885204698657
6168	6169	3.76885195516449
1915	7178	3.76885042792339
6159	6230	3.76884926265712
10075	6176	3.76884920817884
6187	6217	3.76884914429894
4736	6147	3.76884702245019
10075	6232	3.76884605792822
6160	6228	3.76884526527315
11224	6235	3.76884476723988
6206	6222	3.76884373842676
2597	4736	3.7688425938556
6122	6141	3.76884050946755
6122	9045	3.76883900149659
11224	6228	3.76883761008918
6176	6222	3.76883703802453
6136	6217	3.76883495168635
6229	6233	3.76883373030596
6122	6194	3.76882952006074
3956	6122	3.7688288266415
6158	6159	3.76882860733212
6143	6152	3.76882852144322
6187	6229	3.76882647720733
6155	6235	3.76882470421085
6141	6159	3.76882324498208
10376	6136	3.76882023855424
6147	6210	3.76881977616981
6159	6234	3.76881892678818
6168	6205	3.76881794230243
10075	7431	3.76881543814548
10376	6175	3.76881523248704
6194	6210	3.76881461290363
6167	6222	3.76881290101158
4666	6217	3.7688125168912
6169	6229	3.76881214965972
4736	6133	3.76880931444613
6143	9045	3.76880661276556
6167	7314	3.76880554902882
6161	7431	3.76880316394587
6175	9045	3.76880272954762
3956	6158	3.76880243976274
6205	6234	3.76880219567473
302	6187	3.76879898764232
6133	6235	3.76879623720542
6136	6169	3.76879548663358
6159	6171	3.768794138809
1915	7431	3.76879228406141
6158	6194	3.76879199378025
6152	9045	3.76879163268792
6156	6222	3.76879152356827
6122	6170	3.76879049784544
6194	6229	3.76879041350154
4666	6141	3.76878980607716
6175	6217	3.7687884214532
6133	6229	3.7687873850667
10376	6209	3.76878737268629
6194	6205	3.76878723175769
6147	6168	3.76878643300807
6167	6204	3.76878622222127
6194	6228	3.76878601695233
6155	6228	3.76878443468487
6133	6230	3.76878443061605
2597	6168	3.76878438405342
2597	6210	3.7687835235198
6170	71	3.76878253569455
6228	6233	3.76878204060755
6133	6158	3.76878203887565
6233	6235	3.76877833515736
6147	6165	3.76877630703329
6141	6205	3.76877523743916
6152	6233	3.76877403779598
6122	6234	3.76877367860766
6122	6229	3.7687736379344
302	6233	3.76877280312439
6129	6201	3.76876991315852
6160	6169	3.76876920626116
1915	6208	3.7687664870586
6170	6233	3.76876567206218
6147	71	3.76876112928747
302	6160	3.7687603865037
6147	6235	3.76875723556763
6136	6233	3.76875628558157
6122	6159	3.76875407921694
6133	6155	3.76875295185658
6152	7314	3.76875187288488
6159	6194	3.76874787781971
6187	6233	3.768747613357
302	6152	3.76874676978786
11224	6170	3.76874358642748
6171	6194	3.76874270102927
6205	6228	3.7687418045297
4666	6160	3.768741009232
6141	6194	3.76873637445576
6165	6210	3.76873181379644
5478	6222	3.76873056071398
302	6204	3.76872961213504
6165	6169	3.76872927031845
6165	6170	3.76872921522252
6168	6233	3.76872896984258
3956	6205	3.76872844507236
6171	6230	3.7687283305342
6141	6158	3.76872439248198
4736	6205	3.76872356106412
6155	6168	3.76871890099858
6136	6147	3.76871737041753
2597	9045	3.76871535142925
6169	6228	3.76871521316266
6201	6217	3.7687130079347
6122	6169	3.76871215355951
6129	6228	3.7687111668085
6147	6187	3.76871008969278
5478	6176	3.76870566024561
10376	6160	3.76870472816045
6122	6147	3.76870338025382
6168	6187	3.76870052874926
6175	7314	3.76869774525816
6141	6235	3.76869767102206
6160	6194	3.76869542111594
6133	6234	3.76869248038283
6201	71	3.76869074872323
11224	6168	3.76869068496276
4666	6233	3.76868786829128
6143	6175	3.76868769439743
6147	6233	3.76868640462919
6191	6227	3.76868622698766
6222	7178	3.7686861950423
6194	9045	3.76868286004231
4736	6141	3.76868271727851
6136	6187	3.76868117965375
6175	6233	3.7686770711131
6141	6217	3.76867578462489
11224	6194	3.76866855435898
4666	4736	3.76866579613347
6122	6160	3.76866578737033
2597	6187	3.76866537813933
11224	6141	3.76866502137542
6143	6167	3.76866218835485
6168	6171	3.76866183265653
6155	6210	3.76866168877509
3956	4666	3.76866030924345
6176	7431	3.76865773183013
6152	6222	3.76865363374406
6152	71	3.76865253798817
10376	7314	3.76865229159823
4736	6187	3.76864920972527
6201	6233	3.76864841410305
6222	6227	3.76864716457557
6141	9045	3.76864498496791
6205	6217	3.76864443088456
11224	6171	3.76864436706017
6133	6194	3.76864011887454
6206	7431	3.76863867247007
3956	6159	3.76863549584476
6143	7314	3.76863505830096
6155	6229	3.76862877666429
6128	6205	3.76862620518833
6155	6217	3.76862543530479
7178	7431	3.76862331398029
6160	6165	3.76862199755082
6175	6229	3.76862177689202
6187	6235	3.76862174677942
1915	6161	3.76862077626078
6228	9045	3.76862073082012
6155	6170	3.76861986057079
11224	6155	3.76861860372634
6165	6235	3.76861813515972
4736	6165	3.76861799000732
6165	6175	3.76861626017898
6152	6210	3.76861404411357
6187	9045	3.76861197280564
6169	6201	3.76861138424899
11224	6159	3.76861049708847
3320	6168	3.76860834775758
6155	6233	3.76860092255188
302	6129	3.76859788236854
6122	6165	3.76859656059538
6158	6235	3.76859549866001
302	71	3.7685953221304
6143	6160	3.76859152733636
11224	4736	3.76858953661367
10075	6164	3.76858864949047
4666	6170	3.76858835388457
6133	6159	3.76858780583405
6147	6152	3.76858490923218
6122	6205	3.76858268223474
6165	6217	3.76857855284663
6147	6169	3.76857715449288
6167	6187	3.7685758043563
6201	6228	3.76857300237621
6169	6210	3.7685710756184
4736	6136	3.76856786652654
6232	7178	3.7685653287445
10376	6187	3.76856375356498
3320	6235	3.76856020518712
6155	6194	3.76855340465327
11224	6229	3.76855159420389
6129	6217	3.76855108954801
6129	6229	3.76854464302429
6165	6168	3.76853512166629
6158	6234	3.76853343654118
6222	7314	3.76853328521165
11224	6201	3.76853304907924
4666	6122	3.76853296440109
6201	6235	3.76852625169612
2597	6170	3.76852453152925
6204	71	3.76852345064732
6187	6228	3.76851914475534
11224	6128	3.76851622524766
6176	6223	3.76851197568069
3320	6210	3.76850679237909
6205	6229	3.76850660582313
4736	6175	3.76850524214179
4666	6169	3.76850252600527
4666	6235	3.76850061664545
4666	6194	3.76849549149777
11224	6217	3.76849468309816
6169	6194	3.76848892785287
6165	6194	3.7684849203256
302	6175	3.76848143641479
6133	6170	3.76848089120382
6141	6170	3.76847936041609
6133	6217	3.76847922356434
6160	6201	3.76847669767821
6122	6136	3.76847492572985
6129	6160	3.7684746662392
6147	6170	3.76847284713291
6155	6205	3.76847275466945
6135	6152	3.76847161133288
2597	6155	3.76847030811321
6170	6201	3.76846803992891
6129	6210	3.76846273242592
6136	6229	3.76846175181275
6155	71	3.76846048716184
11224	6122	3.76846036842353
6141	6169	3.76846029383902
6136	6165	3.76846000660366
6230	6234	3.76845532923252
6143	6147	3.76845291913786
6135	6209	3.76844984681512
4736	6234	3.76844863653692
5478	6161	3.7684465365344
6160	6204	3.76844273949476
4736	6129	3.76844033990688
6152	6165	3.76843699611012
2197	6176	3.76843644088417
2597	6147	3.76843610671323
6222	7431	3.76843172346438
6209	84790	3.76842402496017
6128	6133	3.76841989070344
2597	6169	3.76841907663962
1915	6206	3.76841741151962
302	6210	3.76841689271216
6168	6234	3.76841555602082
6155	6169	3.76841514082805
6122	6210	3.76841355788628
3956	6234	3.76841069327154
6136	6167	3.76841068822962
6201	6229	3.76840893442819
6168	6175	3.76840611383103
6175	6222	3.76840512707127
6135	7314	3.76839916212702
6155	9045	3.76839514601153
2597	4666	3.76839162908708
6171	6235	3.76838953880499
6143	6233	3.76838653204854
3320	4736	3.76838452613946
6136	6170	3.76838238678856
6152	6217	3.76838052237793
6170	6205	3.76838050855889
6122	6228	3.76838041839735
6135	9045	3.76837655541511
1915	6176	3.76837574053339
6161	6164	3.76837492724263
10075	1072	3.76837381476228
6169	6205	3.76836213853896
6143	6210	3.76836202284422
6136	6235	3.76835482324431
6206	6227	3.76835431061529
10376	6167	3.76834900189754
6141	6230	3.76834645083566
6136	6143	3.76834404612486
6136	6210	3.76834335068594
6165	6167	3.76834190452531
6194	6234	3.76833433530548
6209	7314	3.76833412316964
6141	6168	3.76832802864763
3320	6170	3.76832760710226
3956	6230	3.7683199264588
5478	6206	3.76831471095967
6158	6168	3.76831388650715
3320	6171	3.76830404529014
6152	6227	3.76830270783281
6122	71	3.76830243204332
6175	6235	3.76829916064421
4736	6201	3.7682865730511
6136	6168	3.76828577117555
6165	6233	3.76827275938406
10075	6222	3.76826490599839
6128	6230	3.76826263917121
5478	6167	3.7682624900527
4736	6159	3.76826119643619
6161	6227	3.76826038811693
6159	6235	3.76825163589013
6129	6187	3.76824842909712
4736	6171	3.76824627073273
2197	6193	3.76824541718607
2597	6175	3.76824312587552
6165	6229	3.76824074843271
6159	6168	3.76823870740607
6171	6228	3.76823764621158
6156	6208	3.76822849107545
11224	3956	3.76822406829198
6122	6158	3.76821786867074
3956	6217	3.76821251520214
6204	7314	3.76820962171331
6128	6228	3.76820950039624
6194	6230	3.7682042509188
2597	6136	3.76820407721507
6201	9045	3.76819018590984
6136	6201	3.76818589585237
11224	6234	3.768176824891
6158	6228	3.76817397323558
3956	6235	3.768169429377
302	9045	3.76816677698581
6147	6228	3.76814705567525
11224	6169	3.76814617691551
11224	2597	3.76814612224611
6165	71	3.76814448797168
10376	6143	3.76814408219756
6152	6156	3.76814304664078
10376	9045	3.76813550489455
4666	6128	3.76813522128775
6152	6209	3.76813392707243
6167	6191	3.76813291623999
10376	6204	3.76813201047641
6155	6160	3.76813081017996
4666	6168	3.76812964323067
6147	6194	3.7681292391864
6141	6155	3.76812851814856
10376	6222	3.76812275322705
4666	6205	3.76811992393256
1982	56888	3.76811747483211
6155	6201	3.76810804845473
302	6136	3.76809814339937
3956	6194	3.76809716767883
4666	6229	3.76808901141099
2597	6133	3.76808881878449
4736	6158	3.76808779316226
6122	6155	3.76808472089604
6143	6187	3.76808223964009
6128	6158	3.7680817590861
6129	6169	3.76808050545377
6122	6133	3.76808017764179
5478	6227	3.76807493846796
302	6217	3.76807367671056
6160	6167	3.76806539126765
6204	6210	3.76806219224342
6122	6233	3.76806159654859
6164	7178	3.76806025358663
6129	9045	3.76805861447733
3320	6217	3.76805727698683
6187	6222	3.76805498635881
6170	6175	3.76805120907316
6133	6210	3.76805011863342
6129	6235	3.76804906733094
6204	6233	3.76804901794972
6187	7314	3.76804441793863
1072	6161	3.76803001868965
1915	7316	3.76802070545271
4666	6147	3.76802036783364
6156	6167	3.76801838339585
2597	6128	3.76801428802809
7316	7431	3.76801370491224
2197	6223	3.76801090178411
1072	6208	3.7680055943582
6168	6201	3.76800446644956
6143	6217	3.76800283040479
6159	6170	3.76799776146156
4736	6143	3.76799081845517
6161	6167	3.76798723473997
302	6156	3.76798074224317
3320	6160	3.76798049153165
6135	6165	3.76797105270858
6170	6187	3.7679663049739
10376	6217	3.76795936654215
2597	6194	3.76795894068506
6135	6233	3.76795459098115
6167	6209	3.76795258054142
6204	6208	3.76794427512867
6209	6227	3.76794205819092
10376	5478	3.76793982192433
3956	4736	3.76793730199947
6175	6227	3.76793599749076
4666	6201	3.76793188898406
6194	6233	3.76792831188271
6136	6204	3.76792618972888
6156	6176	3.76792391753529
6152	84790	3.76792364903931
6122	6171	3.76791250810829
6141	6229	3.76790735166795
6169	6175	3.76790631199419
6171	6229	3.76790626738554
6128	6141	3.76790368919014
6156	6187	3.76789179329979
2197	6161	3.76789057296132
5478	6208	3.76788824716251
6133	6141	3.76787827307616
2597	6205	3.76787771217982
6234	6235	3.76787678072785
302	6229	3.7678766031483
4736	6128	3.76787544615891
10376	302	3.76787423912667
6141	6228	3.7678731543789
2597	302	3.76786849451514
6129	6168	3.7678643559971
6161	6223	3.76786433857361
6129	6155	3.7678624709844
1915	6164	3.76785959797055
6143	6170	3.76785876191686
6194	71	3.76785566760257
6165	6187	3.76784214187715
6141	6160	3.76783879280752
6175	6209	3.76781747807698
10376	6147	3.76779834485546
6164	6206	3.76779528481904
6141	6165	3.76779474541179
6158	6170	3.76778286381425
3320	6229	3.76778184420885
6158	6217	3.76778123976859
6122	6143	3.7677777075408
6133	6169	3.76777200709935
6164	6232	3.76776865888652
6147	6167	3.7677654344045
6143	6209	3.7677602650103
6206	6223	3.76774382681777
3320	6158	3.7677256981794
4736	6152	3.76771657931221
2778	6176	3.76770964945675
6129	6204	3.76767131674765
4666	6136	3.76766646958921
6133	71	3.76766348659839
3956	9045	3.76766190993157
6129	6136	3.76765895388615
6205	9045	3.76765529786811
6152	6229	3.76764876194876
6136	84790	3.76764119991655
302	4736	3.76763081289716
4666	6143	3.76761947736708
3320	6228	3.76761526865809
3320	6122	3.76759093333672
6167	6210	3.7675891709407
6208	6227	3.76758453542916
6156	6161	3.76757816611338
6141	6234	3.76756573424562
6143	6227	3.76756064029757
6155	6158	3.76753729642429
6155	6159	3.76752502369084
6156	6206	3.76752253581822
6156	7178	3.76751133827494
6135	6167	3.76750936917871
6169	6187	3.76749890857784
11224	4666	3.76749767072916
10376	6233	3.76749669047383
6133	6201	3.76749244469161
6170	6230	3.76748283998502
6230	6235	3.76748233044145
6167	6206	3.76747959207752
2597	6141	3.76747071299483
6217	6234	3.76747061114094
4666	6210	3.76746712174819
2597	6152	3.76746037517179
6152	6170	3.76744607291535
10376	6135	3.76744253954153
6147	6155	3.76743976420166
3956	6128	3.76743299030363
6135	6160	3.76742796927566
2597	6122	3.76742523411062
6141	6233	3.76742446394976
6128	6217	3.76742436700739
6136	7314	3.76742245683405
3320	6205	3.76742064891414
4666	71	3.76741482433755
6175	6228	3.76740147828577
6156	6175	3.76739962222839
4666	6228	3.76739889278252
6223	6227	3.76738696162062
6143	6194	3.7673826493303
6152	6169	3.76737968345721
6122	6175	3.76737123404913
440275	79752	3.76736849595709
3320	9045	3.76736204151357
6201	6205	3.76735310817013
6155	6230	3.76735221249921
6143	6169	3.76734601579831
3956	6168	3.76734066908836
6208	6232	3.76733778179513
11224	6160	3.76732721407565
6229	6234	3.76731808937855
10376	6227	3.76731302509028
6167	6176	3.76730923491071
6227	7178	3.76730059050478
6160	6209	3.76729891240922
5478	7178	3.76728783624647
5478	6191	3.76728539164298
11224	71	3.76728095996639
5478	84790	3.76727918299427
6167	9045	3.7672729901886
6167	6208	3.76727064509544
6129	6170	3.76726771732929
5478	6152	3.76726188900451
6143	6235	3.76725419011346
6187	6194	3.76724817490226
3320	4666	3.76724694826502
11224	6210	3.76724119890231
6170	6171	3.76724052928336
6158	6229	3.76722527463051
6176	6227	3.76722068014303
6171	6217	3.76721357737376
6159	6169	3.76719766308342
302	6147	3.76717901609545
6167	71	3.76716536432726
6155	6234	3.76716217189955
6156	6277	3.76716167327965
3320	6159	3.76715801444787
6204	6206	3.76715734453936
6205	6210	3.76715388245382
302	6143	3.76714522314193
6128	6233	3.76714257284208
6201	6210	3.76713882763031
10376	71	3.7671377918294
6147	6204	3.76713717447466
1072	1915	3.76712563656953
6136	6228	3.76710854239173
6129	6156	3.76710810026317
6135	6175	3.76710805408022
6160	6205	3.76710748255956
2197	7178	3.76710483637639
6161	6232	3.76710291008433
302	6167	3.76708349329313
4666	6158	3.76708093114613
6141	6147	3.76707436397458
26986	7431	3.7670725394362
6204	6227	3.7670702416187
6206	7314	3.7670479229093
6165	6228	3.76704276396897
6143	71	3.76703943462349
2597	6204	3.76703800335886
3956	6169	3.76703205861429
6175	84790	3.76702377053481
6223	7178	3.76701914310774
1072	7178	3.76701899547059
3956	6170	3.76701117828214
2197	6206	3.7670081286191
4666	6135	3.76698604506682
4666	6165	3.76698278591918
6160	84790	3.76697557425934
3320	6133	3.76696681467748
1072	6164	3.7669563095647
6161	6204	3.7669141109564
6167	6223	3.76690469255206
254170	7763	3.76690060905117
6152	6235	3.76690057162518
4666	6159	3.76689499966126
11224	9045	3.76689107449724
1072	6206	3.76688407046153
6128	6201	3.76688136714509
7314	84790	3.7668727883455
6159	6217	3.76686689714969
6170	6234	3.76684472252831
6129	6152	3.76682859224354
6136	6209	3.76681726919399
6128	6229	3.76680791933508
6141	6171	3.76680599929798
6160	7314	3.76678618568716
6167	7178	3.7667824554411
6205	6233	3.76677349361989
1915	26986	3.76677343019967
302	4666	3.76676428924082
6128	6235	3.76676128588011
6133	6233	3.76675494538394
6222	6223	3.76675413476076
302	6228	3.76673927116613
302	6277	3.76673630770475
6155	6171	3.76673144541945
302	6170	3.76672114727167
6128	6171	3.76670078720267
6129	6175	3.76669948575858
6141	6210	3.76667397841018
6193	6223	3.76667301708097
6152	6168	3.76667210102492
6122	6187	3.76667081865587
6155	6165	3.76666417908307
3956	6171	3.76665221183787
6141	6201	3.76665193974755
6159	9045	3.76665163276069
6228	6234	3.76664838508937
6232	7431	3.76664727091539
6168	6230	3.76663648876225
6204	6217	3.76662527711285
6133	6160	3.76661971046254
302	6235	3.76661912014576
6133	9045	3.76660889407207
6167	6233	3.76658408913493
4666	6152	3.76657950091963
3320	6187	3.76653996118893
11224	6233	3.76653550604582
6228	6230	3.76652711371471
4736	6230	3.76652306902917
10376	4666	3.76651653389442
6135	6136	3.76651400976919
6156	7431	3.76651337771519
302	6168	3.76648766933295
6122	6230	3.76647486007201
2778	6161	3.76647236270119
6128	6170	3.76645568589255
4666	6230	3.76644335077891
6147	6209	3.76642430042655
2778	5478	3.7664114263995
6175	6194	3.76640512791589
6205	71	3.76639953490046
3320	6155	3.76638342160076
6159	6229	3.76635755193536
3956	6160	3.7663517543786
6165	7314	3.76635073533418
3956	6133	3.76635004423938
6164	6208	3.76634926273457
6176	6204	3.76633414320693
3320	6165	3.76633122434032
6156	71	3.76631486018532
7178	9168	3.7662961310065
6122	6201	3.76626468488801
6143	6168	3.76625873863862
6204	9045	3.76624311853882
6159	6228	3.76623800538262
6128	6168	3.76623109699272
6147	7314	3.76622309117502
6209	9045	3.76620341800497
1072	7431	3.7661611616128
3320	6234	3.76615541761204
3320	6143	3.76610991936097
6204	6229	3.76610951265116
6129	6133	3.76607282808084
10075	7316	3.76604936347927
4666	6133	3.76601849376538
6135	6147	3.76598295517779
6147	6201	3.76597471121057
6141	71	3.76596488573372
4666	6155	3.76592708894536
5478	7314	3.7658889214693
10075	2197	3.76587046294928
5478	6204	3.76586326153497
5478	6175	3.7658591651382
10376	2597	3.76584344294643
6222	84790	3.76581380647369
10075	5478	3.76581314585353
6128	9045	3.76580542080893
6209	6222	3.76578952189601
6141	6143	3.76577365967373
6128	6155	3.76576749390948
4666	6175	3.76575306494177
6204	6277	3.76574872840527
3956	6147	3.76572813078767
6135	6227	3.7657121345653
6176	6193	3.76570943128835
6128	6194	3.76570563376254
6128	6129	3.76570404201787
6143	6204	3.765703767182
6176	9168	3.76567046096658
6232	7316	3.76566852918557
3956	6229	3.76566565566117
302	6222	3.76566132938435
6143	6229	3.76564310025655
6161	7314	3.76559056838727
3320	6141	3.76557763475483
10376	6165	3.76554012570316
6128	6169	3.7655377068287
6136	6194	3.76552493180317
6159	6165	3.76551329302916
6169	6234	3.76551251371963
2197	5478	3.76549185701451
6187	84790	3.76538865395491
1654	9444	3.76534309146705
6128	6234	3.76533968447178
6176	6232	3.76530925785505
4666	6187	3.76530506590157
6164	7431	3.76527952911163
302	6201	3.76525275600169
302	6169	3.76524616524945
10376	6210	3.76521949609906
11224	3320	3.76521544492369
7314	9045	3.76518506247542
3320	6147	3.76513273632879
6136	6155	3.76512527846927
6171	6210	3.76511532341151
6129	6147	3.7651130473511
6135	6217	3.76510805218364
6208	6223	3.76510324634999
6206	6232	3.76509891002118
6204	7178	3.76508633882865
3320	6233	3.76506448596006
6169	6230	3.76506277085377
6234	9045	3.76503930290097
6176	7314	3.76503246230223
11224	6129	3.76502433207031
3956	6228	3.76499034697558
2197	6208	3.7649804635888
6191	6222	3.76496523237645
6156	7314	3.76496032329593
2597	6158	3.76488094624676
6156	6233	3.76485873285774
6165	6227	3.76481606853532
26986	7316	3.76477529022741
2597	3956	3.76477044695922
4666	6234	3.76476057404047
6165	6209	3.7646950923387
10376	6169	3.76468323139572
4666	6129	3.76465004380704
10376	6235	3.76463425738772
6128	6159	3.76460314373994
6217	6230	3.76454754932874
2778	6222	3.7645268843506
6158	6169	3.76451263105503
6167	84790	3.76449993543873
6187	6227	3.76448014719101
6158	6210	3.76446996912713
6136	6141	3.76446074083895
6167	6217	3.76442020064351
3956	6201	3.76441755614186
6194	6201	3.76440059936162
6209	6223	3.76438374475353
5478	6209	3.76437507104785
6152	6161	3.76437433482566
302	84790	3.76435343438022
6152	6228	3.76434946703614
5478	7431	3.76432856823242
10376	6122	3.76432613977388
6155	6187	3.76430350611526
6161	6191	3.76430078976355
10075	6156	3.76429769090898
6122	6128	3.76427850406686
6135	6169	3.76427650668649
6152	6206	3.76426601757745
1072	6222	3.76419550877344
3956	6155	3.76416314597686
6204	84790	3.76416192321928
6147	6205	3.76410149714168
6128	71	3.76405232949559
6201	6230	3.76402701986709
1915	2197	3.76401167302071
6122	6152	3.76393846504299
6158	6160	3.76391560013414
6187	6209	3.76388764575444
6187	6201	3.76385712642895
2787	84790	3.76381728473726
6135	6210	3.76379180176376
6191	6223	3.76378695853445
5478	6136	3.76361363382672
3320	6169	3.76360935318477
6136	6222	3.7635238810825
2597	3320	3.76343593077719
10376	4736	3.76343217617983
6143	6155	3.76337969840318
6158	9045	3.76336156136382
6169	6171	3.76335201371452
6208	7316	3.76334535645035
6143	84790	3.76332259583266
6175	6201	3.7633073244328
1915	6222	3.76329220287266
10376	6229	3.76324684291427
6128	6160	3.7631979834924
2597	6165	3.7631785454562
6152	6191	3.76314222423937
4983	6133	3.76308067770464
2778	6206	3.76307421467525
4736	6204	3.76306445072513
1072	5478	3.7630375794036
5250	84790	3.76301858898629
6152	6176	3.76301207731363
10075	6223	3.76299095873494
6191	7314	3.76297981461989
3956	6233	3.76296948733047
6209	6217	3.76295636304507
2197	7431	3.76293424590316
6204	7431	3.76291978098987
6209	6233	3.76289069765269
3320	6230	3.76285047433541
6152	6208	3.76284050475981
6229	6230	3.76280960650659
6233	7314	3.76280911120171
1072	6176	3.76275384412715
6159	6210	3.76274741103842
6208	7314	3.76269974438081
2778	84790	3.76268426904876
3320	6175	3.76264635485954
6135	6187	3.76262059015595
4983	6171	3.76252275047227
6156	6160	3.76243807004605
6193	7178	3.76241889570788
10376	6223	3.76241214441667
6208	9168	3.76241172970196
4666	84790	3.7624105317078
3320	71	3.76240158487947
6164	6176	3.76236042359647
6160	6222	3.76235539103775
6223	84790	3.76233972719549
6133	6147	3.76231313661989
6161	6193	3.76229442270501
302	6165	3.76228595265249
1654	55585	3.76226363351463
10075	6227	3.76225536991737
6210	7314	3.76221097891168
6227	84790	3.76217890551323
6204	6209	3.76217807309372
84790	9045	3.76215335050513
10376	6168	3.76211880621119
6155	6175	3.76208849193472
6152	6194	3.76198047784565
6135	84790	3.76189194023507
4666	6171	3.76182453208108
6136	6156	3.76180467604888
3956	6165	3.76180392585482
6147	6234	3.76172740889385
10376	6170	3.76158398578296
10048	1982	3.7615810190363
6217	84790	3.76154924543485
6152	6277	3.76147913544115
6129	6205	3.76142611210103
6210	6234	3.76142408340121
2778	6223	3.76137629189724
6191	6206	3.76136963399028
6135	6141	3.76133028253594
2597	6143	3.76126972568344
6156	6227	3.76121650835629
6152	6201	3.76121304114595
10075	9168	3.76103298884982
302	6122	3.76101398514368
4736	6135	3.76092098016407
353500	64344	3.76084089396562
6135	6170	3.76082566066673
6217	7314	3.76082226146805
6167	6229	3.7607577643071
3320	3956	3.76075693648894
2597	6171	3.76074295789839
6165	6205	3.76073602331163
10376	6156	3.7607062680821
6204	6228	3.76067808746728
5478	6156	3.76052061537984
71	7314	3.76045938091467
6152	6223	3.7604549550397
6135	6235	3.76044956441935
6191	6208	3.76039757331787
6206	7316	3.76028674234503
6167	6170	3.76026626219518
6143	6228	3.76010127966139
6160	6234	3.76007393284737
6158	6201	3.76000878550421
6193	6206	3.76000657412013
6222	6277	3.75992466519264
6168	6204	3.7598170802476
302	7314	3.75976585349714
1072	6232	3.75968221262216
6171	9045	3.75938247750424
6160	6171	3.75935980828973
6204	6235	3.75929711449841
6161	9168	3.75916806176239
6135	71	3.75915954124542
2778	7431	3.75912542312524
6147	6159	3.75903541107234
10075	6167	3.75898089852818
11224	6165	3.7589240597673
2597	6234	3.75892309855538
302	5042	3.75888381363983
6156	6210	3.75886939401913
4736	6167	3.75886159501485
10376	6176	3.75879144815313
10075	26986	3.75878589310353
6167	6169	3.75876436891199
6136	6227	3.75873004630167
6165	6204	3.75870224124909
11224	6147	3.7586451387702
221078	50618	3.75858589979415
6128	6210	3.75852700395175
6230	9045	3.75852150917246
11224	6136	3.75846548782728
7178	7316	3.75842191891993
7178	7314	3.75841844996784
6122	6129	3.75841575303295
6159	6160	3.75820878359176
2597	6135	3.75816219538044
6167	6235	3.75815675563749
6234	71	3.75814155807941
302	6135	3.75805527801315
1072	7316	3.75800846902959
6161	7316	3.75780938409665
6164	7316	3.75774574176142
6135	6204	3.75762928621138
3956	6136	3.75761510324904
2197	6277	3.75760778006669
6222	71	3.75756687699602
3956	6210	3.75750343746896
6223	7314	3.75744984867402
6160	6227	3.75728466118117
26986	6232	3.75720602323141
6233	84790	3.75700995365968
2597	6230	3.75699480067722
6143	6222	3.75698212299853
6175	6191	3.75688778360073
6165	6201	3.75674126974602
3956	71	3.7567284481348
6147	6227	3.75663066840924
6135	6194	3.75659042416731
302	6194	3.75643381580527
6232	9168	3.7563213569794
6171	71	3.75628730586403
2778	7314	3.75599104787941
6129	6194	3.75586691867482
6233	6234	3.75584580452889
6159	6233	3.75570375735507
4666	6209	3.75565202346745
3320	6152	3.7556463833599
6191	7178	3.7556425999828
6147	6158	3.75558746760547
6158	6233	3.75552584301238
6176	6277	3.7554344519029
10075	6204	3.7554304005443
2597	6156	3.75539940673777
10376	2778	3.75539152725568
10376	5250	3.75537324096723
2778	7178	3.75536502291906
6167	6168	3.75509556626543
2597	6209	3.75508937205536
302	3320	3.75508066069425
6133	6187	3.75491945665563
5250	5478	3.75474732479098
6147	84790	3.75474155532553
2197	6222	3.75439792703586
302	6155	3.75428965165957
10376	6201	3.75398674718251
6158	71	3.75394437314307
3956	6143	3.75392847510536
6176	6209	3.75381039685858
6209	71	3.7537030071828
6152	6155	3.75367194162092
1915	5478	3.75361534617969
6141	6175	3.75355344254396
1072	6191	3.75355159921088
6206	9168	3.75351624841477
1072	2778	3.75351618633737
6135	6155	3.75347562501115
6129	6165	3.75340006349483
10376	6129	3.75327662660661
6175	6206	3.75308607229358
26986	6176	3.75306988095996
6209	6210	3.75306898559611
10376	6206	3.75295643962555
6176	84790	3.7528330567672
5042	6136	3.75265622050529
2597	6167	3.75263364636165
5478	6187	3.75257865195954
6167	6193	3.75250270280178
10376	6194	3.75250246298158
6152	7178	3.75248060922021
6175	6208	3.75243774186899
6209	6235	3.75238682707576
6208	6277	3.75223699343223
6201	6234	3.75211083840183
6193	6277	3.75195488400665
2597	84790	3.75187529183173
6129	6277	3.75174336088056
6133	6165	3.75169942595854
6169	6204	3.75148296461901
2778	6208	3.75139615088147
6158	6165	3.75121605305145
6136	6205	3.75104526739828
71	84790	3.75099602419783
2778	6227	3.75082306836631
1915	9168	3.75077187725526
302	6209	3.75057456377208
3320	6128	3.75042113876979
6161	6175	3.7503055316329
6193	6209	3.75021124313982
6143	6191	3.75019813270026
10075	2778	3.75017713463541
6122	6135	3.75003200830408
6170	6204	3.74997116911167
6129	6143	3.74989606375715
6129	6141	3.74979766683874
6129	6167	3.74962200498043
26471	6948	3.74955398713974
6169	6209	3.74919689967366
1072	6227	3.7490601222247
6167	6277	3.74884249774478
26986	6161	3.74867737977344
147872	400120	3.7486193229753
6222	6233	3.7485951016002
6176	7316	3.74842899369778
6141	6187	3.74840447562443
5042	6152	3.7483616581391
10376	6228	3.74826350836269
6147	6222	3.7479545923022
2197	6232	3.74785784393299
6230	6233	3.74785568266475
10376	5042	3.74784812401133
127544	7763	3.74765775961342
6159	71	3.74764890427881
6171	6233	3.74761742019552
6210	6222	3.7475485185625
6206	6209	3.74746834714518
6222	9168	3.74691396011118
11224	6187	3.74683953992798
6176	6191	3.74675509499466
6187	6205	3.74673625739155
4983	6205	3.74669165666221
3320	6136	3.74659669416406
6175	6223	3.74642470033749
1654	56888	3.74603741529351
6147	6171	3.74592718980354
6227	9045	3.74574201354077
10376	6161	3.74566826541122
6193	6227	3.74548705572982
6175	6176	3.74545689487099
6135	6193	3.745301159793
56888	9444	3.74518553414316
2597	6159	3.74489513219514
6161	6277	3.7447846321949
10376	6191	3.74465958890222
6160	6230	3.74465132878435
6133	6136	3.74437540148066
6159	6201	3.74421436580429
6210	6230	3.74415361702793
6204	6223	3.74347661352518
6170	6209	3.74342283632286
6223	9168	3.74339635715532
6135	6222	3.74335272201355
6201	6204	3.74334261968142
4736	7314	3.74326818103977
5478	6193	3.7431477309746
6136	6234	3.74249014312899
6135	6168	3.74231714334972
6165	6191	3.74211038638785
6122	6167	3.74190260021945
10376	2787	3.74178200104646
3320	6135	3.74160742021651
6169	7314	3.74130621666354
6191	6209	3.7412253760098
4983	6228	3.74100604094929
1238	27035	3.74074064984958
6141	6152	3.74066405032758
10612	7316	3.74057589835796
6171	6201	3.74049123472496
6147	6156	3.74036922731578
6136	6223	3.74015042515354
6187	6277	3.74006866919448
6165	6234	3.73999753925012
387882	6342	3.73985823417288
1915	6223	3.73976452314469
2197	26986	3.73972882389929
6122	84790	3.73958042181241
2197	2778	3.73941453339094
6122	6209	3.73939182568455
2512	2597	3.73921776600734
10075	6191	3.73911670016461
2778	6167	3.73899757221943
6143	6156	3.73873699239377
6156	9045	3.73797454313826
6277	7178	3.73770922158172
5250	6277	3.73770727757656
6156	6217	3.73770400985519
302	5250	3.73756094386263
6143	6159	3.73748208228236
6235	7314	3.73717849388717
6210	6227	3.73709741666146
1072	6223	3.73696286245499
1982	9444	3.73681570586744
6135	6229	3.73675604229731
6187	6208	3.73605686736611
387496	4884	3.73592557330902
6167	6228	3.73569218509674
10376	3320	3.73534159864593
259236	7067	3.73488153337835
10376	6141	3.73483348876464
6233	6277	3.73456922956313
6129	6135	3.73453910426427
5042	6233	3.73439584586532
26986	7178	3.73419319989649
302	6128	3.73417119609178
6143	6201	3.73393048230849
6164	6222	3.73384709123802
6206	84790	3.73375891188299
171558	3268	3.73346761667655
2197	6164	3.73333538992929
6206	6277	3.73309590027619
5908	7316	3.73293672147079
6193	6208	3.73269786995241
6135	6201	3.73245563196398
1915	6156	3.73235423614627
5250	6222	3.73228240286257
6235	84790	3.73164655166085
6277	84790	3.73126197351021
4736	6209	3.73117781797707
6161	6209	3.73097056514062
2597	7314	3.73043750243794
302	6133	3.73013080044278
11224	302	3.72991397825838
302	6227	3.72988913940023
6165	84790	3.72921055455489
5478	6160	3.72911654883772
10376	3956	3.72907137135346
10075	6193	3.72875469665116
26986	6164	3.72864604277785
4666	6204	3.72823795457352
6156	84790	3.7280478516551
5250	6176	3.72787043517939
10472	1654	3.72767717202613
6222	9045	3.7276348872422
6128	6147	3.72737854891589
6156	6229	3.72726476569037
2197	5250	3.72700395077156
6156	9168	3.72699723697211
6156	6209	3.72645825887989
6165	6171	3.72616445479012
143425	6861	3.72598033959803
26986	6208	3.72581252917849
10376	6208	3.72560311425924
6167	7431	3.72539592723965
6156	6223	3.72508513662907
1654	254170	3.72444142618572
4983	6234	3.72443575635943
6152	6193	3.72382940302918
6229	7314	3.72330545834078
7431	9168	3.72310202865851
2197	6156	3.72306656922734
6230	71	3.72293649177848
6277	7431	3.7229212475274
6169	84790	3.72268839099524
302	5478	3.72250097679745
4666	6167	3.72241323320821
6191	6204	3.72205237481996
6210	84790	3.72101010482393
10075	7314	3.72063790345914
6168	6209	3.72029728602947
6193	6222	3.72006763633132
10376	6277	3.71991742499625
6136	6159	3.71981103664978
6168	7314	3.7197742191145
6135	6156	3.71906475662774
6167	6194	3.71905417583439
6223	7431	3.71873347435647
142685	5728	3.71766745499338
6187	6206	3.71759767633247
6133	6175	3.71710570557921
9683	9788	3.717087921593
53346	9099	3.71693644360955
10472	55585	3.7169188361383
6227	7431	3.71670936750759
6209	6229	3.71641282079663
11224	4983	3.71601591948447
6164	6227	3.71552780106839
3916	4983	3.7154436960999
6227	71	3.71541068816147
11224	6175	3.71535489317142
6161	84790	3.71517624900385
6171	6187	3.71472151333113
6122	7314	3.71467516685259
4666	7314	3.71386696914597
6160	6277	3.71385215465064
6227	6233	3.71355627991863
6217	6222	3.71332671406685
4983	6168	3.71232751688487
5042	6169	3.7121973992491
3956	6135	3.71217102401151
6135	6228	3.71189075014018
6175	7178	3.71153978042322
6201	6209	3.7112834762964
26986	5908	3.71125607851096
6129	6222	3.71118310682261
5478	6143	3.71091205520285
3956	6175	3.71033595629269
2197	6167	3.71004448030268
128674	6948	3.7096467414565
116986	56923	3.70947777017327
6175	6277	3.70943252020583
6175	6205	3.70912499322802
6194	6209	3.70905447091935
5908	7431	3.70892972347168
254170	9444	3.7083386232098
6141	6209	3.70806661970366
6229	84790	3.70792999421069
6187	6191	3.70787161547797
6165	6222	3.70786051325138
2512	4666	3.70784973886214
5250	7431	3.70780566425267
11224	6143	3.70734476303753
6143	6205	3.70712094453962
1891	8573	3.70680229467557
4736	84790	3.70650980212651
3320	3916	3.70532430524684
26986	6206	3.705205642629
8870	9935	3.70395366502734
3320	6129	3.70345667296207
5250	6206	3.70301914593013
6122	6204	3.70264699903653
5348	7316	3.70258230693769
6129	6158	3.70203157950067
4983	6128	3.70194478611807
2597	6222	3.70160798952318
3916	6128	3.70128536154528
5042	84790	3.70075412669842
6128	6187	3.70026023829359
302	6205	3.70017815409524
3956	6187	3.70016414230757
6217	6227	3.69946553364679
6136	6176	3.69927706615184
6277	71	3.69925980816192
6161	6187	3.69865342965905
1072	6167	3.69852317740355
4784	64102	3.69822056711945
6165	6230	3.69793064065264
6135	6206	3.69786527659882
6201	84790	3.69768452755774
6170	84790	3.69758792596321
3320	6201	3.69708965878236
1654	5861	3.69686440248567
5250	6152	3.69674975353137
146177	84443	3.69671087323121
3956	6129	3.69586928709352
6187	6234	3.69503306847756
6152	7431	3.69436313052305
6167	6201	3.69371914635005
4983	6230	3.69323720298129
6170	7314	3.6930192807116
3956	6209	3.6925536875877
5478	6164	3.69151567035271
2778	6209	3.69112099364943
302	6141	3.69097503377261
6128	6136	3.69095584466424
201626	22934	3.69079820081288
6147	6230	3.69060887110303
5042	9045	3.69025211275293
2512	6128	3.69007044217795
5478	6277	3.68996430703699
360023	55088	3.68898665984043
6158	6187	3.68890963690427
6155	6204	3.68877304737771
4983	6158	3.68821842100727
6129	6171	3.6879076322595
6168	84790	3.68776481047063
6222	6232	3.68745815562297
6208	6209	3.68741279727758
5348	57555	3.6860548112045
6156	6228	3.68586002170342
3074	7060	3.68549496926237
6176	6187	3.68521504380432
7314	7431	3.68489570555576
10075	6152	3.68402948565109
6143	6158	3.68358622542188
5042	6143	3.68306069182417
4736	6156	3.68264285689081
6135	6223	3.68117683582496
6135	6191	3.68106030658225
10048	6277	3.68036576654071
2778	6152	3.6800814013146
1915	2778	3.67984558171265
2197	7316	3.67977313557586
6156	6201	3.67953091399114
6191	84790	3.67886653923633
4983	6155	3.67862962413209
6209	7178	3.67764631354334
57555	7277	3.67699712017243
2197	6152	3.67634757375536
6194	7314	3.67619019633007
2353	8870	3.67580793439176
6129	6234	3.67513633242191
2247	26032	3.67427406471239
2167	8748	3.67233056857093
2197	9168	3.67203829929865
6227	9168	3.67189653700954
1654	1982	3.67141073290475
6129	6230	3.67108448658935
6164	6223	3.67101294790172
2197	6227	3.67057831981247
6194	6204	3.66941418169083
79735	84292	3.66858862793385
6155	6167	3.66821582213127
5042	7314	3.66766133256623
2778	6204	3.66762449475884
5042	6204	3.66683842546499
302	6176	3.666570864863
302	6208	3.66598954552586
26279	284417	3.66556115603253
5042	6156	3.66524133208522
302	3956	3.66463030123428
116496	51088	3.66419970566764
2597	6277	3.66349993644753
5250	6204	3.66342519726384
2778	5250	3.66301260011893
4983	6235	3.66280763651576
6129	7314	3.66146435930288
3956	84790	3.66105424600233
23135	7277	3.6603316985458
5042	5250	3.66028122409312
6175	6234	3.65824973134043
6129	84790	3.65758334702657
254170	56888	3.65731047173684
5478	6135	3.65649501147492
387882	56952	3.65601100797971
6222	6229	3.65507754486636
6143	6193	3.6550314836314
3320	4983	3.65497737544978
1537	23406	3.65483912643676
302	6206	3.65466654179552
5478	71	3.6536746711109
6193	9168	3.65334965203397
3320	7314	3.65324801572178
6209	6228	3.65303472262428
10048	9444	3.65198117908397
302	6161	3.65090228174114
5042	71	3.64938043568435
2778	6191	3.64795300537876
5042	6129	3.64784505677259
10075	6277	3.64714174902643
6208	84790	3.64642822487491
6156	6165	3.64515857567322
6164	6191	3.64267846392265
6143	6206	3.64227655578109
6191	6193	3.64225014713377
6136	6158	3.64222858406607
5042	6175	3.64142077028877
6204	9168	3.64115763825846
4736	4983	3.64096323186918
3320	6167	3.64069748640943
6193	84790	3.64060863298612
5042	6167	3.63864464253924
199	83551	3.63855050441008
5478	6147	3.63838704742738
10376	6155	3.63789515355754
6136	6277	3.63738349693003
5042	6187	3.63670950731058
11224	6152	3.63605289147298
5042	6222	3.63538268042616
6156	6169	3.63333066916642
10376	7178	3.63290393214002
6143	6234	3.63214574751653
6135	6176	3.63183599402694
2197	6204	3.63159749670608
6222	7316	3.63110257983029
6141	84790	3.63095886612676
285596	4284	3.630037971065
72	79735	3.62994879291609
6133	6143	3.62978096846975
2778	6164	3.62954737518708
6156	6235	3.62852462082843
2197	84790	3.62804169124488
1891	201292	3.62748777897898
6136	6191	3.62747548891112
6129	6209	3.62717691659205
6193	7314	3.62663127175694
11259	8470	3.6259834689722
6136	6171	3.62517811304218
2778	6193	3.62515342559713
4983	6229	3.62501727564884
5407	85442	3.62474866348938
6156	6193	3.62370899582034
11024	51350	3.62351806863213
2778	9168	3.62291654052677
245972	527	3.62126898121625
6143	6223	3.62015493438353
6143	6161	3.6191848347109
5250	6161	3.61896465253407
6210	6277	3.61583690621348
3956	6152	3.61509520182023
72	84557	3.61407047391691
6194	84790	3.61323725735652
100861540	55600	3.61295899549519
3320	6204	3.61142825097178
5478	9168	3.61066555896228
221154	6342	3.60964716043503
5042	6160	3.60852255527801
10376	6193	3.60821741556154
11151	1654	3.60814200613006
6128	6165	3.60808689980237
10945	7316	3.60717126279383
6169	6227	3.60612225849129
80704	84448	3.60517768501684
1072	6204	3.60493175233266
4983	6210	3.6038575499287
128408	83661	3.60076568858171
6143	6277	3.60039298726848
1982	6277	3.60020657847376
136332	168002	3.59892786633971
128674	26471	3.598476876392
5478	6165	3.59795511492558
6135	6161	3.59573785274547
6159	6187	3.59474309582199
5909	60677	3.59459888649213
51310	57622	3.59277683046844
1915	6227	3.59204518445811
4983	6194	3.59166280383919
6156	6168	3.58957229179182
341947	388585	3.58422249036778
387882	9582	3.58413868775085
1915	6204	3.58392140011907
6228	7314	3.58389148265316
6160	6191	3.58352378110933
6167	9168	3.58222284006027
6223	6277	3.58208494661758
6159	6175	3.58097144821308
1072	2197	3.58046583666779
26526	66037	3.58014306009032
6152	6205	3.57914485598909
6223	6232	3.57857567423625
6136	6206	3.57785785184317
6143	6176	3.57584129561078
132864	142685	3.5757983752665
2778	6156	3.57575446119247
6187	7178	3.57422734548273
22839	53346	3.57343433517576
6136	6161	3.57263041209219
5250	6208	3.57140848373946
6133	6152	3.57061871738918
6129	6159	3.57054193548436
5478	9045	3.5699530638877
4983	6129	3.569586222718
2597	4983	3.56817666562547
57221	57509	3.5671284762593
23135	527	3.56662902685636
5250	6223	3.56399624523512
1072	7314	3.5627689569171
6228	84790	3.56215276894992
100423062	3581	3.55701203011703
10376	7431	3.55670431314727
127544	7060	3.55522675900626
3268	57555	3.55450873154319
6158	6175	3.55044560111684
6160	6223	3.54945966632826
1982	254170	3.54875010031085
5878	7316	3.54827018015319
10376	6205	3.54568653135245
6171	6175	3.54533164053259
3320	6209	3.5451833394097
6141	6167	3.54241503444222
6128	6143	3.54204942037464
5042	6135	3.54143956499428
6135	6277	3.54101986515519
6227	6235	3.53849956400925
6135	6205	3.5372875696143
6187	6223	3.53574468921194
10376	11224	3.5346171840375
5250	6156	3.5296010082971
3479	55585	3.52488459419355
6164	6193	3.52366392277013
3146	5478	3.52166260666658
2778	6175	3.51645634251282
7316	9168	3.51605512491408
6136	6230	3.5153962799534
200879	3177	3.51245883351343
302	6158	3.51224208927221
4023	83878	3.51161287485331
2778	7316	3.51127516655061
6170	6227	3.50855280778709
302	6234	3.50808013573279
2592	4135	3.50713911307146
56888	7763	3.50670108538295
6222	6235	3.50644611724979
2512	6217	3.5055193717257
10376	2197	3.5045334146299
6141	7314	3.50425280319412
6164	6167	3.50252157836768
6227	6229	3.50217666113166
2787	6209	3.50141341407581
6128	6175	3.50105133965056
2512	6160	3.50055815550179
5042	5478	3.49960366475751
6155	7314	3.49862063710001
4736	6222	3.49860652403201
6155	6209	3.49797461594734
10607	23671	3.4976104585844
6160	6206	3.49387409201044
6277	9045	3.49261404572744
6175	7431	3.49169189949214
6201	6277	3.49119153286428
862	94026	3.49019156918271
3916	4666	3.48889321178711
5478	6233	3.4877414963184
6193	6204	3.48684587451132
142	283464	3.48390648315164
3916	5800	3.48259362155195
58157	8745	3.48121246986601
4736	6227	3.4810657261288
10075	6175	3.47256315276703
6135	6159	3.472232400628
1891	50944	3.47195943760823
401067	94031	3.47100571019888
6156	6170	3.47040096068396
2512	3956	3.46898416872981
6169	6222	3.46573914561743
6156	6232	3.46567426267673
10004	6181	3.46464970171598
3916	6205	3.46427175295711
3897	5578	3.46342640413601
140735	7763	3.46079873825873
6168	6222	3.45892443872615
5250	6136	3.4587870787205
3320	84790	3.45688862401172
6128	6152	3.45679935047775
1915	6193	3.45469013394382
5478	6217	3.45462890111879
1072	6156	3.44829406175407
1278	390059	3.44614655042457
6227	6277	3.44343951364612
302	7431	3.44323377671841
5348	5908	3.4423692905332
2197	6191	3.44235210813375
1915	6167	3.4415759125956
5042	6165	3.44153255764429
3268	5348	3.44110119691076
302	6171	3.44019343797044
6143	6208	3.43940234490894
6191	6210	3.4388683950952
11224	6135	3.43540410690313
6277	7314	3.43416698336118
6136	6208	3.43157743899294
127544	56888	3.43133455481932
1072	26986	3.43110363044958
3479	527	3.43100325054171
3727	7067	3.43079130002053
26279	94026	3.42780625273462
6165	6223	3.42569041788792
5250	6193	3.42530641059474
2512	6158	3.42276553970181
6209	6277	3.4215894701456
2011	23220	3.42072127840719
7431	84790	3.4187748805823
5478	6232	3.41740365734313
3916	6233	3.41696533514998
1072	9168	3.4114797921958
6017	72	3.41127178101568
7178	84790	3.41114318485876
11151	5908	3.41110850672493
9099	9968	3.40979244263469
130271	54207	3.40938126891333
23406	79035	3.40865596047334
6168	6227	3.40751958108856
6156	6191	3.40521413430125
56952	9582	3.40367822978784
27090	6548	3.40272469514301
6143	6171	3.40033049809383
23135	57555	3.39961612397754
51168	623	3.39632261345212
51252	6821	3.39477222140261
5042	6217	3.39436642377168
2512	6233	3.39329068719789
51186	8813	3.39298489703292
6147	6191	3.39234629813027
6209	9168	3.38861886913519
6193	7431	3.38019968470764
1261	3680	3.37811754619232
6160	6176	3.37731285374268
7314	9168	3.37545160915423
4666	5042	3.37372151447565
4983	6217	3.37307115527879
26986	2778	3.37173481751333
51252	83597	3.36752218032725
5042	6176	3.36527913056691
302	7178	3.36517245539949
64131	80704	3.36471584409154
53346	57462	3.36307008432351
54534	6342	3.35256447400153
2597	6227	3.35217890712949
6170	6222	3.35194022575426
6222	6228	3.35120142947967
3916	6194	3.35020509353086
6160	6208	3.34734578885194
6147	6223	3.34718427683248
5250	7314	3.3446100231107
4983	6159	3.34324024024694
8553	9314	3.34179684678245
51308	64856	3.34117989437305
5250	6167	3.33688768434586
2207	816	3.33663671368699
6187	7431	3.33359619090786
10048	7431	3.33290504576515
5478	6210	3.32850994052093
64599	7318	3.32738076969886
10659	1270	3.32733587193099
6217	6277	3.32716781653604
23152	3270	3.32675234417768
11151	57555	3.32557304724267
5250	6175	3.32383143607088
5250	6209	3.32294322392959
3916	6171	3.32233489482384
2512	6141	3.32121900560348
10376	6128	3.31893228556096
6135	7178	3.31706603199132
6193	6232	3.31704630284659
6128	6135	3.31321636536902
51181	79035	3.30920538129084
2778	6277	3.30880922229148
6135	6208	3.30656091506591
302	3916	3.30319602091436
64581	6487	3.29462577844009
4496	645745	3.29448687061156
245972	57419	3.29360057557292
54	84439	3.29330417110662
166012	55859	3.29194277023342
6191	9045	3.29185899709659
2197	7314	3.29129425900311
4666	6227	3.28989289751819
2197	6209	3.28820653195196
1654	3074	3.28791580611306
1982	5908	3.28570180059879
4209	57582	3.27955858075276
6143	7178	3.27774016252445
10472	5861	3.2775291147577
5250	6160	3.27344274537158
10376	6234	3.27134909012752
127254	3888	3.26864396556414
6143	6230	3.26848528646175
10472	3479	3.26678616746185
10472	11151	3.26439345536578
1036	6005	3.26217984450061
2512	6155	3.25652630296969
3146	6191	3.25563911879536
6342	79077	3.25498012920671
6152	6159	3.25334812269235
6155	6156	3.2464895410771
5250	6187	3.24620641715899
6122	6227	3.244336478762
4983	6170	3.24332165202843
6223	9045	3.24135057837931
10612	5878	3.2410015337985
6208	71	3.2401463288125
10659	9968	3.23839441723257
10235	9537	3.23825679836944
5042	6227	3.23534556336782
6191	7431	3.22958284899554
2778	6136	3.22925942110896
4983	71	3.22850990613102
4666	6277	3.22620531638812
2512	4736	3.22559034887621
3783	8900	3.22075458785958
4983	6233	3.21900583364317
6160	6161	3.2176782559617
6342	9582	3.21764433643699
127544	1982	3.21686230233637
6141	6204	3.21619879276755
6176	71	3.21344999854653
302	6191	3.21272980413826
1982	7763	3.21175358644615
4736	5042	3.20427127768913
6201	7314	3.2035414320753
6135	6158	3.20180216455237
3738	83849	3.20142687475436
55130	5602	3.20052352014691
2787	6136	3.19846550471075
527	72	3.19317126893105
302	6159	3.19316115082924
1277	6275	3.19032079359011
1285	57282	3.18719974985559
112399	6525	3.17452890989355
26986	6222	3.17392137199749
6152	6234	3.17124944359611
56888	9968	3.16972895508696
1654	7277	3.16656777389692
11151	9444	3.16041892307234
11093	27319	3.1562560633303
5250	7178	3.15487794849279
10048	56888	3.15451008998395
6229	6277	3.15141041568502
6175	6193	3.14826103931209
10945	6206	3.1424383803515
1401	94274	3.14182264685719
2512	6201	3.13885202705747
4666	6156	3.13823718864064
54463	54518	3.13706268911633
11247	1891	3.13296920299249
5478	7316	3.13203657350616
6176	6233	3.12871167441433
2787	4666	3.12013249775505
3146	6223	3.11857089616737
5478	6169	3.11709502106814
6228	6277	3.11680614901128
1915	6191	3.11583920946483
1915	6277	3.11570692520619
113835	84251	3.11161989812225
1909	5999	3.1104844241545
6277	9168	3.10679965348223
6223	71	3.10493833304911
1072	6152	3.10141366500709
3916	6228	3.09917060060267
527	7277	3.09797433784393
4214	5728	3.09666638129772
4435	7546	3.08786729297926
6147	6206	3.08665198177597
6194	6227	3.08572588977436
10075	10376	3.08262144433423
201255	3985	3.07868425223948
3727	5250	3.07573238593416
2512	6235	3.0751956836352
3916	4736	3.07435516173849
2512	3320	3.07332034338156
10945	7431	3.07277377862142
6133	6204	3.06594830784091
302	6193	3.06163764060865
3916	6158	3.05642650288602
5042	6147	3.05376038378175
2512	6194	3.05352921156103
2512	9045	3.05296277725621
302	6223	3.05209482751376
259296	51252	3.05204177682057
1654	57555	3.04911602183569
5042	6277	3.04894850641209
2778	6232	3.04792497868106
6550	9028	3.0470146932032
3916	6235	3.04533749170968
5268	9951	3.04492263691846
390059	9509	3.04004187360469
285596	57824	3.03992250256589
10075	6209	3.03664992097158
6136	7178	3.03433838168153
2597	5478	3.03395389231183
25759	5549	3.02860075553092
1410	54474	3.02405627234532
338328	4115	3.02132740933329
2512	6205	3.01817091674826
2597	2787	3.01730821345518
3360	5522	3.01439003965119
6187	6230	3.01291323666094
2778	6143	3.00516152519476
54534	57001	3.00425846542369
6156	6164	3.00322836874047
6170	6277	3.00232918426088
6206	6233	2.9993829005402
129880	3074	2.9942071566282
10643	26575	2.99323787901433
6164	7314	2.98793404513065
6136	6193	2.98624698049374
57555	6457	2.97374444966326
5042	6210	2.97127616713715
6201	6222	2.95946430842574
23133	57452	2.9584719867323
2512	6228	2.95713786466812
1982	7431	2.95656084718104
3937	54549	2.95424693018129
3738	9099	2.95361578882028
4584	4842	2.95238219323727
10376	6133	2.95092783274155
10114	142685	2.9479951622489
6206	71	2.94734238083056
10879	6779	2.94398234848015
6152	6158	2.94262638026801
4983	6201	2.93569842918476
5250	6227	2.93543982678367
5997	8870	2.93349632979819
10376	6158	2.93053059215669
6164	9168	2.92638457790516
254170	54436	2.92171834033078
140735	149647	2.91899073111326
58527	729967	2.91501392371583
5156	658	2.91348589249454
302	6230	2.91330856788813
1915	5908	2.91156107200872
26986	5478	2.90983495941444
2778	6187	2.90587173853591
11151	8233	2.90584387373518
2833	93082	2.90560295959019
1788	9968	2.90322102269973
6013	7185	2.90004774489676
132864	1982	2.89793049134347
6208	6233	2.89532631327977
3916	6210	2.89278021157733
3146	6209	2.88764366686336
5042	6170	2.88464959709181
3916	6168	2.88144347995694
283149	53405	2.8814063346956
1982	2197	2.88133553249175
168400	340205	2.88044924149479
4666	6222	2.87866304869063
79801	9582	2.87793116169101
10048	5908	2.8771763107644
1072	6175	2.87682797812634
199	9968	2.87256152813567
10075	6187	2.87049876647314
148753	51361	2.87027062848282
142685	5908	2.86742150059923
5042	6209	2.86603904029447
11224	6204	2.86472282820976
3916	6217	2.86388786372504
6170	6191	2.86357161418732
10273	2879	2.86142386544118
5800	6230	2.85700258859191
6129	6227	2.85250535663624
6208	6210	2.85248784082235
11151	5348	2.8419601032139
1982	9968	2.83832930241048
10376	6159	2.83041454169085
10242	89822	2.82024276331107
2495	57555	2.81711659411209
6161	71	2.81278626423602
6205	6209	2.80607817094849
83886	94031	2.80075793108046
6275	64220	2.79905233216149
256646	84557	2.79863197369828
5800	6159	2.79434838624181
6223	6233	2.79012415728983
5042	6122	2.78968364744114
2245	4184	2.78728647961938
5478	6170	2.78423342225611
6161	6233	2.78296222976747
5042	6161	2.78238599048224
5478	6229	2.77729532792564
135293	374986	2.7750353160616
6133	6135	2.7643140593869
5861	9444	2.76249067966586
3916	6133	2.76081352848449
128408	1577	2.75945799221397
2495	5878	2.75223539332248
10376	3146	2.7521473626341
2787	6160	2.74951532632807
3270	9968	2.74689287845577
2197	6135	2.74533516128803
6227	6228	2.74403405325217
10945	6208	2.74398687962078
11094	245972	2.74391695134267
3916	6129	2.74155573770362
4736	6277	2.73967294346553
2512	6147	2.73713560063327
2597	3916	2.73665187029607
6147	6161	2.73210231696883
5800	6234	2.73044341156389
56888	57555	2.72543124284928
283417	51380	2.71692869285173
5042	6229	2.71682185783487
50484	55529	2.71606975294402
57555	5861	2.71388524593343
3956	7314	2.70927857234298
23460	26270	2.70782905026545
11224	84790	2.70458431627736
259236	9683	2.70286207933386
245972	9099	2.70148589690253
115827	50855	2.69598610456989
5935	9582	2.69539391634334
6152	6171	2.69171779074538
116496	5563	2.68259847974623
199	527	2.68145154911264
6191	71	2.67862749956961
4983	57192	2.67732654524757
11224	6209	2.6751987563589
1982	5250	2.6742927799553
130271	283209	2.67168866589271
2512	6229	2.66968649238146
64131	84448	2.66955856206098
3916	6160	2.66817700297952
117166	285971	2.66768125901253
6235	6277	2.66502008577566
5478	6129	2.65614578504031
1036	26279	2.65542664829741
6128	6204	2.6549953011273
1472	55260	2.65322952357826
3320	6227	2.65285647422483
2787	6135	2.65065849483322
346562	56963	2.64550000725687
64078	79037	2.64327208119446
2512	6129	2.63991404735174
2197	6175	2.63379836093035
2512	6133	2.62964873283912
6209	7431	2.62603830271883
283933	80070	2.61803095912418
23135	5973	2.61329694775744
27074	79603	2.60943300351259
5250	6143	2.60908739493199
6457	7763	2.5991233796717
3916	9045	2.59298553569827
2512	6210	2.58561002677918
6227	6232	2.57941808768079
11224	6167	2.57627694547624
3479	6457	2.57625211010006
5806	9871	2.57142954529778
4983	6160	2.56793360268479
127544	6277	2.56657986201267
10472	6457	2.56574726265075
254170	5861	2.56258119882056
11224	3916	2.56174367807921
10612	6164	2.56046364220288
6128	84790	2.55690336565801
1634	79776	2.55611424177456
10048	1654	2.55359207231432
6129	6176	2.55063433466392
3727	84790	2.54853408601596
100507050	2524	2.54376879413135
6161	6165	2.54324373598373
6193	6233	2.54214726575422
10607	71	2.54152186526572
6147	6176	2.53197117988407
6206	9045	2.5291234640102
2197	6136	2.52877833870005
23152	79094	2.52549077423588
10500	4502	2.52525777309327
5042	6201	2.51960663551536
132864	56888	2.51512633366413
6152	9168	2.51200750353751
6205	84790	2.50746977566634
6147	6208	2.50721623165816
6122	6222	2.50564466019441
2778	6135	2.50104305728411
2495	7316	2.50086816503605
245972	72	2.4974929111923
10014	6229	2.4974738307507
10075	5250	2.49322715999765
4983	6122	2.4912813762892
6135	6230	2.48969647222724
11043	57582	2.48754961525943
2778	3727	2.4858794042782
3956	6167	2.48530763038566
3916	6230	2.4801413480371
10376	3727	2.47687108805011
6160	7178	2.47681375590026
6204	6205	2.47529721405529
1915	7314	2.47512106646773
10612	6232	2.47467373099044
132864	7763	2.4710142823556
320	712	2.47065448899466
139818	9643	2.4694506085916
3678	3916	2.46704116222551
2787	6217	2.4640196588185
169044	23504	2.46329260418462
6175	6230	2.46299253594953
6165	6206	2.45989279266239
142685	3738	2.459559773259
6217	6223	2.45954775328273
5478	6201	2.4590347929389
7763	9444	2.4578340477452
6191	6277	2.45471814268239
6206	6210	2.44826772231285
3782	667	2.44451531913548
26341	84812	2.4421475341948
11184	7923	2.44059928394105
6164	6204	2.43932582540979
2197	302	2.4361000763835
3479	57555	2.43493884461341
10370	7832	2.43397073419679
1122	8829	2.42282806486419
2778	302	2.42070180252323
5861	6457	2.42062623101102
5042	6168	2.41947738614584
28964	57419	2.41816270487822
6122	6156	2.41760720701121
199	5348	2.4147276374442
2512	6135	2.41361027411669
2787	5250	2.41241942954623
6176	9045	2.41102105476708
9099	9683	2.40258345417518
6191	6217	2.40135029904554
56063	729830	2.39272423454914
8825	8989	2.38924621259664
151887	7067	2.38624973857655
6165	6193	2.38494165130948
3727	7314	2.37146127106922
124359	151295	2.36645714451271
388021	55200	2.36613441399201
6181	6208	2.36493371878071
5042	6235	2.36446377495136
23461	2796	2.35601051965597
10075	84790	2.34986741803806
3916	6187	2.34648674840929
5250	6233	2.34629587186849
22839	23135	2.34322910661347
6193	9045	2.33433152072026
527	9839	2.33305714286249
5908	9444	2.32867263135139
10607	302	2.31961845547827
5478	6235	2.3193988980972
54867	92359	2.31507554203088
4983	6187	2.31357892867132
6191	6233	2.31315392235233
256691	83595	2.31219738130095
6147	6277	2.30947990591005
117159	83878	2.30872115023977
6457	94031	2.30808621215527
147372	57817	2.30413948084793
1915	6181	2.30375422812703
2512	6168	2.30336409449116
55585	5861	2.30215062407801
2512	6230	2.29900089284279
10014	71	2.29805621423673
6129	6208	2.29478756487884
11151	3479	2.2917876220031
10376	1072	2.29177343869814
6160	6193	2.2879953813876
254170	5908	2.28639721721262
10841	94026	2.28438890110335
145482	79752	2.28142624484895
10376	6171	2.26872423788133
6161	9045	2.2681171114499
11224	2512	2.26293051637707
10014	6129	2.26284970074309
10014	6228	2.26167259347387
5728	9444	2.25647597131564
10612	7431	2.25024288022629
56888	5861	2.25022165403863
10945	6161	2.24930818047055
10048	6208	2.24466549649436
6161	6210	2.23521159771666
2787	6201	2.23472244440235
6676	83478	2.23387748473632
6223	7316	2.22981972624047
6135	6234	2.22121315884376
3146	84790	2.22099501749619
6165	6176	2.21852901653978
6175	9168	2.21851178364877
162514	7130	2.21694819064219
2014	8568	2.21556644471022
28957	9582	2.21341134260307
83849	9099	2.20860852281226
133	65989	2.20762413818952
527	6017	2.20383546572611
11094	9099	2.20239003147289
6165	6277	2.20109286937395
10004	948	2.2004246394067
10612	5908	2.19847564521927
201292	51622	2.19727509691704
6158	6209	2.18956334656294
4209	503542	2.18932517817416
4666	5250	2.17972962325185
5250	6135	2.17967748500302
1592	23418	2.17928067006395
84790	9168	2.17626601709298
2512	6187	2.17043793889837
4496	4502	2.16771154557988
23406	2806	2.16755677895276
10048	6156	2.16448062277659
3916	6234	2.16159546513197
1634	4584	2.16081237425193
140612	57662	2.15717455382212
10376	9168	2.15569983622057
54436	7763	2.1521846960063
71	7178	2.14833250051211
2597	5042	2.14257728719806
142685	254170	2.14006989926153
80774	90050	2.13443360651404
3146	6167	2.13390406915935
23135	5908	2.13343249101199
1915	5250	2.13341575276659
2787	7314	2.13132005086974
3566	7429	2.12268241846435
254170	3270	2.12207522868446
5348	5878	2.12083964799512
129880	50488	2.11897835273543
2512	302	2.11252654006271
199	245972	2.11216785522228
4666	5478	2.11136302281539
165679	22844	2.10853117339107
26986	5250	2.10809969402093
286148	85015	2.1076693399869
5348	9968	2.10326948399732
158326	79750	2.10037336137595
6155	84790	2.10013398995276
6156	7316	2.09907437209056
302	4983	2.09589381505966
11259	57509	2.09440347223679
3916	3956	2.09139950183985
25806	58513	2.08953212254836
11151	23135	2.08948396109046
50488	92086	2.07975004966557
10014	6133	2.07937158244913
3916	6170	2.07218570063986
2512	71	2.06683254574243
2787	6152	2.06616481671558
527	57419	2.05678240673986
121355	80774	2.05371105184358
254170	3479	2.04958302522768
10607	6169	2.04957030363377
527	6915	2.04557281337572
6169	6223	2.04143571827223
1915	6152	2.04115761395385
10075	302	2.03918835291869
6141	6227	2.03526821748695
5563	8204	2.02897215258778
199	3479	2.02720363051336
5742	63895	2.02484086431823
6181	7431	2.0211527533035
11309	5675	2.02106739485964
3956	6204	2.01972478475512
127544	3074	2.01785384300632
10437	9610	2.01757580409742
79931	8233	2.01590051481605
349565	943	2.01150324912632
23671	6181	2.00840322788856
10607	6217	2.00340669453821
23152	7763	2.00239973232991
5042	6206	2.00089105841288
2787	81558	1.99660161422118
152559	9871	1.99633792941788
2806	79801	1.99439914422198
5878	7431	1.99082343954079
6169	6191	1.98569954259466
11094	11184	1.98559368100437
5908	6232	1.98111393301627
5878	5908	1.97995602463189
10659	285093	1.97913259011541
1844	79400	1.97744285584628
260436	64064	1.97215210743508
167	400891	1.96210871286582
6156	6181	1.95894022739001
6194	6222	1.95752455614358
26986	6156	1.95554019764078
6208	9045	1.95492976911207
6167	6232	1.94850113460725
6176	6210	1.94655097075356
22839	5579	1.9450464343233
2787	6233	1.94491637307136
5478	6168	1.93923504639915
133558	3786	1.93313192165075
11330	26189	1.93072299438861
10075	10945	1.92709532605215
57125	57336	1.92527182342551
4736	5478	1.92453913160879
3394	5787	1.92346079868881
254170	57555	1.92005431607137
6204	6232	1.9180438530266
10607	6170	1.91096704446417
56603	84263	1.90863522126822
6169	6277	1.90787776445654
23213	64714	1.90277750588601
2597	6223	1.89694923020335
6165	6208	1.89458483634725
1293	3678	1.8859769140362
10607	6187	1.88433513650421
27121	55200	1.88021500951663
57016	8653	1.87940524087429
10612	6206	1.87711943143343
10607	6129	1.87654071072253
2512	6234	1.87304244841216
6191	6235	1.86977376943053
143425	6039	1.86508565875198
3916	6229	1.86184110628615
6128	6209	1.85606308049452
10075	10612	1.85566535904073
10607	2597	1.85334087442013
3916	6159	1.85285190795271
6168	6277	1.84888182372284
1788	54436	1.84872893263543
28957	57001	1.84553559536603
84696	946	1.84227998872269
149018	7704	1.84204809566529
23533	3640	1.84189536393982
10048	6204	1.83948603294786
10235	51252	1.83821871202848
2197	5042	1.83746632156336
6233	7178	1.83557725902244
29909	60495	1.82978686027484
6167	6205	1.82889064636596
50853	55753	1.82539284867807
3916	6141	1.82537456674351
1982	3074	1.8252196290347
6133	6167	1.82318757885093
2911	3394	1.82130538600757
10114	5908	1.8185300097836
2787	3727	1.81627241177528
28964	7277	1.80539065441653
4983	9045	1.80492092243081
1654	9968	1.80247762085939
127544	129880	1.7975099776681
10607	6233	1.79720122668521
50488	9099	1.79656760661011
5789	84243	1.79305641322693
1982	5728	1.79272351327595
255877	27158	1.79008243687032
135295	90187	1.78172071554122
55200	9028	1.77859244528863
6129	6206	1.77567690386761
100506243	124460	1.77422532093673
23135	3479	1.77086535082647
10472	3268	1.77059228492015
284759	4208	1.76422579371159
4208	4842	1.76243755693923
10607	6160	1.76227635220398
113026	140690	1.7604297811722
6136	7431	1.7559830053771
2778	5042	1.75494934205057
60385	6688	1.74814112624625
6210	6223	1.74447924646751
1072	84790	1.74192226919915
10048	254170	1.73987171302958
260436	6547	1.73969029854553
6152	6164	1.73806793090252
10945	7178	1.72821682794794
3916	6155	1.71938824638238
375323	57586	1.71566436348619
1559	83447	1.71330301957542
140735	3479	1.71175094171799
3320	6222	1.7068852675609
2512	6170	1.706603123071
144165	5919	1.70515808385574
6191	6229	1.70294244266342
25823	51284	1.700830955181
10075	6181	1.70071297690508
22806	5878	1.69979852582394
6156	6194	1.69824209332195
3562	5957	1.69682959915599
53616	5575	1.6952906074554
5250	6191	1.69408221921089
2597	6206	1.69161428048663
10607	6136	1.69004526236631
4666	4983	1.68813361783086
5348	7277	1.68643901258098
6535	84152	1.68631875416465
5042	6228	1.68524809965268
23135	5348	1.68485112762116
260436	773	1.68226629047416
50488	9683	1.67849471063104
200186	56670	1.6776008532346
26986	6181	1.67647136479499
10472	254170	1.67570146709412
5478	6122	1.67177370021834
6277	84913	1.67116391081165
6092	94026	1.66862713814843
10612	1915	1.66858608782804
4983	6169	1.66615743002865
27128	27201	1.65598562885963
122945	203054	1.65275633499233
79776	9076	1.65227890821023
1272	2298	1.64975810987877
10014	2597	1.64063106543837
10612	7178	1.63487226915857
6159	6209	1.63321011431432
3916	6122	1.63309706850169
6152	6230	1.63204765593878
5973	79094	1.62876033638964
254170	55585	1.62415248883082
2597	6208	1.62322725868367
1072	6187	1.62100556822695
10659	43847	1.6202981214136
108	348378	1.61497418664178
11151	23671	1.61349343691861
3916	71	1.60807112323673
7538	9021	1.60724971658559
5250	71	1.60687457384425
1654	7763	1.60663884753465
5579	84752	1.60447934952152
6191	6194	1.60407770132539
6547	773	1.6017936238086
116969	53841	1.6008290682596
29933	393	1.600747725104
6206	6217	1.59066211682263
3956	4983	1.59057750004778
10014	11224	1.58984860016602
6168	6191	1.58659783810628
2778	2787	1.58623884668502
5268	6258	1.57789402812399
5250	9045	1.5777969614581
2512	6122	1.57017168546818
53346	9788	1.56905034645639
6147	7178	1.56667403636065
7424	79822	1.56544291031983
388135	79867	1.56522178366595
4085	9646	1.56489151953215
2981	8786	1.56467438904271
2597	6176	1.56398699128233
10075	5908	1.55970055661315
3146	7314	1.55819312837817
79698	84654	1.54300028489768
162387	2158	1.54189604909167
3146	6136	1.54134773838935
254170	9968	1.54055029630848
5800	6205	1.53980389906672
10048	1915	1.53720464991181
199	6017	1.53644472096958
2787	9045	1.53328711217495
3270	7763	1.52016870673717
120376	1896	1.50888216676026
1982	5861	1.50819395134811
3557	503542	1.50657601570892
9099	943	1.50538259463542
6201	6223	1.50498703087389
56888	5908	1.50474797508629
2512	6171	1.50019012790141
11151	6457	1.49914162263318
10612	6161	1.49820923966796
10945	26986	1.49650597393523
1537	5355	1.49638119375881
401	5575	1.49401676626154
388327	50484	1.4908422509882
140902	6707	1.48544287737411
5139	79400	1.48072565740556
2787	6187	1.48009454148144
629	9777	1.47720606384788
10048	7316	1.47670907685813
5042	6223	1.46907959028505
3320	6191	1.46664645451926
10048	5250	1.46549465296057
10607	6229	1.45855582114738
1654	5728	1.45780503673809
57188	9235	1.45743432031995
59350	85416	1.45681363242883
527	7060	1.45628507169406
6210	7178	1.45581674040845
6129	6161	1.4556563121875
10607	4736	1.45512003153069
5908	6208	1.44785514304464
3320	5800	1.44584860395013
6176	6217	1.44170734662776
5042	7431	1.43279316526918
10879	27129	1.4304761685402
10014	6168	1.42847865924998
171558	57555	1.42836964228624
150365	64094	1.42820481572973
10014	57192	1.42660588636972
2197	6143	1.42618531898322
6571	6861	1.42360521090431
6201	6227	1.41824189699462
2778	6160	1.41312861316528
10472	9444	1.41163959406993
5800	6128	1.41052320236422
10607	6175	1.40959596470179
10750	158866	1.40843023195555
254170	5728	1.40781797091807
3146	6222	1.4025196928057
309	64399	1.39756087056725
5578	6652	1.39023003670656
6165	7178	1.3889617926588
11151	7431	1.38731621862893
192683	926	1.38397531427055
10945	6164	1.38158122392786
57419	7277	1.37657942683896
5728	5908	1.37628848263213
6232	6277	1.37617718665335
10472	94031	1.37546488413401
50837	55359	1.370219672582
1654	5908	1.36950326246221
127544	23152	1.36297271809828
10369	57336	1.36163430052565
6187	6193	1.36143660409143
4731	50861	1.35981300427571
2597	5250	1.35966541180074
127544	254170	1.35277858540422
353116	56891	1.35266468121754
258010	79056	1.35038120250844
10075	6135	1.3486966771325
6159	6167	1.34724354971867
4666	5800	1.34506524779038
2495	5348	1.33969009209823
6234	84790	1.33943445856646
125	4851	1.33884778855973
3916	6143	1.33725302411204
327657	338339	1.33663630814232
10164	81490	1.33182135871015
440275	50810	1.32469604721952
3479	83551	1.32238618813601
10075	6143	1.31938071118351
6205	7314	1.31559814447489
2787	6175	1.31382068842364
253190	327657	1.31337369808313
55585	9444	1.31256041039606
6158	84790	1.3083209228332
72	84292	1.29652907028228
132864	254170	1.29610072412973
3146	6227	1.29502544459867
254394	2963	1.29093341382136
6227	7316	1.29044369937254
3074	56888	1.28928332713621
10376	2512	1.28850938800986
6208	6217	1.28547202844985
27198	282808	1.28272465477016
5042	6208	1.28187453676691
118461	29091	1.28161338676645
2335	58	1.27703966787717
4983	6141	1.27670080332367
10014	6210	1.27580319046259
6005	945	1.27491214677602
5250	6129	1.27426396814399
6535	6916	1.27398177995656
51025	8331	1.27352521437358
6155	6222	1.26995055373833
245972	7277	1.26739572369211
50488	53346	1.26651842386699
23671	6156	1.26574802250131
10607	6201	1.26505145778652
2239	83690	1.26459763150587
196463	80763	1.26430080050339
116840	3603	1.26281147320552
3714	81931	1.25814840355821
10075	6136	1.25798192185562
6247	649	1.25126108232831
63876	92822	1.24801024094584
11224	3614	1.24313698672351
3146	6176	1.24184074118954
3727	6176	1.23908285603485
2543	9344	1.2387804289417
22839	9099	1.23872036603935
2512	6175	1.23641463447247
10437	7172	1.23295758513175
27090	9968	1.23287385952411
23135	83551	1.23192088173101
284083	57412	1.23149430364508
10376	6230	1.22891734032242
79713	81558	1.22463920356076
6135	6171	1.22206741655769
2512	6209	1.22115253974639
6209	6234	1.22031451377405
2787	3956	1.21469899757649
10607	5250	1.20754993861467
26986	9168	1.20365629986773
26986	6223	1.20227560307429
3916	3958	1.20140684916268
11157	9295	1.2007520174877
23154	6457	1.20057738833596
5908	9968	1.20047760786017
10014	6187	1.1990304538434
10607	6204	1.19657541285745
27091	80763	1.19652542284898
3146	6152	1.19619923646256
745	83595	1.19185461644262
10048	2197	1.19123272106986
56891	7130	1.19052399924978
3268	57010	1.18409961730733
6170	6223	1.1836353359942
147657	65268	1.1828904955139
2787	5478	1.18026343551173
170692	283933	1.17943761260772
1356	7277	1.17763831734575
23135	28964	1.17633137216595
27201	7422	1.17217917853233
11040	8605	1.16874860991618
4753	79816	1.16499753198301
6187	9168	1.15582123084584
3727	6209	1.15477677883236
3958	50488	1.1524338929307
51655	5507	1.14849314163564
27090	7423	1.14842375453805
132864	5908	1.14727651935773
10014	6235	1.14430652277194
3916	6169	1.14301205890846
11151	55585	1.14268059130115
23135	245972	1.14008336457124
3146	6175	1.12007142677318
5250	6217	1.11993735584696
4666	6223	1.11973667072544
5800	6155	1.11880060108334
6204	7316	1.1184884092839
4034	6559	1.11779390581188
10048	6206	1.11744866128495
56888	6277	1.10920897613464
527	83551	1.10895578434844
1072	6209	1.10439233865582
10612	6176	1.10398581592248
338440	57582	1.10343464279115
56888	7277	1.10151821939884
1565	27293	1.10100055445119
1826	3763	1.10084340221158
114836	53616	1.09759293909982
4736	6191	1.09648476120144
1539	56159	1.09015518451093
10607	6228	1.08753627572599
2806	56952	1.08302037520461
165904	57692	1.07893652573321
57134	57593	1.07830780284848
3958	54	1.07745265276851
2687	9235	1.07518002255173
5478	6228	1.07402972669891
22839	257407	1.07126502907401
10376	3916	1.07039413245265
6155	6227	1.06587057363236
10048	6222	1.06177868307518
183	222	1.06168763680794
10607	6152	1.05940072687656
203413	83694	1.05865273722614
6129	7178	1.05716820280835
11178	72	1.05520382709356
1378	5675	1.04957664753798
10048	10075	1.04882033968989
2114	8204	1.03937405749534
26986	5348	1.03901182366985
10014	6201	1.03547233644502
3109	7849	1.02958262465936
1009	771	1.02755332960682
27071	79856	1.02405766576523
158158	647135	1.0239783356719
5997	9935	1.02228424811304
10612	2778	1.0152616676754
3956	5800	1.01403626493666
5348	7431	1.01388176689308
3320	6156	1.01085860763176
150365	3108	1.00826760929928
6147	6193	1.00608240348581
22839	9683	1.00452309360722
114800	219	1.00390209158068
