567	7178	3.81574271955023
1915	7178	3.81569012585771
6208	6222	3.81567672321399
4102	4105	3.81566313398886
541578	91966	3.81564274297909
6205	6208	3.81562188133856
567	6232	3.81560852682623
1915	6232	3.81557161001609
1915	567	3.81556107193137
6133	6208	3.81555432790003
6232	7178	3.81554874070298
1915	6208	3.81553252891428
6168	6171	3.81551418608974
1915	6133	3.81549734714954
6175	6222	3.8154874745395
6133	6176	3.81547676129637
6208	6228	3.81546947701368
6191	6205	3.81546752519291
6176	7178	3.81545839298081
6175	6208	3.81544914540231
6191	6194	3.81543907661444
6194	6204	3.81542480541139
6161	6209	3.81540189335045
6133	6222	3.81535851552083
6133	6232	3.81533936467292
8653	9086	3.8153219273483
6204	6208	3.81530497423095
6175	6229	3.81530106533072
1915	6176	3.81528970282922
6222	6232	3.81528364306035
6176	6232	3.81527237090478
6204	6222	3.8152708401355
1915	6222	3.81523879533884
1915	6171	3.8152327971663
6279	6283	3.81522577757575
6133	6204	3.81522288437794
6279	6280	3.81521418153755
6208	7178	3.81516624341452
6191	6204	3.81514694256533
6161	6194	3.8151415472458
6208	6229	3.81514127194145
6133	6205	3.81510013645907
6176	6208	3.81509275513627
6133	7178	3.81509183790579
6156	6205	3.81507917948958
6191	6208	3.81505868541192
6175	6204	3.81501858163485
6161	6204	3.81500122151802
6168	6232	3.81498537236198
6171	7178	3.8149041241415
6205	6233	3.81489376214148
6204	6205	3.81483767064416
6208	6232	3.81480043901074
6217	6228	3.81474582100771
6205	6217	3.81471217533049
4736	6194	3.81470445411297
6205	6228	3.81468403619809
6158	6223	3.81468071972891
6128	6201	3.81466954778303
567	6168	3.81466696424204
6217	6223	3.81465877641817
6170	6171	3.81464085702366
6133	6175	3.81462355807845
6194	6208	3.8146074453827
6171	6232	3.81459614465391
6156	6233	3.81458603766002
6205	6222	3.81456830719305
6161	6191	3.81454750187846
6176	6222	3.81454258045031
6171	6222	3.81453045111567
6168	6176	3.8145194310866
6161	6228	3.81444516896412
6222	6228	3.81444318372882
567	6176	3.81440605763899
6129	6191	3.81439689658177
6222	7178	3.81423985574624
6168	7178	3.81421846541898
567	6133	3.81412148979232
6222	6229	3.81410490199198
6167	6194	3.81403613742505
6142	6159	3.8140132104215
6194	6205	3.81398379924597
6191	6234	3.8139141754794
6194	6228	3.8139068863705
6160	6201	3.81382930509287
6167	6191	3.81372652357011
6128	6233	3.81366302109868
6168	6170	3.81360141269897
6208	6233	3.81353808217103
6192	9086	3.81350523357445
6204	6229	3.81349937144761
6129	6133	3.81348060489435
6191	6228	3.81345369014867
6161	6208	3.81339274425427
6204	6228	3.81338904453806
6156	6228	3.813387562121
2944	2946	3.81336287438
6158	6217	3.8133182301897
6194	6217	3.81317797246665
6133	6191	3.81311896904817
11224	6205	3.81305716156631
6175	6205	3.81305641225772
6209	6223	3.81305508788771
6205	6229	3.81294517560565
6161	6205	3.81288174469343
6171	6176	3.81286370561168
6176	6191	3.81286331681132
6156	6208	3.81276897608146
1915	6175	3.81276268646506
567	6171	3.81267801629897
6155	6235	3.81267641316077
6147	6222	3.81258698249023
6175	6176	3.81254738555346
7412	9332	3.81244788948054
6161	6222	3.81244278263754
8284	9086	3.81241446671849
11224	6208	3.81229682811235
6147	6208	3.81225932506505
4736	6204	3.81222022329127
6129	7178	3.81212206505428
6194	6223	3.81207872702839
8284	8653	3.8120783771071
6191	6232	3.81204938468315
6201	6233	3.81203007042853
6280	6283	3.81201303682402
1915	6168	3.81192727436875
6155	6233	3.81190259333569
10376	84790	3.81189359903116
6171	6234	3.81178943590539
11224	6223	3.81160524060042
6176	6204	3.81157830776218
6155	6201	3.81154687341975
6194	6235	3.81146592685178
6228	6229	3.81140055866825
6161	6223	3.81139039306437
6176	6205	3.81136541171785
6161	6229	3.81136119262771
6147	6228	3.81129228104956
6155	6167	3.81128668719443
6138	9045	3.81120159199013
6171	6208	3.81120150169014
1559	88	3.8111864803267
3105	3107	3.81108883720588
6168	6222	3.81104546338286
567	6222	3.81100361341082
4736	6161	3.81099363782042
6156	6222	3.81097391857442
6167	6205	3.81091366321884
6194	6229	3.81087472402221
4736	6228	3.81086913071069
6175	6232	3.81084016015097
6205	6232	3.81078455814862
6167	6227	3.8107840610793
6161	6175	3.8107768361411
6191	6217	3.81076997441862
6156	6229	3.81076653766175
6176	6234	3.81068571293541
6133	6229	3.81061326599479
6147	6191	3.81060465762601
4736	6191	3.8105851354477
6191	6222	3.81051761545802
6201	6229	3.81050923434777
6205	6235	3.81036158683932
6129	6155	3.81030328567499
6204	6232	3.81028378161013
6191	6235	3.81014216915968
11224	6201	3.80996951567256
6155	6194	3.80994068721439
6156	6204	3.80992435408445
6147	6232	3.80975881508397
6129	6208	3.8097419845104
6171	6191	3.80970022468287
6133	6228	3.80955256909449
4736	6167	3.80928294281412
6129	6232	3.80915891474609
567	6208	3.80915332574497
11224	6229	3.80912255666771
6194	6234	3.80912243265498
6175	6228	3.80909537421304
6210	6235	3.80876230908587
6230	6233	3.80871641237736
1915	6205	3.80866149298408
6133	6233	3.80856472532375
6167	6201	3.8085476212107
11224	6194	3.80854272069731
6133	6171	3.80846437770532
6129	6205	3.80839050595672
6156	6161	3.80822519906624
1915	7316	3.80790685351765
6168	6234	3.80775569445079
6147	6204	3.80772624229559
6208	6235	3.80762583850536
6156	6217	3.80761879682445
4736	6201	3.80757599295213
6191	6229	3.80748674832658
6147	6205	3.80748117022543
6170	7178	3.80743189756436
6167	6217	3.80737072914862
6155	6191	3.80732089752459
6192	8284	3.80723918027175
6129	6194	3.80706282081949
1559	347736	3.8070485624207
6147	6171	3.80701635912101
11224	6204	3.80689742639257
6217	6233	3.80678248414157
6176	6194	3.80675760587644
6147	6161	3.80668695879254
6160	6223	3.806584201559
6208	6217	3.80655026560782
4736	6160	3.80637860447581
6209	6228	3.80625879418069
6201	6217	3.80622363996029
6210	6228	3.80614165760006
6152	6158	3.80613786675976
6194	6222	3.80610523951549
6167	6228	3.80607897012122
6129	6204	3.80595619601742
6201	6210	3.80586736405609
6129	6176	3.80569960407269
6167	6235	3.80563098005419
11224	6217	3.80554707630808
3106	3107	3.80554400400341
6133	6156	3.80545249479599
6158	6201	3.80502519482786
6170	6232	3.80497886802827
6167	6223	3.8049111415838
6228	6233	3.80488947194228
6167	6204	3.80479506398837
6167	6210	3.80469479725216
6156	6201	3.80465395155109
6133	6210	3.80454779720437
51203	701	3.80449490433516
6156	6223	3.80439687228169
6155	6204	3.80418552206144
6146	6227	3.80397788543661
6155	6217	3.80394492270276
6209	6217	3.80389390745911
6223	6227	3.80380823288503
6158	6159	3.80380115138381
6155	6205	3.80325554262097
6223	7311	3.80310792545437
6192	8653	3.80307588153081
6175	6191	3.80306470166892
6168	6191	3.80302424243444
11224	6167	3.80292030799707
6205	6209	3.80278403269341
6133	6194	3.80256213505724
6217	6235	3.80255504252177
6133	6147	3.80226534819724
6175	7178	3.80222493535905
11224	6228	3.80180264231743
11224	6156	3.80145490151188
6205	6210	3.80137766548824
6209	7311	3.80129912857067
6191	6233	3.80128238884724
4736	6217	3.80117484608808
6155	6208	3.80107546290628
6133	6155	3.80099304823245
6194	6201	3.80098690393645
4736	6227	3.80066199869089
6201	6205	3.80058351992241
6229	6233	3.80052759592428
6160	6194	3.80043863784403
6161	6217	3.80041352687601
11322	147138	3.79970829294673
6155	6229	3.79947517268657
6156	6209	3.79937923781742
6170	6191	3.79882254103743
6217	6227	3.79873912304369
6208	6210	3.79850972732365
6194	6210	3.79831464410418
1915	6191	3.79828682386443
567	6170	3.79826985660518
6170	6234	3.79822727840914
6176	6229	3.7981713950768
11224	6235	3.79786440816437
6228	6235	3.79780440173836
1915	6228	3.79778694535679
6205	6223	3.79768529620719
6201	6208	3.79766547309527
6142	6158	3.79762893602746
6206	6208	3.79762745673777
6155	6210	3.79753571853659
6147	6175	3.79748063280667
6201	6227	3.79733870751062
6191	6210	3.79731757753629
6129	6235	3.79729981231136
4736	6223	3.79723547080366
4736	6235	3.79706145410435
6201	6223	3.79677925121128
1915	6229	3.79676673374916
6205	7178	3.79636662376873
6159	9045	3.79611491004924
11224	6158	3.79597834832698
6191	7178	3.79592025672661
6156	6175	3.79589825573441
1915	6129	3.79566162169641
6167	6208	3.79556878083879
1915	6204	3.79544276153982
6156	6191	3.79536329983062
6167	6229	3.79507723352002
6158	6160	3.79468568498222
11224	6233	3.79461547772049
6191	6209	3.79451272532686
6204	6209	3.7939151040535
11224	6161	3.79381050634104
6201	6204	3.7936420047381
6194	6209	3.79355904628614
6142	6193	3.7932842145931
6128	6230	3.79295526466683
6171	6204	3.79267765103089
6160	6229	3.79245297678177
11224	6160	3.79245272009049
6129	6170	3.79222813208872
6129	6201	3.79219396461829
6133	6235	3.7918028139983
11224	6210	3.79175593008804
1938	6142	3.79167945570605
6204	6223	3.79128863411884
6175	6194	3.79090188707967
11224	6128	3.79057717602499
1915	6147	3.79045786801367
6208	6234	3.78984657002648
6233	6235	3.78984031267006
6152	6167	3.78981593246486
6133	6168	3.7895883796855
6210	6217	3.78937534589827
6204	6217	3.7890927167258
6204	6235	3.7887778659921
6160	6228	3.78846329398085
114908	329	3.78832545309061
6217	6229	3.78823478393807
6152	6217	3.78798921869906
6204	6210	3.78795075316081
6223	6228	3.7878149989744
6128	6156	3.78763676497208
6170	6176	3.78713139104108
4736	6129	3.78687779486968
6129	6233	3.7866974840747
6161	6235	3.78657273642595
567	6748	3.78620430846179
6161	6210	3.78612251565344
6159	7311	3.78505949948188
26986	5042	3.78481686061522
6133	6161	3.78473784516325
6161	6167	3.78449093621355
6147	6168	3.78430353748692
4736	6155	3.78423449446653
6748	7316	3.7840293421419
11224	6133	3.78399429707174
567	7316	3.78383091541356
6208	7316	3.78373316952018
6128	6229	3.78311850582682
1559	353135	3.78189597441339
6204	7178	3.78182973421115
6128	6155	3.78171998510025
6201	6230	3.78142215477914
8287	8653	3.78137231626683
1559	6568	3.78032783978491
1559	57529	3.77999090934595
6147	6194	3.77927070832292
6161	6234	3.77898534262081
6168	6208	3.77881426525455
387923	5069	3.7786321458027
6206	6229	3.77819052861766
6129	6171	3.77779756655929
6210	6229	3.77777924097132
6191	6201	3.7773316658127
6164	6228	3.77710814504087
4736	6156	3.7770268293324
11224	6155	3.77652227561962
6133	6201	3.77598208806055
1915	6233	3.77593487790358
6129	6229	3.77576975583394
4736	6158	3.77564873489394
4736	6205	3.77542442201235
3909	5069	3.77522142408721
6156	6160	3.77501058434379
6171	6228	3.77489151693029
6142	6223	3.77487497720514
11224	6191	3.77422496843515
6168	6204	3.77395813567254
6158	6227	3.77329015532612
56	79875	3.77328088572309
6158	6194	3.77318563271499
6160	6217	3.77301189461884
6160	6161	3.77271322124294
1559	56	3.77257710618489
4666	6135	3.77216102473377
6158	6209	3.77191063693555
6201	6235	3.77189148634632
6158	6193	3.77137460922633
6210	6227	3.77071179134554
403314	56	3.76983103206884
6156	6227	3.76962405470637
4736	6229	3.76952778047451
4736	6136	3.76939540176854
6201	6228	3.76911466793374
6152	6159	3.76905143700252
6160	6204	3.76881777770441
6156	6194	3.76857862071496
6232	6234	3.76856454952804
6229	6235	3.76812790296069
6159	6223	3.76810367355977
6147	6176	3.76797156510962
6129	6167	3.76789323303538
6155	6228	3.76765033134259
1559	344905	3.7673682969797
6142	7311	3.76724565495599
6133	6170	3.76719206476656
6152	6201	3.7669597252083
6171	6205	3.76692152981871
6167	6233	3.76667619885021
6222	6233	3.76631963267414
11224	6227	3.76630302573123
6128	6205	3.76612359350847
6158	7311	3.76595068812126
30061	7412	3.76553656323097
6208	6209	3.76550239471075
6158	6167	3.76540996768256
6193	6223	3.76505949521399
6191	6227	3.76470167009001
1559	403314	3.76453444227396
6158	6205	3.76408911115217
6171	6194	3.76407841934151
348	9332	3.76359764269332
6136	6159	3.76285724395997
8665	9045	3.76245456007941
6210	6222	3.76243909494167
1559	2917	3.76186560406876
6156	6210	3.76121778764783
6122	6228	3.7604558623559
1938	6159	3.76031735970569
6128	6208	3.76003480549424
2197	6152	3.75994668317106
6158	9045	3.75935113251338
1559	79875	3.75905570593568
6147	6209	3.75835898836994
6133	6167	3.75823298716097
11224	6209	3.75788059231953
7153	983	3.75781302302233
6152	9045	3.75760381369848
6204	6227	3.75741962189574
6155	6227	3.75721710683273
7178	7316	3.75684767928276
6156	6167	3.75649277411151
348	7412	3.75625936315196
1915	3105	3.75610121412227
6223	6229	3.75597737360773
6193	6217	3.75578403325906
6129	6222	3.75466942051742
6133	7316	3.75457972396815
2197	6223	3.75454474749605
6205	6206	3.75409563700895
6191	6223	3.75350986180934
6133	6206	3.75339352304247
6128	6167	3.75320852211814
6161	6164	3.75307950226922
6128	6160	3.75272146453601
6136	9045	3.75271256911499
6164	6187	3.75221824030995
6234	7178	3.75051666079741
6209	6229	3.75019466691956
6136	6160	3.74981498763169
3646	8667	3.74915248023554
6152	6223	3.74898532552357
2917	79875	3.74870930914674
6161	6227	3.74789934243312
6143	6217	3.7478099233529
132141	347736	3.74726911482144
6136	9349	3.74704412950573
6201	6206	3.74702232675882
6194	6206	3.74684443766556
6160	6210	3.74600595311827
567	6129	3.74517218493371
6205	6227	3.74516836431947
6160	6205	3.74434704496312
4736	6208	3.7426584771678
56	6568	3.74221900804578
6205	6234	3.74216362984377
6156	6235	3.74202185576544
1956	2775	3.74152107323281
6156	6158	3.74122815888839
6210	6233	3.74121616564944
2197	6159	3.74114491294935
1915	6234	3.74105932971902
6160	6208	3.74032615583951
6204	6234	3.74003089339827
6175	6206	3.73948421113685
56	88	3.73916042117745
567	6175	3.73874154798506
2197	6158	3.73859905258051
6147	6217	3.73702482891302
6167	6209	3.73617242692944
6228	6232	3.73562676462856
51234	56851	3.73434457173947
6155	6230	3.73410567510516
6160	6209	3.7328620612238
6129	6210	3.73178074231237
6128	6217	3.73141810462514
152273	6854	3.73117745872247
6161	6176	3.7309207413722
11224	6152	3.73027733589412
6161	6201	3.72945759319664
6175	6209	3.72862317176941
6133	6217	3.72861986535095
11224	6222	3.72856636000128
6147	6234	3.72801938284988
6194	7178	3.72700950674482
4736	6146	3.72605642914291
6143	6155	3.7252585422201
6176	6228	3.72492270061217
6161	6206	3.72489822943071
6161	6187	3.72452203537473
6129	6234	3.72444103112851
2917	56	3.72409028101137
2197	6142	3.72379529583387
6158	6161	3.72373968071045
567	6205	3.72282674477716
4323	7475	3.7222854009002
11224	6175	3.72066799900695
6159	6209	3.72050958876412
6122	6209	3.72035082253099
6194	6233	3.71958586867648
1559	3448	3.71951250394452
6143	6228	3.71850538346035
6161	6171	3.71753783073428
6168	6175	3.71644224893207
6229	6232	3.71583098104706
55872	983	3.71579497175073
6204	6233	3.71578474688612
6194	6227	3.71553163789571
6133	6234	3.71545941105999
6138	8665	3.71541255165754
6152	6194	3.71537674871785
6129	6156	3.71500986771031
6175	6233	3.71448095489455
6155	6156	3.71445232703943
1915	6170	3.71196841284383
117245	387923	3.71167013760315
6147	7178	3.71161780856175
6229	7178	3.71142713229907
403314	88	3.7114051228625
6748	7178	3.71069341503228
6222	7316	3.70939912418234
56	79987	3.70902597519724
5137	9498	3.70847761522385
6152	6155	3.70641502938854
6146	6158	3.70591572956772
6187	6209	3.70554901364947
26986	6156	3.70461980331221
6232	6233	3.70419808475094
6171	6175	3.70291740615237
11224	7311	3.70277218192047
4736	6209	3.70272851494824
11224	6142	3.70234412952551
6191	6206	3.70174712215267
6143	6229	3.70143802868531
6152	6227	3.70096103037588
6568	88	3.70013460664247
6136	6146	3.699501348621
6122	6143	3.69938977675175
6156	6193	3.69880453780552
6155	6158	3.698033541802
4983	8434	3.6979939053349
6136	6158	3.69757839947506
58475	7412	3.69749349771866
4736	6210	3.69719374436304
6158	6235	3.69576006568746
7544	8653	3.69527504438572
1559	79345	3.69472384316717
347736	79345	3.6940346975657
1915	6194	3.69342166353732
6129	6228	3.69296692952149
6147	6210	3.69227830404081
132141	1559	3.69166637494547
2197	9045	3.69044231828465
6147	6229	3.69016207694425
10021	56171	3.69010576907297
1559	3888	3.68948722087355
6208	6223	3.6891821736289
6227	6228	3.68863478922301
6167	6222	3.68860884521843
347736	353135	3.68650226154474
11224	6143	3.68560549699406
6158	6228	3.68543807803601
6175	6201	3.68292151134567
6128	6158	3.6817856485802
124359	1559	3.68098315494671
6155	6223	3.68079463220576
347736	88	3.67915426036343
6160	6191	3.67847749199868
4736	6152	3.67815805736951
50833	79875	3.67625878162556
6169	6191	3.67615738190491
1559	390058	3.67606677329071
6122	6164	3.67593487788188
7412	7941	3.67549672134284
26338	387923	3.67508435089283
6147	6235	3.67488131188582
51514	83540	3.67425513161853
6222	6234	3.67310645266944
6147	6156	3.67254149280363
1559	84935	3.67169475151683
79875	8091	3.67047164975353
6160	6167	3.66920851740415
6128	6133	3.66886522647925
771	79875	3.66825744331303
347736	79875	3.66746519824471
6143	6235	3.66716903337584
1559	3694	3.6656124535749
6194	6232	3.6655238495541
83540	983	3.66522711611146
6206	6210	3.66362928725372
6155	6176	3.6630912865936
6169	6194	3.66277889220181
6227	6235	3.66232886305403
6138	6159	3.6610949343006
6209	6227	3.66047219552167
6155	6160	3.66045408852558
6228	6234	3.6585413297781
347736	56	3.65815308884787
6164	6209	3.65787249602212
151295	88	3.6566862907754
6128	6210	3.6558494897999
6143	6158	3.65462803213121
56999	9287	3.6538951676883
259266	4751	3.65045553879765
4736	6147	3.64969723060505
3105	6232	3.64774199338893
151636	83666	3.64738028473791
6142	9349	3.64364102613582
6232	7316	3.64331535598701
6128	6235	3.64109044367402
6209	6222	3.64108615803805
58475	9332	3.64106413234054
6146	6217	3.64011962779259
4666	6160	3.63859564901283
6155	6161	3.63851668120312
79875	88	3.63776980597835
6175	6217	3.63505297055591
133558	9498	3.63392654274008
4983	55567	3.63347171782347
152273	26338	3.63313496898453
6187	6228	3.63310961450452
4736	6222	3.63200594168245
6128	6228	3.63041316698916
6223	6235	3.62753395587494
2197	6203	3.62753029078565
3178	4736	3.62711816396542
6146	6201	3.62684437614058
6204	6206	3.6266690351778
6128	6129	3.62538240111869
56999	79875	3.62510336867956
152273	152519	3.62481287367831
6136	6223	3.62339173207045
6206	6222	3.61849839302955
6170	6194	3.61833274134707
6176	7316	3.61491487463641
6159	6193	3.61362022586485
1538	2916	3.61301289698302
6228	7178	3.61276090920623
7544	9086	3.61228949646879
1915	6156	3.61073433783053
10021	26338	3.61047386344033
1938	6122	3.61037382598388
284716	79987	3.60992793035328
4736	6234	3.60868759180572
6176	6233	3.6086576180903
6160	6233	3.60773457226018
11224	6159	3.60685681407708
56171	79875	3.60659926990543
6210	6223	3.60594304422809
6232	6748	3.60537317515202
567	6191	3.60489073769126
6164	6217	3.60220595457045
6158	6229	3.60055784353811
6129	6168	3.60028512358239
6169	6217	3.60026427271657
11224	6206	3.59911724057227
6176	6235	3.59843265703013
6143	6208	3.59831181904335
3017	8334	3.5962255343207
6122	6217	3.59586813848151
6568	79875	3.59270526313178
6217	6234	3.58336649307742
6201	6222	3.58219511309668
6168	6205	3.57926909958562
6129	6175	3.57804305132561
6217	7311	3.57777729494079
6122	6223	3.57681498080452
3105	567	3.57648787173245
1559	84448	3.57565331419901
26188	2917	3.57365033770864
1559	6854	3.57337647995127
6175	7316	3.57265072193313
284716	5618	3.57163515611301
5143	5228	3.57138345524086
26338	5069	3.57082564567705
4751	9928	3.57030712600672
344905	347736	3.57003619997464
4946	6155	3.56810844602854
26188	6854	3.56540687784235
6129	6161	3.56316652815255
1915	6206	3.56254401135544
6156	6232	3.56041997283686
6132	6188	3.55998428533442
6227	6229	3.55844076749691
6167	6230	3.55815727171638
6168	6194	3.55681897696884
11224	6193	3.55666235992955
6152	6235	3.55500755985431
148281	387923	3.55342047918486
6205	7316	3.55323583878935
4736	6133	3.55298846270034
6155	6175	3.54982076313877
558	7412	3.54916965495454
2917	79987	3.54630088622179
6146	6223	3.54357277840856
6132	6159	3.54225018485574
56	8091	3.54182207813018
1559	26188	3.54053659049054
4666	6132	3.54036777937667
57529	79875	3.54021180115026
6155	6206	3.53986425045346
6143	6156	3.53927186331394
2207	7305	3.53715742775602
1559	7475	3.53710094851991
6170	6204	3.53676696252603
6152	6210	3.53522682900508
5069	5939	3.53368145404295
6164	6194	3.53260241116776
6164	6208	3.53239193471201
26188	9498	3.52935007624264
6210	6232	3.5278669571285
6156	6176	3.52582449908031
6167	6176	3.52261915157603
51203	9133	3.52009791733252
6158	6233	3.51922807876349
1638	8091	3.51911497028609
6136	6142	3.51846846665673
10021	152273	3.51521864434319
3832	983	3.51310606475912
6206	6217	3.51136959596247
132141	353135	3.50996697386883
133558	79875	3.5077989817468
79987	83698	3.50670643435362
6159	6161	3.50619527937078
6152	6230	3.50321730178104
6161	6232	3.50284880413198
133558	284716	3.50243211179933
6217	6222	3.50221879551848
2917	347736	3.50164182704258
151295	1559	3.50030545769245
403314	79875	3.49949071648191
6234	6235	3.49754081247172
6169	6235	3.49707580039525
6160	6227	3.4964185525447
6230	6235	3.49616088240694
6146	9045	3.49608191255073
133558	344905	3.49504217607276
4736	6169	3.49355744019614
6156	6164	3.49281453069279
152519	8091	3.49199144153516
6141	6158	3.49190548014195
6129	6217	3.49155575671118
6568	9498	3.49122573740823
255394	9498	3.48996888569815
1559	7849	3.48938946001524
6164	6229	3.48904103208977
6158	9349	3.48725734654744
6132	6142	3.48681903450303
133558	2917	3.48644276097563
6143	6233	3.48483665964257
6227	7311	3.48241316461317
6143	6205	3.48132607615007
202051	7849	3.47868488152483
374407	7849	3.47449631125636
6159	6227	3.4739687570129
152273	26188	3.47233779386209
151295	1956	3.47090795424653
6206	6228	3.46849285518779
10214	6756	3.46690299219686
56	56999	3.46445201293866
6129	6206	3.46416721140824
6164	6223	3.46225974358515
11224	6147	3.46146547556093
6227	9349	3.46115557055381
11130	983	3.45946971742309
6152	6228	3.45934995906354
4085	983	3.45777744983109
152519	26338	3.45547105150322
390058	7849	3.45518354860035
6176	6206	3.4547829229772
285852	8091	3.45378615777018
259266	9928	3.4526075314989
6143	6206	3.45146617850777
5915	6568	3.45015407151693
1559	8091	3.44883779072719
50833	88	3.44665969461839
6143	6201	3.44664767885503
6147	6167	3.44642144780748
6217	6230	3.44548481180447
567	6204	3.44398939719785
6122	6159	3.44257329587634
57405	699	3.44188721670396
133558	347736	3.43953558620491
390058	403314	3.43675538722242
11224	4736	3.43601023920655
152273	55742	3.4358820468044
403314	50833	3.43586692144437
5137	55742	3.43547376022817
143425	2917	3.43299375690802
56	9498	3.4324953590415
6158	6191	3.43121498227568
3107	567	3.4307933043499
1559	5137	3.42903057145918
701	9133	3.42804624135859
2917	9498	3.42798930222462
26188	79875	3.42734962764033
11130	51514	3.42704444841375
133558	56171	3.42659428087508
23732	26338	3.42656446980026
3178	6227	3.42634445856061
50940	55742	3.42628768189027
1559	3798	3.42587576911157
7849	88	3.4256302041278
6206	7178	3.4221377558937
6133	6748	3.42068189277715
282763	347736	3.41987168766393
50833	56	3.41600572124738
6159	6187	3.41227461092768
6164	6210	3.41130149295793
26338	57172	3.41067425666224
6235	7178	3.41024987467877
1915	6748	3.40947057645413
11224	6164	3.40865742313248
6175	6210	3.40737524588027
1559	9498	3.40583460814924
6222	6235	3.40392261533668
353135	390058	3.40390537811192
6854	79875	3.40384135951824
6206	6235	3.40190615093953
30061	9332	3.40037831695831
55742	79875	3.3985238879616
79875	9498	3.39770034487814
2917	6854	3.39596416220019
5618	8091	3.39441326951669
7941	9332	3.39340496250913
6136	6201	3.39182625309091
353135	403314	3.39167433665142
1559	771	3.38839923473105
6142	6217	3.38711804131658
133558	152273	3.38711433050041
255394	7475	3.38427400059531
353135	88	3.38316034063905
1956	255394	3.3829212767165
6158	6210	3.38115029192132
6160	6222	3.38101030309746
152519	3400	3.38061297983462
3832	55165	3.37714566931289
3832	701	3.37676537494411
390058	88	3.37553191603781
6147	6170	3.37282140134555
124359	151295	3.3725858338535
56	771	3.37180222879688
6147	6169	3.37058458905371
6160	6175	3.36778123050183
6160	6235	3.36435388854932
6158	6230	3.3643116358746
55165	701	3.36219767378582
6170	6222	3.36164933536388
6155	6222	3.36141259899325
8287	9086	3.35955764288834
55742	8091	3.35616864337102
348	558	3.35606747214988
117	6568	3.34827898762269
6128	6223	3.34807830475399
6209	6234	3.34780098369771
284716	9071	3.34694178979176
4666	6159	3.34601363221106
1600	9498	3.34405660434975
5137	8091	3.34366435569401
712	9332	3.34296668996031
6122	6161	3.34147134802991
6176	6210	3.33982860471741
152519	285852	3.3371293209606
10060	3400	3.3364327435992
1938	9045	3.33407319895721
284716	56	3.33359979518354
6152	6161	3.33188497279231
6122	6156	3.33146173665806
2197	7311	3.33119281769882
26338	6854	3.32678281438381
152519	55742	3.32620818804198
143425	8091	3.32413941760062
11130	151246	3.32319614043127
6568	771	3.32083878993512
10021	84448	3.32020846966142
567	6147	3.31821939511628
117581	26188	3.31530853230252
132141	8854	3.31209511758137
6143	6210	3.3118140410673
133558	285852	3.31082285916988
4666	6201	3.30842667609341
6128	6194	3.30535881328429
50940	56171	3.3051003542661
6203	8665	3.3047053493358
22974	4288	3.30359504644406
5137	56	3.30094430822262
6169	6228	3.29656377283398
133558	6854	3.2952891024327
26338	9498	3.2952274294035
6171	6229	3.2949278103627
6133	6227	3.29344936939936
6223	9045	3.28885299491928
6146	6167	3.28519960925865
6175	6234	3.28417397661494
6155	6232	3.28259973076498
152519	5069	3.28000020110294
3105	3106	3.27949840352229
152273	5137	3.27690938991949
4736	6164	3.27511377799675
2794	441151	3.27211161650994
4736	9349	3.27165295171965
6233	7178	3.26821733841664
151295	3359	3.26803425613735
353135	79345	3.26690328600853
5069	7429	3.26431091473912
6161	6168	3.26406904767436
890	9787	3.26370842131152
4736	6143	3.26163010099266
8091	9498	3.26112040623425
4946	6133	3.2523988077763
56171	9071	3.24932475124182
7544	8284	3.24929074077646
6135	6159	3.24772017951194
117581	26338	3.2465618282585
2321	5069	3.24587484470741
1915	6235	3.24230536436262
6128	6143	3.24115989268929
6170	6208	3.24032188892659
25873	8665	3.23836274958663
282763	79345	3.23735206488345
3694	79875	3.2362860648336
132141	56	3.23562303552273
713	9332	3.23534409336189
133558	1559	3.234572072947
1915	6210	3.23299720431534
117581	152273	3.22847304242631
51203	9833	3.22817809967124
57529	6854	3.22295909354679
3178	6167	3.22229785240033
79875	84448	3.2220329200501
347736	390058	3.21876846611466
6136	6227	3.21867461575218
55742	60437	3.21819672776017
51514	79801	3.21697389425442
23504	56171	3.21665792955732
10021	2074	3.21119776139658
56171	6568	3.21005252882382
6161	6233	3.20788619180944
133558	5137	3.20675665539418
6201	9349	3.2067402149665
284716	6568	3.20446391359205
6210	7178	3.20438481149467
26188	57529	3.20212300432351
6176	6217	3.19996199863712
6159	6217	3.19755975774738
51338	64231	3.19755825165961
6128	6191	3.19091314522855
403314	8854	3.18998696787746
1559	51200	3.18807349321776
2263	4585	3.18765513110359
4736	6175	3.18744392427275
4736	6233	3.18673398207966
4666	6143	3.18602651063137
6159	6160	3.18521569067458
5069	53905	3.1841264130812
6176	6748	3.18397032218719
6227	6233	3.18212501530402
567	6234	3.17918021994488
6229	6234	3.17914931415785
344905	79875	3.1785833206832
347736	3694	3.17602430064526
2321	5939	3.16847908925909
6128	6206	3.16739695385534
26338	26998	3.16603422665394
3694	56	3.16238199898743
6141	6188	3.16188802788439
344905	54715	3.1589013963002
6143	6175	3.15838925400359
1915	3107	3.15810817518044
1938	2197	3.15753508525131
5618	79987	3.1539008385718
6129	6147	3.15070097586758
55742	56171	3.14831206577217
6122	6160	3.14624128691888
3400	5069	3.14441552979525
6156	7311	3.14344744871034
6160	7311	3.14213838426693
10021	7932	3.14163215461876
6167	6206	3.13875299191348
6152	6165	3.13548660407286
347736	6854	3.13543995716678
1559	50833	3.13530057856684
57172	771	3.13477439949922
25873	9045	3.13278173736188
1956	6336	3.13161922207236
6129	6160	3.12960609786467
6209	6210	3.1281985733614
6142	6227	3.12643768477652
152519	387923	3.12408869109658
79875	9173	3.12340700818489
1559	56171	3.12073608388742
6790	9787	3.11901418510648
23057	2916	3.1176744021216
6158	6204	3.11722376250817
6192	7544	3.11593806670554
133558	26338	3.1151163548231
133558	152519	3.11426713371456
6143	6147	3.11371874122602
6136	6152	3.11205752655536
6175	6235	3.10960073788012
6167	6234	3.10671505013987
6223	6233	3.10605461528148
6223	9349	3.10596205827613
3178	6146	3.10583210888701
6205	6230	3.10540068030565
403314	6568	3.10461585770392
1915	6161	3.10413762825374
196385	26338	3.10372875112932
6146	6152	3.10215655807741
2917	771	3.09913328735493
341	7412	3.09767990247451
6152	6160	3.09540509487406
347736	5618	3.09299450892342
151295	2925	3.09235000665323
4736	6128	3.09204654585613
6147	6233	3.09190689936375
1559	9287	3.0917328640121
132141	79345	3.09091072289477
6159	9349	3.08900746318731
347736	403314	3.08890148385637
6152	6164	3.08874693984727
25873	6203	3.08666471692886
1579	3798	3.08551157382263
10021	1559	3.07960579799557
152519	1768	3.07785746627095
2155	54756	3.07766466381567
56	79345	3.07676558917265
23093	8091	3.07397591009791
4666	6142	3.07151066359051
1938	6158	3.07032516621885
6169	6204	3.06527809038809
344905	6568	3.06235034739145
6152	6209	3.05952044748855
2243	7849	3.05583331918698
10418	403314	3.05464295387764
117245	26338	3.05402149725931
347736	50833	3.0536021698773
2917	8091	3.04868334251068
6227	9045	3.04490763586611
10021	3909	3.04330061201048
6161	7178	3.04239465535003
23732	2572	3.03917117686147
152273	387923	3.03815486818715
124359	57529	3.03729555905869
23732	9498	3.03695114407393
1938	6136	3.03486150184313
6156	6230	3.03463935571536
771	84935	3.03173306968196
55742	56999	3.02984581398977
1915	6155	3.02979520426568
255394	6568	3.02832179691208
1559	5618	3.02785294647452
133558	60676	3.02391239212212
1559	56999	3.02299537708335
6193	6228	3.02293280848683
6205	6748	3.02144491724359
2917	344905	3.01968387114352
10021	2775	3.01963873917476
5137	84448	3.019579538402
6232	6235	3.01671093721208
152273	9498	3.01642506437828
4323	56	3.01628387021546
6187	6223	3.01329146023268
11224	6230	3.01198124003083
3448	6568	3.0039314043216
6146	6194	2.99687498405361
3448	88	2.99679938182875
4666	6229	2.99530573918931
701	891	2.99355333623632
1559	51168	2.99334907291094
151246	9787	2.99079829771457
6146	6161	2.98596355003287
3105	6208	2.985678739137
6141	6217	2.98220538827497
2917	51168	2.98220421989655
7272	983	2.98081818291903
4946	6201	2.9808023601208
6206	6233	2.9796307535747
8284	8287	2.97714122187455
152273	56171	2.97570685769849
6193	6201	2.97341220993345
10021	8091	2.9710353192978
169693	26338	2.97027686009061
712	7412	2.96863007621889
2197	8665	2.96701245878089
26188	26338	2.96311111369535
7272	83540	2.95990571354409
2916	7252	2.95985598987524
6142	6188	2.95918445909138
6132	6135	2.95741017390982
6164	6191	2.95660363702309
10021	117	2.94837400587628
6169	6234	2.94677931458512
6155	7178	2.94471607143357
4736	6206	2.94156478629602
133558	84448	2.94026070077207
152273	5618	2.93867591946519
124359	6854	2.93636023540123
6158	6208	2.93580381683131
255394	347736	2.92985613546519
6142	9045	2.9289246293219
4736	6187	2.92783072272281
147646	4323	2.92529876157341
6187	6194	2.92285694527423
6141	6159	2.92230296157051
6135	6142	2.91977743640808
771	8091	2.91450554722455
26338	8091	2.91436222394804
6167	6175	2.91390368000816
6201	6209	2.90952336908251
10021	133558	2.90658741498597
10021	9498	2.90597886752485
1559	7252	2.90408338119481
3888	7849	2.90258571874729
4946	6230	2.90005671568074
54212	56	2.89993357863859
142686	347736	2.89840187853507
6152	6191	2.89493094137867
53905	5939	2.89201095753949
713	714	2.89145164495776
1559	255394	2.89144599465919
6156	6206	2.88553144209458
2074	26338	2.8842550944163
344905	56	2.88248337062292
6161	6169	2.8824413217165
283455	6444	2.88234708219082
26188	2916	2.8822139323975
117245	117581	2.8806896205212
4736	6122	2.88062957365298
56	5618	2.87647684843338
57405	701	2.8756753830344
152273	2074	2.87174541395469
2155	26338	2.86775067399092
1559	23043	2.86454827990615
157869	2917	2.86452341241363
3434	3437	2.86444889264498
26338	55742	2.85839562464981
6193	6205	2.85812853168564
4057	6279	2.8580937326843
133558	26188	2.85574005233807
4946	6233	2.84941229034241
3105	6133	2.84915752645464
6128	6152	2.84843640793776
7475	79875	2.84780465725171
1559	8854	2.84768139397717
8091	9622	2.8473718760592
284612	79987	2.8443977348369
152273	57172	2.84256886302627
26338	771	2.83963944703441
11136	88	2.82943119530182
344905	6854	2.82834658576169
133558	5618	2.82780052550208
3694	5618	2.826927627362
170960	5228	2.82619289923019
6143	6152	2.82582075492392
390058	56	2.82497872034897
9498	9622	2.82117544153218
133558	8091	2.82072765993261
4736	6176	2.82064496226025
152519	94031	2.81995962302648
11136	1559	2.819578067345
4751	54443	2.81920991241655
6167	6170	2.81594834166328
56	56171	2.8136599899569
4666	6122	2.81187960049952
5271	79987	2.8084798674765
6175	6223	2.80795428879119
132141	79875	2.8079020212004
1938	7311	2.80773608125736
254173	83849	2.80522968005533
6135	6188	2.80399403616653
124359	3359	2.8003846592691
26986	6158	2.7991528882276
6169	6208	2.79718664923714
403314	79345	2.78121554078453
124359	353135	2.77965924851192
79987	80031	2.77901899132192
11130	9787	2.77802746815407
10418	56	2.77793130962611
221391	79987	2.77738852566558
2917	88	2.77671694537525
79345	88	2.77488639688597
6854	9498	2.77197747701307
6193	7311	2.77151282386419
6146	6160	2.77027227098248
56163	8091	2.76962316580961
26986	6229	2.76114625559681
79733	983	2.75839863744734
6164	6201	2.75489406731644
6227	6230	2.74843307186896
23732	5618	2.74628202670218
1559	80000	2.74550330362812
347736	51168	2.74431407291446
6161	7311	2.74254137629572
6187	6217	2.74128425477934
26338	94031	2.7392530429592
259266	83540	2.73879446289698
2263	5069	2.73453406869499
9133	9319	2.73422599024556
6209	6235	2.73255854021511
26188	9350	2.73126272247086
6143	6161	2.72999320545289
2197	25873	2.72788406538343
1559	57586	2.72073874020328
7475	9498	2.71734875622052
11224	2197	2.71666907823952
1559	23732	2.71559743673622
26188	771	2.71511704886535
5271	6568	2.71492805038697
5275	56	2.70602493067192
2916	9747	2.70580601962343
57529	7475	2.70556420578326
6143	6159	2.70521604665368
6217	9349	2.70311457218922
10155	5518	2.7022584957943
1915	6217	2.69959078090138
26188	56	2.6963879564068
10021	84935	2.69274649975239
152519	3909	2.69176622982693
84448	84935	2.69027743572477
56171	771	2.68736710916035
4666	6156	2.68691545706403
26998	55742	2.68688186954184
29028	4173	2.68627038282179
6146	6156	2.6853040937349
6160	6164	2.68525688068483
6146	6228	2.67901494265372
4586	9498	2.67518915801144
2917	3694	2.67309867785249
151295	7475	2.67309497354542
3888	88	2.67268721756849
3359	3694	2.67124697092423
11224	6176	2.67112004598901
10381	10383	2.66958023782627
2197	6209	2.66945515824751
2917	9287	2.66656848330262
2917	54212	2.6662130462111
6176	6201	2.66598737595177
3694	8091	2.66476012832713
6143	6193	2.66338331797178
6143	6204	2.66312849970779
347736	6568	2.65941557753382
6141	6193	2.65900734759159
6128	6222	2.65788876322226
6222	6223	2.65774082946757
1559	80031	2.65738070168599
79875	9223	2.65439363195243
771	88	2.65377341099684
347736	79987	2.65211147386999
117	7849	2.64988315421337
3448	56	2.64903714654018
152273	1559	2.64490847123751
10021	5069	2.64459858377862
7849	9173	2.64259184953827
11130	83540	2.64156309251559
57172	9498	2.64062039080296
6159	8665	2.63826583391897
23547	79444	2.63699861639242
6568	83698	2.63377962241312
7412	922	2.63353320104588
6122	6187	2.62893212803099
2938	56	2.62439806486134
6208	6748	2.62361387523583
1559	7498	2.62291016311925
6128	6227	2.62269401081533
6208	6227	2.62184149092524
6799	6817	2.61961561835531
3448	347736	2.61642294789858
56	9071	2.61524106468778
11224	9349	2.61368375933306
56	80031	2.61301103367173
152519	5137	2.61068076211817
6122	6193	2.61002829586742
2917	55742	2.60958207944199
701	9833	2.60881911209288
1579	403314	2.60716245981026
1004	1559	2.60671626119647
157313	890	2.60517446542691
79875	8854	2.60442441669366
10021	152519	2.60321471691443
7305	9332	2.60268296215831
284716	347736	2.60114574115848
3105	7178	2.60108321261821
6568	7849	2.60084668060253
6568	79987	2.60081976585978
133558	56	2.600802011899
26338	56171	2.59949115807352
6143	6169	2.59628383810522
6164	6205	2.59448635471612
353135	9747	2.59365175230257
4666	6128	2.59256825875857
66004	7498	2.5869092332388
1559	79987	2.58555572954098
79987	88	2.58428926915459
353135	7252	2.58411446888348
117581	387923	2.58146603205439
2917	56999	2.5782818276793
163778	79875	2.57728043998026
6142	6201	2.57705921309256
5315	8815	2.57617638051727
23547	57817	2.57338870529588
255394	2775	2.56941016594409
117581	81849	2.56586959916925
8091	84570	2.56508407605865
55165	83540	2.56382179978103
84448	9622	2.56342181733369
1559	1579	2.56109024861795
6206	6232	2.56063991544553
56171	8091	2.55911862561049
6142	6209	2.5590325262282
124359	344905	2.55817255937173
6171	6210	2.55794815428829
2263	5939	2.55479838053868
10249	1559	2.5541598102824
347736	7475	2.54995896189448
152519	50940	2.54851030342227
3178	6228	2.54605988110776
6146	6191	2.54236607854581
6133	6223	2.53893446858883
6158	6164	2.5388888336588
163778	6568	2.53743052977236
133558	771	2.53690612424503
11224	4666	2.53632184614071
9133	9787	2.53515454628972
11224	1915	2.53099511038129
6133	6143	2.52866047707978
2917	6568	2.52692557568191
117	771	2.52429544000875
117	9173	2.52382714166607
163778	5271	2.51893066842342
56171	84448	2.51717188613906
117581	57172	2.51697489080765
1559	9071	2.51662573292124
56	5915	2.51369077765001
891	983	2.51077772551562
152519	26188	2.50875851464136
3134	3135	2.5087197087162
6142	6160	2.50422715060111
11224	6122	2.50393023570146
6122	6158	2.50283419492722
7252	9747	2.50209050782931
3832	83540	2.50057229760286
4736	9045	2.49731944656009
403314	80031	2.49694026852882
140453	84448	2.49679355911049
3909	84448	2.49445851373996
6164	6222	2.49250111835026
143425	55742	2.49143150905555
5137	771	2.49074100677069
285852	3400	2.4896822375666
1559	23504	2.48785626235883
284612	6336	2.48760654804954
6143	6223	2.48671946387109
79875	80031	2.48334061709795
6147	6155	2.48070554046384
6169	6229	2.47936984909381
6159	6188	2.47840855925781
5069	84449	2.47564030364775
6141	6142	2.47455968620381
282763	88	2.47071676925708
133558	23732	2.46673423179695
1559	26256	2.46430299911054
151295	9498	2.46126741890593
64283	771	2.45999016137555
26338	3400	2.4593960553298
6444	79345	2.45853327195251
133558	255394	2.45711853259834
6169	6223	2.45640082724279
79875	9287	2.45457209550907
6193	6227	2.45412810533627
6155	6234	2.45263890325174
6128	6175	2.45074003133759
284716	5137	2.45017533809165
11224	4946	2.44558012306445
1063	9928	2.44205951324133
6147	6206	2.44133396957345
2074	3909	2.44093765389493
3178	6217	2.44074141729899
1768	285852	2.43929644941868
4751	83540	2.43483453346023
6171	7316	2.43221391550703
51200	79875	2.43167877866509
10418	1559	2.43115475358774
7252	79875	2.43051510158637
51168	5618	2.42874105937507
1142	1559	2.42770950048119
387923	79919	2.42767029084398
2197	6193	2.42587979331649
124359	84935	2.4251900940785
4736	6171	2.42486341835637
1768	5618	2.42355497631018
3798	56	2.41791286876678
132141	2917	2.41747214612908
1538	387923	2.41642012603785
6147	6227	2.41589061458937
57529	9498	2.41430062838239
6156	6171	2.41058231477651
26188	51168	2.41010551485866
6122	6142	2.40804391766221
1559	282763	2.40622445190577
5915	88	2.40086285456093
152273	26256	2.39970746278336
5137	79875	2.39892994535107
51196	55742	2.38797746212831
117581	23732	2.38521256393907
2197	6136	2.38368558895673
3646	6136	2.38070276347424
344905	390058	2.37943890416277
6128	6193	2.3737659404251
3888	771	2.36893983104568
6128	6204	2.36873865584886
1559	2916	2.36865455128906
2074	84448	2.36242324038137
22861	50833	2.36159060268392
2263	57817	2.36158070407057
10021	53905	2.35571164114652
245972	79875	2.35508729004806
2074	5069	2.35181922577099
26256	7849	2.34894361252773
10021	417	2.34812749444159
26986	6175	2.34701290169902
3107	6232	2.34093614117349
255394	4988	2.34007695183813
79875	8747	2.33903533976654
6444	771	2.33838792188739
8747	9498	2.33562106293618
10021	83849	2.33535687924523
51203	55215	2.33488355605107
1559	284716	2.33123771390916
79722	79987	2.327901241891
7311	9045	2.32278978323485
5069	5396	2.32195115482052
344905	79987	2.32153271400425
23504	6568	2.3209700107
29028	983	2.32069346050719
6147	6223	2.32002885862071
5069	55742	2.3184584153353
133558	3400	2.31830169727209
6141	6223	2.31821636383218
284716	88	2.31309285300683
6147	6201	2.31106257678629
5618	6854	2.30892399183163
152519	79875	2.30758860250906
133558	3909	2.30216604455962
5618	7781	2.30058093094057
54756	57817	2.30041797475803
55742	94031	2.3003970024211
567	6229	2.29942200289076
53905	9498	2.29771426304473
6133	6160	2.29677697131179
117	3448	2.29411457180879
152273	56163	2.29071749669547
56675	9287	2.28866361792942
133558	57529	2.28824781846801
117245	3909	2.28794668430623
124359	26188	2.28755222037232
3448	79875	2.28671327211762
6049	9107	2.28669378434004
6168	7316	2.28469658705108
4288	9700	2.28460018399796
6170	6205	2.28329738323175
2197	6217	2.28245250257561
6146	6155	2.27973711515596
347736	84448	2.27660027466638
1063	4751	2.27212880275948
3888	84935	2.27207909931071
3113	3122	2.27050093542403
344905	3798	2.26894062826059
26986	6161	2.26735375356239
163778	56	2.26584691639405
7311	9349	2.2657535241409
152519	9498	2.26505515182669
4085	64105	2.26463474169927
10021	6568	2.26458826910404
55742	9498	2.26403097584876
114815	79345	2.26390142833041
157869	60676	2.26289579668343
55742	771	2.261952854949
417	4586	2.26179910611033
56	80000	2.26081496774736
6362	9332	2.26067525431646
3178	6155	2.25947324527806
6568	80031	2.259266600377
3448	353135	2.25760631905637
1638	771	2.2575838731716
6206	6234	2.25686200733982
6164	6206	2.25682835733804
147646	7475	2.2565504479898
10021	255394	2.25423083755692
1006	57172	2.25280277036261
3162	9332	2.25115017767937
6204	7316	2.24665055139463
57405	9833	2.24611432528463
347736	57529	2.24576880574574
259296	9498	2.24559527616386
771	84448	2.24417676974431
5271	9293	2.24382460447757
5069	8091	2.24370921983727
6155	6209	2.23958847120092
26338	417	2.23704078140551
5618	88	2.2330981965977
1006	3909	2.22860008920342
283455	8091	2.22855550416446
6168	6228	2.2274518939831
347736	56171	2.22728437311552
2074	8091	2.22584796384554
285852	56171	2.22360395006337
6568	84935	2.21970489068196
117581	3448	2.21753294302906
6143	6209	2.21646026651146
771	9622	2.214549301093
133558	1768	2.21389022958398
403314	56999	2.21310710437083
151295	255394	2.21287930823009
4323	79875	2.21136350725239
151295	5678	2.20918273615978
124359	9350	2.20608723795329
6167	6187	2.20560781667145
344905	5137	2.20508993949731
152273	2916	2.20323988937181
1638	79875	2.20101390704981
1559	9350	2.19959801128861
6146	6159	2.19714520999513
10021	3448	2.19634497807187
1579	347736	2.19338524095266
7305	7941	2.19089433298927
5915	771	2.19058388576056
6167	6169	2.18938232844028
56	84448	2.18746220557004
6444	84570	2.18678314345052
88	9498	2.18246281102955
132141	403314	2.17439923262393
202051	5271	2.17107159603382
11224	6129	2.16817216566648
10418	79875	2.16621503458273
5069	94031	2.16042947836457
26716	347736	2.15978322768625
6168	6748	2.15893348306119
151295	56656	2.15654283066119
1559	26716	2.15584030247142
5069	80313	2.15301185867411
6143	6160	2.1509833401972
56163	9498	2.14931310878358
6159	6201	2.14878734636856
117581	94031	2.14752573406305
88	9293	2.14384893471629
255394	88	2.14251335898056
3162	341	2.13981307149137
6217	9045	2.13629463533382
284716	9498	2.13403599878118
403314	5137	2.13033593659596
6146	6210	2.12562799658069
133558	79987	2.12556836474954
117	1559	2.12454271618593
2155	57817	2.12154656785728
26188	3694	2.11980116214872
1559	3359	2.11913862867578
4288	9928	2.11788495957725
6136	7311	2.10852888328766
2261	7468	2.10717366529026
151295	4988	2.10668108994641
2917	5618	2.10350882054536
284612	7498	2.09925596451109
26338	80313	2.09769173439355
1938	6209	2.09376879140872
5137	6444	2.09195812449614
1956	5349	2.09163376025003
6171	6235	2.08775978816694
60437	8091	2.08703071606999
4751	699	2.0856463289014
151295	6568	2.08500346698562
6146	6229	2.08428879397498
10692	151295	2.0839010011645
3909	5939	2.0793218829173
2775	283208	2.07447277489564
26188	6568	2.07182683918028
6164	6167	2.07096455882204
2917	60676	2.07074467126109
26338	56163	2.07045478068665
7252	84448	2.07004528819035
142689	1956	2.06931743912458
6152	6205	2.06761238275402
6169	6209	2.06470660012677
163778	4323	2.06295159343798
2917	80031	2.05938333001213
11224	6169	2.05918749749768
3162	7412	2.05756937875649
347736	9498	2.05663216734515
2917	7429	2.05529874605781
151295	347736	2.05405160937093
6136	6194	2.05113674290654
6136	6164	2.04954207128827
56	64283	2.04849858113281
4946	6205	2.04834887506782
2074	9498	2.04772456302713
133558	6779	2.04637743056746
55742	84570	2.0432440521775
1006	84448	2.04032032821977
11224	746	2.03995459296676
6170	6210	2.03925782250376
117245	5069	2.03839150296108
6193	6233	2.03592855406052
11130	57405	2.03324387749078
2775	9498	2.03298112572531
6854	771	2.02955337168622
6158	6187	2.02858116862421
348	7305	2.02816339654339
6152	6229	2.02650773224774
4946	6167	2.02647107795397
79987	80258	2.02322663696344
6193	9349	2.0224055999722
1559	22861	2.01920770242998
3909	771	2.0181568719512
347736	8854	2.01808363467692
284716	84448	2.01626134087449
143425	79875	2.01624604066629
6210	6230	2.01429531666629
1004	26188	2.01256994273785
151295	9173	2.01090317382249
6147	6160	2.00870058151542
152273	84448	2.00764685184379
891	9133	2.0052480661215
152273	79875	2.00269318405217
255394	344905	2.00266391745208
347736	3798	1.99910722769017
117245	23732	1.99379826568912
23057	8091	1.99314967778676
6122	6229	1.99224955324213
26338	84448	1.99167510273809
3105	6176	1.9905756236973
1004	2917	1.98423097207029
50833	56999	1.98419366360159
3888	9498	1.98390180622379
1936	9045	1.98014313922587
10021	4586	1.97960539147515
3161	983	1.97618086040627
3448	8091	1.97500133163829
148281	26338	1.97492833651295
6142	6187	1.97453467197821
84935	9498	1.97438283864157
3178	6201	1.97395694043241
50940	9071	1.97339380692768
117	84935	1.97152437900289
5169	771	1.97152001152931
3151	57570	1.97087493090887
4666	6228	1.96900950201134
4988	88	1.96841941927832
7305	7412	1.96763670406868
4666	6136	1.96740960190635
133558	1638	1.96567241989307
4842	55742	1.96274190263035
5069	771	1.96250155821306
6167	6232	1.96140860116726
149699	26188	1.96136886382285
5137	56171	1.9581102700401
282763	353135	1.95785040939644
56	57586	1.95690795973003
6159	6164	1.95642573193129
3448	84448	1.95203010171854
4869	6136	1.95108088428401
79987	9498	1.9489434858998
26998	387923	1.94344316846266
26188	5137	1.94239888316033
344905	403314	1.941528158625
1768	9498	1.94143400112408
1579	3694	1.94114295579278
163778	5618	1.9402528592512
1559	9173	1.93910944380415
285852	5069	1.93848261132161
1638	2917	1.93753978298563
6168	6229	1.93335503800047
11224	6136	1.93304825600186
2917	50833	1.93194451345393
6222	6748	1.9318020752623
152519	56171	1.9310772576873
151295	79875	1.92916109114743
1559	8622	1.92789952854812
54212	8091	1.92765496718177
1559	6444	1.92731778531787
6146	6205	1.92358448022343
51200	88	1.92151639459925
157869	79875	1.92133654623279
56	9223	1.9162406492884
4698	830	1.9154335699395
3909	4586	1.91457346456809
3832	891	1.91076582172807
2243	4842	1.91064654659215
1006	5069	1.90537757850832
6165	9045	1.90498467105246
2193	3609	1.90414508517174
152519	800	1.90172417938578
771	84570	1.90092065677303
348	7941	1.89991268313805
5137	9071	1.89953928465688
4586	5069	1.89914930222318
254173	5349	1.89719738990911
152273	5069	1.89679814465746
1956	4988	1.89609213543289
6160	6193	1.89463596405847
152273	7849	1.89296992358423
30061	58475	1.88815988503118
26188	81285	1.88731142172861
6128	6161	1.88530240068824
1538	1559	1.88510973984724
1915	6128	1.88444314560565
344905	51168	1.88440805861832
94031	9498	1.88414547825081
387923	80313	1.88237195099607
5618	79875	1.88055139413675
130026	26338	1.88015781376597
133558	56163	1.87834665272205
3694	88	1.87681287257546
10060	132141	1.87528820723705
353135	84448	1.87121465314569
344905	88	1.87022701137382
344905	3694	1.86992565386508
26338	3909	1.86094055879149
4288	701	1.85962865723591
6854	88	1.85803160275615
4585	57817	1.85760004413559
55742	84913	1.85432212372118
57405	9787	1.85413255569599
254173	7849	1.85372243660541
7429	8091	1.85025879777006
23504	84448	1.84849502180893
10021	55742	1.84754133534737
5618	80031	1.84353187110199
4751	51514	1.84175922090999
26188	57172	1.84123601775659
60676	79875	1.8409395412087
6155	6169	1.83986051452556
8091	84448	1.83960268290957
339977	57817	1.8384533957975
3832	7153	1.83396433402767
2916	400120	1.83267643301848
6210	6234	1.83245841780473
6160	9349	1.83079565488727
3694	56171	1.83027885260345
26998	4585	1.8213077656024
6128	6164	1.82115897179166
152519	84570	1.81978418488661
152273	3694	1.81542445881896
149699	57172	1.81380001559434
26338	4585	1.80994286331295
9350	9498	1.80981756516186
26338	79875	1.80690078880387
10738	1559	1.8060827574323
202051	6568	1.80504294469424
6167	7178	1.80355747312584
800	8091	1.80306949005708
6854	79919	1.80046967822195
11130	890	1.79933897159574
25873	6159	1.79358188733097
51203	79733	1.79270062354951
79969	85291	1.79252713556599
56171	56999	1.79221684165648
28972	6208	1.78766668229149
255394	84935	1.78611403894769
56999	6568	1.78484392315523
6187	6229	1.78355647828276
23732	8091	1.78335002144285
3017	8345	1.78329411765288
151246	6790	1.78265377963932
10021	254173	1.78048834248201
2572	51208	1.77804197374281
2197	6138	1.77343126628469
152519	56163	1.7718593084289
1350	689	1.7717238656002
285852	777	1.76963893737389
5733	5939	1.76794617866229
1579	2917	1.7642738949922
403314	84935	1.76415940569761
6362	7941	1.7569428208336
6152	9349	1.75655305921117
1915	6201	1.75268956924385
152273	8091	1.75225715111556
56	7849	1.75148248650935
56171	9498	1.74877957363778
55215	701	1.74802138203178
1938	6223	1.7445588834689
147646	1559	1.74181966990036
5618	6568	1.74076412588475
148281	80313	1.74073699902085
23732	255394	1.74051840240175
3107	7316	1.73773450834523
140453	26338	1.73681296168733
133558	8854	1.73554505228823
255394	5618	1.73039640068132
1559	79370	1.72893970509409
117581	152519	1.72884444286264
10899	200185	1.7278192173263
5271	6336	1.72297857100927
114815	9071	1.72205934679891
6142	6156	1.72046973352773
125950	7317	1.71726171628103
4585	94031	1.71659012668929
7781	83998	1.71579894505198
387923	3909	1.71513314331658
2917	56171	1.71091861793862
56	83998	1.7094222083065
4946	6128	1.70891114222225
56	8633	1.70721697679895
4842	7849	1.70654802739485
6146	6233	1.70436640948882
284716	771	1.70398408269815
10021	3694	1.6998955106447
5137	60676	1.69904643246945
51203	891	1.69770772791451
7475	88	1.69676018839421
6152	6233	1.69216582103883
10021	3910	1.69192157868209
163778	88	1.6916833152682
58475	7941	1.68968523078884
149699	79875	1.68920060970994
50833	51200	1.6885345259908
23732	347736	1.68789139881398
6170	6235	1.68549298026619
10021	5618	1.68535746101583
2197	6227	1.68418960915789
10738	353135	1.67973902028643
353135	8854	1.67581437961858
4586	84691	1.67416006957873
55742	9350	1.67339225274591
151295	3448	1.67130308467294
57529	9350	1.67098723771996
152519	26998	1.67022026741416
347736	57586	1.6701550913295
255394	79875	1.66829601816386
6129	6230	1.66782796025131
9133	983	1.66579604313951
55742	60676	1.66428288728466
6160	6187	1.66421962437378
56171	84935	1.66336129108057
10021	57172	1.66283447472473
57529	8091	1.66029183910936
6143	6191	1.6598416460048
1559	7781	1.65929450910703
51203	9768	1.65652926494435
3798	79875	1.65602524210974
152273	94031	1.65584442371868
6854	81285	1.6535006504985
11130	79801	1.65308040626275
26188	8091	1.65301750276862
400120	8091	1.64905158921882
200373	79875	1.64715533666944
80034	83698	1.64387157627638
56163	79875	1.64005876976109
347736	9071	1.63818949473354
6142	6152	1.63748173077154
28972	6233	1.63727968421562
152273	284716	1.63449859306814
6156	6159	1.63237911054074
9787	9928	1.62930209157385
6143	6194	1.62798376326867
133558	417	1.62776135036842
133558	2074	1.62749841366774
84935	88	1.62676669390569
133558	88	1.62506410104435
54212	79987	1.62497381940007
130026	8091	1.62332196132129
11174	26338	1.62313610752748
117	149699	1.62250059684951
6167	6171	1.61879818868414
344905	9498	1.61786409554579
124359	9498	1.61747687598518
5979	6568	1.61711639531774
26338	5939	1.61693320915304
4988	79875	1.61616796052111
6136	6167	1.61358258612326
10021	26256	1.61150951226737
5271	64405	1.61083833845884
2192	6457	1.61082858762325
23504	55742	1.60892432293275
26338	79919	1.60884891387704
26188	94031	1.60855349293663
4736	6159	1.60840996404793
390058	79875	1.60615937116643
133558	79345	1.60609887090835
56163	56171	1.60540206813402
284716	57586	1.60385478548413
133558	53905	1.60277871302834
50833	771	1.59852802078411
4599	9636	1.59478517451972
147646	347736	1.58529730058963
26338	4586	1.5801241138693
2917	3798	1.57994742355159
6160	6206	1.57838118679239
10021	5549	1.57542795262208
2074	6854	1.57257260547382
4105	4111	1.57165367249645
1559	1638	1.57154152486114
3162	922	1.56744851960521
151295	50833	1.56715584841203
7498	79987	1.56531289657008
8091	88	1.56447705707695
6559	8091	1.56097006972963
55742	56	1.56067832634217
139411	387923	1.55954703499288
152273	79919	1.55948165574438
56171	8626	1.55918721819179
353135	3888	1.55904355638597
57529	88	1.5573802383306
2775	3910	1.55706443628723
152519	5618	1.55690441259631
55635	9787	1.55562129976682
1559	163778	1.55520448129024
2917	9173	1.55511092633912
284716	285852	1.55376947275477
6223	6234	1.55337869669321
5069	84570	1.54829774581689
5137	88	1.54798570582922
5915	79987	1.5449475668663
55742	56606	1.54470565131323
2917	5915	1.54397654874218
7317	8815	1.54137960398857
1559	5915	1.54136332335742
9787	983	1.54049750458768
3448	84935	1.53929122736566
11130	3832	1.53897089939028
56	7475	1.53776284254506
284716	8091	1.53652976934674
3909	94031	1.53374066878065
2917	56163	1.53369850553934
347736	3888	1.53184289117601
51203	6241	1.52929525893548
344905	8854	1.52699815073573
259240	79919	1.52659208372975
197320	6854	1.52611624131311
3909	8091	1.52500012326539
567	6228	1.5178910491194
142686	79345	1.51671613345603
3909	53905	1.51452558961009
79875	8633	1.51300767163254
3910	56171	1.51210385606943
6187	6210	1.50578671853238
6568	7475	1.50562540423635
4842	6568	1.50513695322212
4842	56171	1.50478378563407
151246	83540	1.50370454721357
6568	9173	1.50307607431809
1638	285852	1.49763749975573
10021	26085	1.49514528783536
6160	9045	1.49510292168447
11136	390058	1.49496090940153
202374	5069	1.49448653059155
26338	54756	1.49234794969796
56171	5618	1.49128829641088
7849	84935	1.48893051761398
54212	6568	1.48472470725391
1538	26338	1.48289732695002
2916	353135	1.48189148488097
2917	5275	1.48114710053407
29028	83540	1.48040581343888
11174	8091	1.48039954976131
26998	5733	1.4749964413643
51203	7153	1.47280693876853
1538	5137	1.47184167685324
1006	117581	1.47039779287658
771	9498	1.46755618510529
341	9332	1.46745114016873
2197	9349	1.4652121817804
2572	6559	1.46456427296956
1559	2562	1.46449306219405
23732	5939	1.46418229573528
283455	480	1.46160979475053
3888	79875	1.46142812278098
259296	5137	1.46022984010149
10021	1600	1.45907771969166
196385	57172	1.45497943262872
10418	79987	1.44859471549012
1538	8091	1.44812221570954
6136	6209	1.44678368418093
11318	771	1.44362449695725
152273	57529	1.44200682218497
3178	6191	1.4417873145255
255394	9173	1.44101030112356
253738	771	1.44050191402577
55742	7429	1.44011368722721
56	8854	1.43954925951081
23732	771	1.43869288340237
60676	8091	1.43789173457547
143425	771	1.43744315120756
2917	5137	1.43686855247854
133558	140453	1.43659532141179
6122	6194	1.43362293093547
152519	4585	1.43305318218022
5349	7849	1.43077467021758
117581	1559	1.42847704006908
143425	5939	1.42367825365155
6362	7412	1.42243914538449
6122	6136	1.42113496360126
6152	7311	1.41937793956858
340156	353135	1.41678747065685
2917	9350	1.41325249691173
26338	51208	1.41298043111416
29127	83540	1.41193700452541
3161	891	1.41103473131636
5618	9498	1.40831786279461
11130	55165	1.40763827014011
5396	6444	1.40424842424238
2916	5137	1.40393214434128
3849	7849	1.40334260569349
3448	57529	1.40074116643223
133558	55742	1.40065647626405
347736	80031	1.399140776129
5678	88	1.39566355363452
2215	7305	1.3949848923633
132141	340156	1.39489335308531
79345	79875	1.3947868263039
6164	6204	1.39432304950708
6790	890	1.39152271371667
9493	9787	1.39011650922946
6122	6208	1.3867991196676
132141	6457	1.38563549970238
50833	9287	1.38435763881417
151295	84935	1.38413166281475
5817	7849	1.37967968885781
80031	88	1.3791383213267
3448	50833	1.37768071597117
344905	50833	1.37556842411783
254173	26256	1.37535754324236
390058	7498	1.37318435695552
10021	3400	1.37280997600255
1559	8747	1.37226053357663
27065	60676	1.3703315105766
11224	6232	1.36956918069899
57125	771	1.36949586643424
5169	79987	1.36885206230722
6159	6203	1.36884085759256
285852	9071	1.36686865324708
26338	6422	1.36598565176414
23732	284716	1.36465627171859
2917	9223	1.36356307459665
1638	55742	1.35894419254187
6568	8091	1.35821334496763
1936	6203	1.35754512272254
6193	6209	1.35491092408291
6146	6209	1.35468685484728
403314	4323	1.35461436057308
114815	347736	1.35325720754901
8091	94031	1.350694792083
10021	80031	1.35049768834279
3400	387923	1.34906964815587
254173	2775	1.34231236201265
1559	9180	1.34179778192063
151295	85291	1.3416032331816
10418	56171	1.34078330094337
55567	8434	1.33766908113423
4842	56	1.33760424726764
117581	143425	1.33493724607272
771	7849	1.33479063978478
4586	9622	1.3346629621273
3359	9173	1.33361218042262
348	714	1.32882078199796
284612	5271	1.32622805134653
6175	6227	1.32418463309657
5939	84570	1.32364508309206
3359	7849	1.32295358068248
338707	57817	1.32165611232437
5939	8091	1.31921722645657
6854	7781	1.31716704575862
2243	254173	1.31714413414958
771	79987	1.31673489195857
10060	152519	1.31560310129312
139411	157869	1.31485091749846
6156	7178	1.31330252372813
117	284716	1.31137707375064
3400	55742	1.30574369616094
79801	83540	1.30492591583882
4585	5069	1.29961693776124
50940	8091	1.29950910539043
1559	54212	1.29846312593176
200373	56999	1.2942635145857
6167	9349	1.29325411383694
10021	1006	1.29302528095156
4586	94031	1.2929234974538
124359	79875	1.29249873625083
27230	6747	1.29132265211464
353135	56	1.28974803981556
2916	347736	1.28938488700816
145942	255394	1.28841523297747
6122	9349	1.2871483094755
3694	51168	1.28679711690148
11130	9837	1.28536217695145
3779	5271	1.28364617569289
23504	255394	1.28314678390395
338324	441151	1.28267828722222
132141	5618	1.28095794125427
51514	983	1.27965848986879
5939	94031	1.27942250134181
56	60676	1.27879915287436
79875	83998	1.27771347616975
3832	51203	1.27623944482237
3888	56999	1.27619404454459
2917	403314	1.27570038221264
558	9332	1.27545205865988
9173	9498	1.27202931493217
56171	79987	1.27038376325936
1638	60676	1.26819689562914
117	152273	1.2675239098169
2917	3888	1.26704978778169
23732	3694	1.26664006052768
6205	7311	1.26619220573963
890	983	1.26572145748015
55742	5618	1.26167442194799
6201	6232	1.26094845748037
5646	83849	1.26044400010529
5275	79875	1.2578597515949
26188	344905	1.25559334836175
26188	3888	1.25251852937616
84448	9498	1.25220863743146
147646	56	1.25155494342145
3694	3910	1.25080476167289
117	88	1.24700393129024
117	79987	1.24518576080107
6187	6201	1.24210970503349
5179	55742	1.24201925608362
143425	4842	1.24189002133347
6854	9173	1.24179453399572
11065	9133	1.23967367028077
100129792	170960	1.23740247318904
140453	152273	1.23412083157501
4751	983	1.23383722261327
23732	6568	1.23303245684092
6228	7311	1.2330144730483
56	9173	1.23255314659927
6143	6227	1.23250056227424
1559	158067	1.22752996616798
151295	57529	1.2261639259318
152273	197320	1.22613150443753
133558	51168	1.22502763233395
26338	53905	1.22409159226116
6146	6235	1.22095503316856
56	6752	1.21945509486736
6143	6167	1.21843955278164
23043	403314	1.21713506046155
23732	51208	1.2141966419098
3359	5349	1.21223055169345
51168	79875	1.21221789266315
23732	57529	1.2118889395886
26338	57817	1.20929677855883
771	9071	1.20768453916124
79987	8091	1.20597227732133
57172	6854	1.20466563193682
4057	6280	1.20414040522014
4978	6854	1.20239835990672
714	9332	1.20109977131143
6167	6193	1.20044096649772
147646	9293	1.20033677175277
79875	94031	1.20006565338751
10021	79875	1.19987714136799
26188	3448	1.19966234666437
1768	8091	1.19612445252174
1538	26188	1.19601117736623
5618	66004	1.19301270235732
10249	2917	1.19205313509831
88	9173	1.18881624011757
57829	771	1.18834779912529
2572	2917	1.18723528389079
10021	284716	1.18707768555286
6209	6233	1.18462162624289
54212	9071	1.18405096886712
8091	83998	1.1830672843302
9045	9349	1.18251930130687
1559	8633	1.18182528796552
124359	9173	1.17978230802551
348	712	1.17972429177197
152273	259240	1.17894448373637
6147	6164	1.17834459758782
28972	6133	1.1766095538075
6217	6232	1.17611730864927
152519	2074	1.17434516346532
84935	9622	1.17422619398649
26188	88	1.17193410121457
1004	7849	1.17142383758074
4586	53905	1.1710378467832
347736	56999	1.16971639130546
57481	9747	1.16923873616233
5275	6898	1.16855158842493
1768	2555	1.16831110593205
283455	400120	1.16675560709075
6146	6204	1.16314793850367
7781	88	1.16158178800211
6158	6175	1.15979446283641
148281	5069	1.15703624772684
1620	2917	1.15673803981473
151295	57715	1.1565805411683
2917	9071	1.15657155818703
29127	983	1.15362780668765
6122	6204	1.15336246969509
26986	6143	1.15244184147554
80031	8091	1.15188749216614
50833	9498	1.15136679337991
64405	79987	1.15122046123722
3400	3909	1.14990036574259
53905	8091	1.14942925858073
255394	5271	1.14924193104417
117	26338	1.14906543005056
6193	6230	1.14820566530172
124359	245972	1.14606512234182
10418	6568	1.14558341719851
347736	5137	1.14554651822884
26998	5069	1.14459848615628
10021	56163	1.14096821094636
117581	1579	1.13907882008117
353135	6444	1.13879193388823
124359	88	1.13524507932135
117581	1538	1.13096477372507
11224	6146	1.13075307206201
133558	7252	1.12878093398374
245972	3359	1.12545894395226
202374	3909	1.12468032484209
5069	800	1.12190469174917
11065	983	1.12072199123752
151295	26188	1.1206630477289
403314	56171	1.12005541868774
353135	57481	1.11994218404393
10136	132141	1.11797668185514
136332	23732	1.11513771282766
117	56171	1.11122759476343
129080	4842	1.10802738023545
699	9787	1.10580299913815
132141	390058	1.1055182459557
152519	2917	1.10332154078088
6156	6187	1.10027107693746
771	8076	1.09935739137441
6133	6209	1.09776271382512
699	701	1.09720057766411
6141	7311	1.09660565891795
6135	6136	1.09632714835617
1582	2917	1.09612147783528
2155	3909	1.09545852592983
148281	79919	1.09469014559793
5137	56999	1.09411752818561
3105	6222	1.09313162992732
23732	2917	1.09001935610047
6171	6748	1.08969128057524
133558	6568	1.08861308474169
163778	8091	1.08860659850939
26188	3359	1.0867592505532
10021	7849	1.08512230073666
6128	6142	1.08431251931713
6164	6234	1.08273394417188
79345	8633	1.08092156352841
1638	56	1.07535684283776
10249	6568	1.07427687373658
6129	6227	1.07331954454533
55742	84448	1.07159655798886
151295	162514	1.07114671481122
26188	57545	1.06943409581094
4988	85291	1.06846153394415
347736	7781	1.06734139750561
151295	5349	1.06673512421923
26986	6204	1.06249183002421
147646	5271	1.06011909545096
4288	9787	1.05962902947977
83540	9787	1.05819518419086
3107	7178	1.05818762976678
132141	51059	1.0580900512343
197320	353135	1.05664859294847
3779	9293	1.05325997413027
133558	9223	1.04836631661773
347736	7252	1.04770283276027
6156	6234	1.04637232235571
2263	53905	1.04465736972574
6136	6217	1.04361834255424
23732	80034	1.04290389868219
57529	8747	1.04000562040416
6854	79987	1.03969586453815
6152	6204	1.0379942335778
6143	6222	1.03754864103146
117581	6854	1.03646009442611
6136	6187	1.0350355349911
26986	6201	1.03361469019909
4585	8091	1.03305201330902
1006	56171	1.03279658368929
10136	5618	1.03165498111532
6146	7311	1.02991240788962
152273	1538	1.02903779274999
1938	6203	1.02825194607792
124359	2917	1.0273925630587
108	8091	1.02737965612449
26188	5618	1.02599082174748
133558	80031	1.02418959037716
55742	9071	1.02331620663309
6568	9622	1.02296465541471
6444	79875	1.02168155824814
6206	6227	1.02016362470718
147646	284612	1.01871606936208
1209	8775	1.01853509194107
3798	390058	1.01802077554271
6206	6223	1.01768369576492
5137	5275	1.01665141327614
1579	344905	1.01545681223568
26986	6208	1.01381135800868
10021	1956	1.0127719576387
4288	699	1.01182560666345
11130	699	1.00698426054065
5618	83998	1.00696546014156
6159	6228	1.00518077622242
6138	6142	1.00335975325214
2917	4135	1.00324304468145
353135	84935	1.00045584868616
