10075	7178	3.21663306641034
1278	1281	3.21514735267471
1645	1646	3.21259212952546
1289	1290	3.20661766649245
4629	72	3.20646950015621
253827	6876	3.20461060241804
253827	800	3.20409177737159
10398	6876	3.20343602221549
6876	7145	3.2020545711951
4921	800	3.19832341070764
1264	171024	3.19741844751057
10979	253827	3.19570850064146
713	714	3.19464790226584
10376	84790	3.19418853328458
23336	4629	3.19354577552019
7145	8639	3.19175323205777
4501	4502	3.19128956210612
1281	6678	3.19073396165674
6171	6187	3.18970856729607
1290	6678	3.1887564922932
3106	3107	3.18679132943668
253827	4921	3.18540986937403
1264	4629	3.18540232032149
4496	645745	3.18435185416144
1674	4629	3.18398060450332
5350	6876	3.18263610549399
10398	253827	3.18245410366508
1674	23336	3.18207202026952
6876	800	3.18165896322893
1674	72	3.18129319381109
6876	8639	3.17874001527998
1277	1278	3.17669622590907
23336	72	3.17635726135621
1278	6678	3.17609638417349
10398	7145	3.17560985340995
6168	6187	3.17429168910996
1277	1281	3.17398235325903
6171	7178	3.17122195789281
4921	6876	3.17100941258733
4493	645745	3.16756964805085
4921	54796	3.16455115421647
1281	1290	3.16285654291785
11031	1293	3.16261553970063
10075	6187	3.16258033520463
1277	6678	3.15952338063307
221395	22918	3.15719476683529
59	800	3.15480921939199
59	6876	3.15339156275321
1292	1293	3.15128034327883
541578	91966	3.15124284724668
10075	6171	3.14975901256671
4494	4496	3.14525613204774
253827	7145	3.14499425187597
4102	4105	3.14229931137691
2737	54796	3.1413712277644
171024	4629	3.13785523339268
10979	800	3.1375960836976
10979	4921	3.13511472237772
1289	1462	3.13441309489739
3151	57570	3.13287271889664
2982	2983	3.13274493586537
1264	4638	3.13034840837624
3956	7431	3.13021810661872
253827	59	3.127923991416
341	348	3.1269199870807
1295	2200	3.12640003590693
11031	5396	3.12412814611777
6187	7178	3.12290856198112
10075	6168	3.12049496048773
6187	6222	3.12031086890688
1462	633	3.11628631078434
1462	2200	3.11596922480501
1264	72	3.11533808424675
5350	8639	3.11025386741206
1282	1284	3.10777995691973
712	713	3.10684467815924
3134	3135	3.10671204002703
5396	8840	3.10485379944673
1278	1290	3.10133681724949
1462	165	3.10070895517841
1289	633	3.10031075673649
712	714	3.10025111521318
1291	1292	3.0966916930156
171024	26353	3.09634840667702
10398	800	3.09270586338659
253827	5350	3.08956512736023
2200	7070	3.08928049918654
10398	5350	3.08836966339009
1289	2200	3.08811977620772
1264	23336	3.08750300253752
4493	4496	3.08636920106583
11037	253827	3.08625126417386
1289	6678	3.08416799914471
253827	27295	3.08162755748255
11031	3956	3.07721990617459
1290	5396	3.07617443911326
5350	7145	3.07563650916988
1289	5159	3.07557630068895
1063	259266	3.07414511562805
10979	11037	3.07354542601102
7805	963	3.07234024922742
253827	8639	3.0717657087843
28959	55365	3.06948885466923
165	4060	3.06909546907208
253827	4211	3.0671832621697
1290	1462	3.06683304781746
1290	2200	3.06544726087577
10000	84617	3.06279790348231
1462	25903	3.06149655944385
11117	4921	3.05872668889122
5396	633	3.05749743819189
1634	4060	3.05747956116161
1290	8038	3.05358682926443
6168	6171	3.05324762936495
284119	84617	3.05136877750299
1281	4060	3.04684212216117
10631	8038	3.0429120014898
1289	5396	3.04131932211957
11031	165	3.04130171438373
1513	1634	3.04014093156921
6678	7070	3.03892846985571
2359	942	3.03743856578433
1634	83468	3.0369967275649
253827	54796	3.03589101890235
171024	4638	3.03140014491902
253827	85453	3.02996122128836
3956	7077	3.02955297369072
1289	7070	3.0286154588221
1300	1301	3.02768680925459
4501	645745	3.02661009686754
3689	7805	3.02617790349824
1289	8840	3.02389911251171
1290	633	3.02372111041971
165	23213	3.0226439393006
199	64231	3.02102713113986
11031	1290	3.02094973988937
1264	26353	3.0190707013813
122786	29940	3.01747863919324
2200	4060	3.01583629519882
11031	6678	3.01582845257656
10186	4256	3.01449565073879
1264	1674	3.01425577898617
4921	59	3.01359788631891
11037	4921	3.01306641640908
4060	6678	3.01064127121336
1290	7070	3.0081504621614
10979	54796	3.00751045973337
7805	8832	3.00733163121007
165	2200	3.00680880601608
2533	5788	3.00638475857321
6168	7178	3.00582324908403
1536	7805	3.00566000115746
7145	800	3.00359368039671
51338	64231	3.00314733829204
6168	6222	3.0007158469627
2200	5396	2.99961521498759
64231	7940	2.99944699752808
4211	800	2.99841293177052
1293	3956	2.99627379656417
10398	27295	2.99528305365488
2200	5159	2.99520408267414
10979	84617	2.99496663601367
25943	84617	2.99209285100127
4494	645745	2.98669391886967
1293	4060	2.98596243937436
59345	7431	2.98520965488052
1513	4060	2.98516115644411
4921	7145	2.98147586908284
11031	2200	2.98140016732905
1462	6678	2.98085954295694
1281	1293	2.97981243000766
3059	5788	2.97706318007699
199	713	2.97580996789174
51338	9332	2.97562120662662
1634	5176	2.97488014829271
23194	54796	2.97318256018453
1289	1303	2.97247019667688
1634	2192	2.97028615912441
253827	83700	2.96833046008185
54796	85453	2.96816984606663
171024	23336	2.96788395934624
2192	83468	2.96631402699072
1289	8038	2.9657980636683
2737	4921	2.9637034808116
1277	1290	2.96327261423999
6171	6222	2.96214275743438
1290	5159	2.9612348469582
1462	5396	2.96072966807529
4060	83468	2.96069753397973
3109	3122	2.96060665510123
11031	1281	2.95991271328184
10631	1290	2.95942663611681
284119	30846	2.95769202852213
25927	54796	2.95014916161458
6876	8630	2.94942849096752
10398	4921	2.94905831112027
8910	9638	2.94849819488038
221395	64123	2.94604335724867
10398	8639	2.94472919980913
2192	5176	2.94408293610434
6192	8653	2.94395816479653
4493	4494	2.94362033151646
59	85453	2.94312685063798
3109	972	2.94216246156758
10979	6876	2.94176995581748
51203	701	2.94006399267782
10398	59	2.93955245597729
10631	1277	2.93892155030986
11031	1462	2.93527320504826
4921	91653	2.93519800479748
4921	85453	2.9337508731706
1291	1293	2.93345611483489
4094	9839	2.93201503862837
10979	6935	2.93153525482913
1536	3689	2.92949289903134
1300	3624	2.92930616714006
199	929	2.92598700473798
51237	5450	2.92538461682149
800	85453	2.92489410829406
2200	6678	2.92348013685142
151887	389136	2.92086669469608
25927	85453	2.91970368976456
11031	7431	2.91862225825528
54796	800	2.91840730956768
2619	5396	2.91835965432524
1462	4060	2.91695568550422
22918	641700	2.91640307774413
2525	2528	2.91611048021014
3108	3109	2.9141533293352
11031	1292	2.9128953885751
1292	2737	2.91080733055013
25927	9839	2.90964806094026
3059	963	2.90934179984053
1290	4060	2.90840111693109
8404	8639	2.90809173322751
165	84168	2.90761399461469
1293	7070	2.90696988992241
11065	22974	2.90600199640002
2791	51705	2.90574713202437
2191	23213	2.89898869829839
1289	2191	2.89897208513085
10075	6222	2.89874369887101
4015	5396	2.89833493254194
11031	4060	2.89706700107451
122786	3956	2.89671178358
2200	54587	2.89573490305111
641700	79812	2.89430525610987
800	83700	2.89129046598106
5350	800	2.8910639346444
11031	23213	2.88927983548124
165	633	2.88774570113402
10979	4211	2.88163994078615
1293	5396	2.88043414428098
1303	84168	2.87833462766611
11037	54796	2.87733764996023
10979	7145	2.87632274993038
253827	91653	2.87574669265767
1291	3956	2.8749511022288
25802	7145	2.87429792983351
22918	64123	2.87246741420969
6876	91653	2.87010822162285
11167	3490	2.86839152656724
54796	6925	2.86709815914708
4496	4501	2.86586564520191
714	84868	2.86538288761804
51338	714	2.8642422618087
10631	6678	2.86113404573369
4638	6876	2.85928814162753
1292	54796	2.85833925458491
1290	1303	2.85750470948223
4494	4495	2.85682330485811
171024	4660	2.85642477836131
1536	64581	2.8561613136632
5654	9902	2.85511099121635
1536	3055	2.85505795384561
4502	645745	2.8550000646227
4015	8038	2.85365237167503
3689	7305	2.85289969036814
1295	84168	2.85065790343692
2200	633	2.84883032165532
1513	83468	2.84865057505617
4921	8639	2.84772969516848
4495	4496	2.84481356937114
27295	6876	2.84218616745281
51203	9133	2.83946218330469
22873	54796	2.83797864776694
1674	171024	2.83748306856067
3587	474344	2.83639087103574
11117	54796	2.83531824129992
7805	942	2.83529253518136
30008	83468	2.83515099769453
713	929	2.83501332310436
1295	1462	2.83327249659274
30008	9902	2.83284555553862
7305	84868	2.83225970868957
57333	8038	2.83194518317348
4211	7145	2.83045987571855
1293	7077	2.82900171310977
1293	23213	2.82892101140451
3910	6925	2.82762970502416
4211	4921	2.82676263885637
10979	83700	2.82602904757577
633	7058	2.82581799403449
1289	57333	2.82409985801434
5396	8038	2.82058479752409
4921	862	2.81820574632918
11167	23194	2.81769834532192
8832	963	2.81704806603481
1292	5396	2.81658565157662
2737	7077	2.81579271024053
10186	11167	2.81544184997333
5118	6678	2.81525639889963
1292	284119	2.81280798216117
154810	253827	2.81268426341787
1264	3779	2.80999977691023
6222	7178	2.80997466554746
1290	8840	2.80854890746812
1281	2200	2.80803535058958
2359	7805	2.80665126657561
1462	7070	2.80522969764043
1063	83540	2.80298189663332
151887	2200	2.80146690789488
165	5396	2.79985132969235
3587	5788	2.79930170018134
2982	4921	2.79830876218963
1281	5118	2.79660024607587
116535	4211	2.79602516862604
11167	30008	2.7957666826063
25927	4921	2.79572197911343
23194	30008	2.79528740292961
6799	6817	2.79322612952893
1293	5159	2.79135063486468
51338	713	2.7902406969272
11031	2737	2.79020882270744
85453	862	2.78227272537357
1289	1295	2.7808583921934
1264	7145	2.78006811542713
10398	4211	2.77927308614263
1292	7070	2.77901075676872
25802	6876	2.77782449328503
11037	800	2.77673214852138
4211	6876	2.77614841519483
4921	83700	2.77598100590526
1278	4060	2.77562479024056
1290	9509	2.77459083010063
4921	5350	2.77212715082875
1281	7070	2.77196048798154
284119	54796	2.76999895284197
10398	10979	2.76517942325103
3108	972	2.76486934013121
116535	5350	2.76412192790414
3554	83716	2.7633088910573
4675	862	2.76175267609966
1289	54587	2.7611746992018
10631	1278	2.75886033860677
1915	7178	2.75864351560336
26986	6156	2.75702384562908
1292	3956	2.75676692726954
5159	7070	2.7556728675303
64581	7805	2.75518360290116
11031	54587	2.75487028413669
1295	7058	2.75168286446254
2791	6925	2.75164143732799
27303	4256	2.75162513783964
1300	633	2.74662777046516
1264	4660	2.73891407866103
10979	57198	2.73813575076617
2983	800	2.73715637994976
1293	2737	2.73691857318771
1293	165	2.73621681494812
1292	9902	2.73619765964926
1462	7058	2.73578911686488
1009	1295	2.73551523282768
1293	2200	2.73455650322837
5350	8630	2.73155317602729
25927	6925	2.73113526980861
5698	6890	2.73033050567392
4638	7145	2.72987381459173
27303	83700	2.72812137613537
1290	7058	2.72647110290002
151887	54796	2.72634479614287
1289	3624	2.723064493053
7805	84868	2.72013820848381
51237	83416	2.71868556956035
284119	7846	2.71823292003447
781	84617	2.71779786678559
171024	72	2.71557879635964
2200	7058	2.71033670250441
53826	7145	2.70988160323142
116535	6876	2.70702357799324
2791	4208	2.70648151532786
253827	6935	2.70576438928103
1290	3624	2.70508170215807
57616	6925	2.701535762901
2737	84617	2.69881625266807
3490	85453	2.69765127839452
7305	7805	2.69436600976163
11339	9133	2.69423088228814
1290	4015	2.69161553700426
253827	8630	2.69094670806305
2200	6423	2.68892956367092
4921	6935	2.6885471464765
11167	6925	2.68692361291298
1290	7130	2.68681521512062
6503	963	2.68577949632142
10075	1915	2.68461000568092
3059	3587	2.6843573194628
1536	22797	2.68289956109112
4211	5350	2.68163445861641
1284	57124	2.68140626030506
57124	7070	2.68090643700692
115908	7058	2.67994225275479
25927	716	2.67973946587182
4921	7846	2.67970710904181
1462	30008	2.67779663520811
10979	2737	2.6774763086613
11031	115908	2.67742858174443
713	942	2.67739634868119
2200	23213	2.67639878374959
27295	800	2.67483088056374
4060	7070	2.67450140546418
1278	2200	2.67160014523453
154810	84617	2.66905581292033
5788	6503	2.66833241244006
2359	7305	2.66756873663227
165	9902	2.66631753225972
11155	23336	2.66530659958427
253827	81493	2.66377018919633
3956	5396	2.66248271886579
7940	963	2.66204515932326
10979	8910	2.6588947225055
701	9133	2.65415288924266
25927	4094	2.65187858305614
3490	6383	2.6485887739655
253827	4638	2.6480872209907
199	942	2.64570474319588
30008	7070	2.64564706456379
83468	84168	2.6443853039596
11031	7077	2.64199636182167
1289	9902	2.64145611552895
5396	7130	2.64121887419
27295	7145	2.64034113683813
2200	84168	2.63965905591647
54796	57616	2.63918630567047
10000	284119	2.63602701574891
4921	6444	2.63591398319581
2359	64581	2.63351475117935
23213	54587	2.63128743386103
1281	1289	2.63041865582034
10000	781	2.63011026431935
11031	1289	2.62707654998497
11167	2200	2.62625975633683
4211	83700	2.62612485977351
10979	27295	2.62606231304833
558	7077	2.62477703018208
166336	54796	2.62362410127558
1293	6678	2.62260311833914
914	915	2.62254373866617
11167	83468	2.62085125098779
10631	7130	2.62067487767201
7145	7169	2.61851979594947
2124	3059	2.61520997007393
23213	84168	2.6145256249919
5552	64092	2.61446421204944
11155	1264	2.61290754849291
11037	6876	2.61254028001323
1264	8639	2.61203072059718
3122	972	2.61086962674051
3059	6503	2.61082670774203
10186	23194	2.61013355968794
4629	4638	2.60767890911062
54915	8480	2.60754348065011
54796	84617	2.60541994607681
83468	9902	2.60248522184549
4313	83468	2.60213524140053
1439	9535	2.60146253082596
115908	5396	2.59963798573074
170575	474344	2.59860352090914
23643	64231	2.59845921311496
30846	84617	2.59714422741334
64092	6503	2.5960466222809
10979	166336	2.59438781694808
5159	54587	2.59355293462333
6159	9045	2.59321295481198
54587	83468	2.591633399257
1293	54796	2.59139845678454
54796	6876	2.59012674465988
1301	3624	2.58960105749556
54587	7070	2.5895162786384
196051	7058	2.58718521577181
30008	54796	2.5863095232756
23336	26353	2.58468586585062
116535	1264	2.58413961098489
1290	1293	2.58342235786266
23643	7805	2.58317779361507
10979	23194	2.58243712004625
1290	1295	2.58228800565946
474344	5788	2.58162630526771
54587	84168	2.58160906743048
2533	3059	2.58128653901989
2791	79812	2.57888700595179
1278	1293	2.57774350871836
6678	8038	2.57745636880483
4921	81493	2.57722345973728
51309	54796	2.57702211220433
10398	25802	2.57599314088773
10979	30008	2.57549386329517
25927	862	2.57063748318794
30008	54587	2.56678460396431
1462	8840	2.56544497579502
27295	4921	2.56411481797949
64231	7805	2.56072116021625
284119	3956	2.55987372538364
10398	25959	2.55936299099886
10631	1281	2.55815001865374
2200	9902	2.55796369935528
2200	5654	2.55684101661568
165	5654	2.55647197148207
3059	5552	2.55641946673655
83700	85004	2.55617772976824
10979	85453	2.55426803497267
26353	7145	2.55407203834865
1289	4060	2.55225024598109
1536	963	2.55185975115489
4493	4502	2.55153256215509
714	929	2.54980889566812
5788	64092	2.5486404531728
27303	85453	2.54816313081208
64231	713	2.54740851282721
1289	165	2.54683558194667
5797	6925	2.54584015951593
11155	72	2.54457569089049
2791	57381	2.54100273576757
59345	9839	2.53875599583488
1278	5118	2.53660970634032
27303	91653	2.53514203219638
5450	83416	2.53342673926344
929	9332	2.53096593912762
7846	800	2.53091186459797
259266	4751	2.53073921447618
4015	57333	2.53024977456214
6925	83700	2.53024153012684
23194	4921	2.53010246378702
2791	5797	2.52996733140397
10082	83468	2.52886403065937
1346	4921	2.52811663500708
633	8840	2.52572223001599
3627	4283	2.52474188095381
1794	5788	2.52450146984435
23213	4060	2.52089030660728
1009	1462	2.52083131781648
5099	781	2.51944695418253
5396	6423	2.51943502410462
253827	25959	2.51860207027092
54796	83716	2.51769294815934
4208	64123	2.51677428649935
116535	7145	2.51425714265545
7130	8038	2.5140875636411
10979	781	2.51219037941698
2737	3956	2.51189997526187
23194	83700	2.51120097455277
10398	83700	2.50766955380841
11167	84168	2.50490334785892
116535	253827	2.50233672036953
116159	79812	2.50203050993943
11031	2619	2.5015880204673
165	83468	2.50050855507527
713	7305	2.50001759966064
1290	2191	2.49584368086418
5788	963	2.49567296849405
2533	963	2.4940474691523
1289	22795	2.49374752267201
1290	165	2.49341042984608
11155	1674	2.49154508829492
10398	1410	2.48916083418063
1346	85453	2.4880562103348
2983	4921	2.48672539193018
1296	1462	2.4833138164631
5396	9902	2.4824780736696
3856	3875	2.48233268464311
10979	9638	2.48069944717415
929	942	2.47992831782327
2791	5136	2.47985732815035
6925	85453	2.47925624649173
1295	633	2.47845198841785
11031	59345	2.4784344216068
3059	55016	2.47821154970298
25959	8639	2.47777636768127
1879	64123	2.47721134907836
11037	59	2.47418261808191
4921	5099	2.4737547405047
10979	59	2.47369414758316
3903	7805	2.47346602289443
11155	4629	2.47330023760344
54796	862	2.47310621086403
719	9332	2.47198730784536
1292	7837	2.47141872030902
714	942	2.46998386569586
116535	4638	2.46933408487675
713	84868	2.46882270608425
11031	1278	2.46790653208353
25927	83468	2.46660265771608
115908	1290	2.46644163858031
800	91653	2.46501514561827
4094	83468	2.46377652906071
1290	5118	2.46374646527198
2200	389136	2.46322732042331
116535	53826	2.46274138155818
2124	5788	2.4625983455852
54440	64333	2.46162025007555
1879	22918	2.4600945713714
1278	7070	2.45991754982366
1295	1296	2.45930545636262
165	30008	2.45838567525706
11117	1293	2.45726773615742
1513	4313	2.45705640979804
3678	84617	2.45542269774633
122786	7077	2.45512677384509
2737	30008	2.45086769971317
25943	284119	2.45084546695604
11031	5159	2.45014685988864
10733	64151	2.44905398832107
165	54587	2.44891281376431
1301	7058	2.44425283050357
11031	9902	2.44214284057408
1462	8038	2.44172069138275
10186	30008	2.4410909769243
4921	6925	2.43865858807637
11155	26353	2.43852862541821
7145	8404	2.43840245133074
3937	963	2.43574930917125
1291	7431	2.43364842794184
83700	91653	2.43273725060554
1536	199	2.43020178059354
1301	196051	2.42662737007613
4060	5159	2.42497850173674
800	8639	2.42216236647882
80114	83468	2.41894532264147
10564	6780	2.41826412675755
1465	7145	2.41755496311118
3624	633	2.41713661423409
7305	942	2.41705716754766
7070	9902	2.41462804829184
25927	2737	2.41276439636383
2791	641700	2.41155408304249
1300	7058	2.41094028091146
25802	8639	2.40874061024665
10398	8630	2.4077412219088
10979	81493	2.40590118930599
474344	55303	2.40579348797759
253827	2737	2.40456228359333
1292	30008	2.40003977880395
714	7305	2.39971732389285
4629	4660	2.39953995445527
10186	2200	2.39936570954898
115908	165	2.39851337806041
1281	1462	2.39663098702349
4015	633	2.39556243547751
3329	3336	2.39378609517804
115908	1462	2.39323182503155
10979	2983	2.39289694326166
6935	7145	2.3927213232336
151887	9839	2.39266392560128
25900	9839	2.39188929602463
4060	84168	2.38617997116453
4921	716	2.38545306610031
719	929	2.3853389030916
25802	4638	2.38389020573597
633	8038	2.3815809248425
4332	7805	2.38051331921646
154810	6935	2.37980583874916
11031	7058	2.37810752055064
22873	2737	2.37737437252299
716	9839	2.37683966520435
1462	54587	2.37634866463765
23194	25927	2.3737731411223
5350	59	2.36720286548139
11155	171024	2.36629279420535
2982	800	2.3638406878813
11037	2737	2.36257109533918
3488	4921	2.36250393017711
2908	9638	2.36043723469564
4629	93649	2.35633218718057
151887	58494	2.35580788676328
3689	56833	2.35493562477086
1465	26353	2.3545008854761
5396	6678	2.3539956341338
5159	6678	2.35346471369796
1264	6876	2.35324325971338
3956	84617	2.35259815157806
1462	9902	2.34953512066948
2200	54796	2.34936818685307
11037	30008	2.34624863559877
7837	9902	2.34479052819466
4921	58494	2.34441690342098
10979	8639	2.34083946844376
6205	6217	2.33752078716628
5175	64123	2.33699874009766
389136	7057	2.33607334492496
4493	4501	2.33338631598374
10000	2737	2.33239166399751
253827	84617	2.33213649818963
23643	9332	2.3320098728348
4638	72	2.32819439397973
4638	8639	2.32689118222583
1278	1289	2.32638990074062
1290	57333	2.3257364605863
23194	6925	2.32501141650579
1410	253827	2.32303079720684
1301	8038	2.32183736728969
716	862	2.32058182879822
1306	7837	2.319891456943
25959	7145	2.31987131629442
1281	5159	2.31985176363807
5788	64333	2.3162415417352
3490	800	2.31561968793002
3587	64333	2.31530833740483
11031	1291	2.31467168146746
27303	54796	2.31225973973924
3554	54796	2.31203426971403
4638	5350	2.31042739956289
54796	91653	2.30896524286308
5552	64231	2.30837732577397
253827	7846	2.30662980107986
11167	7070	2.30638852091573
22918	5175	2.30578359724825
54796	9839	2.30540895268724
3689	713	2.30510960281108
23643	7456	2.3042337164687
1264	1465	2.30245835939948
1009	165	2.30179779569146
116496	7145	2.30140970942034
1289	1293	2.3000766859197
2200	84624	2.29955248928773
11037	166336	2.29806640671734
11031	54796	2.29740932958922
1290	23213	2.29256239720397
2200	30008	2.28749456958895
10186	25927	2.28476927739411
1281	5396	2.28465478614324
714	9332	2.28286527273098
23643	51338	2.28224527125504
7940	8832	2.28120007264207
3490	59	2.28095892873121
1264	25802	2.27728467845954
11167	6383	2.27677101484118
84617	9638	2.2745283348925
1289	4015	2.2743997123516
51338	7805	2.27428261632328
23180	4094	2.27362906367193
1292	2619	2.27342516004065
10979	284119	2.27298278035752
57493	710	2.27206886654363
1295	6424	2.2714997818952
1290	22795	2.26853331578259
2791	64123	2.26826735431978
5654	7837	2.26773589933227
10979	25943	2.26736872240885
4921	57616	2.25759644920355
7070	8038	2.25712879797848
5159	5396	2.25626513810457
3001	6352	2.25475375351986
2123	5788	2.25392796536653
11031	8840	2.25187411515891
1809	54796	2.25183190422454
4313	7070	2.25123303550084
54796	58494	2.24983764291421
6935	781	2.2475160392662
7805	7940	2.24749361436012
2200	6424	2.24741607310815
5396	7058	2.24709115593279
2191	2200	2.24535746962411
800	81493	2.24519555373326
10398	4638	2.24513077478784
25960	3910	2.24454172693969
3937	5552	2.2424062155234
253827	53826	2.24187641115456
143903	4921	2.24142987845742
165	2191	2.24140036854717
6876	81493	2.2412129470153
23194	2737	2.24066560349082
154810	6876	2.23989631763873
10398	116535	2.23887732568457
1462	2191	2.23845501920897
84617	9201	2.23816553200469
1284	7837	2.23729513620255
10457	348	2.23537195709231
8038	8840	2.23232294928397
122786	558	2.23164695087256
1290	1301	2.23067010209157
10979	154810	2.23064023159402
5376	57616	2.23002693597752
57493	9839	2.22882989513503
1281	7058	2.22287116811381
10186	3490	2.22114913778033
713	7805	2.21961079805367
4060	5396	2.21945527635311
1289	23213	2.21921721892945
3910	7837	2.21891045591957
10082	4313	2.21778909853154
5396	57333	2.21725195699745
165	7077	2.21707037173167
11004	991	2.21624630726753
253827	6925	2.2156947267642
6935	91624	2.21498339047041
26353	4629	2.21367920732956
1634	4094	2.21292859626172
83716	9839	2.21290447393262
22918	2791	2.21138897560086
10457	7805	2.21120564905514
4094	716	2.21100972507422
1292	2200	2.20935279073089
7070	83468	2.20703522304069
10631	5396	2.20666374140877
3587	963	2.20641191313641
10631	11031	2.20489928719712
7077	84525	2.20475995359288
23180	953	2.20470672960855
1290	1300	2.20448016284667
3689	942	2.20401921864018
6876	7169	2.20019515512243
2200	8038	2.19694755597743
4496	4502	2.19693980182726
11031	7070	2.19672390386352
116535	2982	2.19549459271095
29940	3956	2.19546593414298
10186	9444	2.19384768442914
2200	25903	2.19368262016143
10288	9332	2.19170036109279
5654	83468	2.19097918938294
2359	84868	2.18999010335186
11167	4921	2.18787859403573
25878	633	2.18769534541876
474344	64333	2.18565646818852
25927	83716	2.18412996358571
10398	91653	2.17993199003776
1293	4921	2.17961401086207
64231	929	2.17280991833624
1634	25927	2.17182831684781
30008	5176	2.17137167474968
2982	4211	2.17106620949127
116535	8639	2.17104336282939
11037	85453	2.17063669688698
10398	7169	2.16962616513532
2737	284119	2.16954533121307
23336	4638	2.16846395514413
11031	633	2.16811067706966
3490	4256	2.16682609304559
84168	9902	2.16339663957925
11065	6790	2.16275160263833
1462	83468	2.16169722236475
22873	25927	2.16096769227535
199	714	2.15957780578001
253827	25927	2.15827752823093
51203	57082	2.15728917482214
10409	5176	2.15582205730144
253827	2983	2.15493723791301
2191	4060	2.15469030420272
11031	6423	2.15440408211293
4313	54796	2.15427574775791
1346	91653	2.15277566544374
1282	221395	2.15169776565612
171024	2273	2.151511952392
22873	862	2.15145715524763
122786	1292	2.15069459366259
1465	4660	2.14846327197303
1462	1634	2.14757833732479
2191	8840	2.14628684255106
25927	83700	2.14567010881329
83700	85453	2.14463911274825
54796	59	2.14419315587552
54587	9902	2.14400861063395
166336	4921	2.14391444683304
253827	56849	2.14362892390791
6876	83700	2.14358067515146
1536	7940	2.14108462420101
1289	1292	2.13915988427334
2737	9444	2.13639332112981
4638	800	2.13550779858895
1277	4060	2.13358400472279
115908	633	2.13154834056364
5552	963	2.13123104217778
1346	253827	2.1308182641684
59	8639	2.12955691615764
57198	9770	2.12909141117523
11167	54796	2.12366825659715
27295	5350	2.12295208221771
2124	2533	2.12191386016628
6925	800	2.1209368490324
100127983	6935	2.12056142334872
3956	558	2.12038270259529
253827	7169	2.11999091244902
199	7305	2.11948127289873
10082	4094	2.1174236864871
23643	3059	2.11573042639719
51338	929	2.11488763010555
5176	83468	2.11345219396651
84617	8910	2.11325674547247
199	22797	2.1127329276664
5552	6503	2.11269755529729
1915	6171	2.11204318725991
8653	9086	2.1091837725573
199	51338	2.1064424300631
2124	963	2.1059101501478
6876	91624	2.10580853482215
5099	54796	2.10572460858621
10186	54796	2.10563374280308
10979	7041	2.10455098173685
11117	716	2.10417671384188
1462	5159	2.10283746785028
10000	25943	2.10168623799378
800	8777	2.09997584676091
6876	85453	2.09991392260042
1674	4660	2.09955248089726
10979	7846	2.09833103730864
5654	84168	2.0981520838734
10000	10979	2.09764675806158
6423	7058	2.0974214936108
11004	6491	2.09443748607427
3689	8832	2.09420085772613
7805	929	2.09222796831255
54796	9444	2.09213038641407
3554	83468	2.09200048796122
25927	3554	2.09159725923853
1293	59345	2.08710469703233
22873	9839	2.08641554826769
11037	91653	2.08411241501458
11037	23194	2.08370647115629
10398	53826	2.08319644780195
6876	8404	2.08274540483124
1293	9509	2.08240385788833
1290	84168	2.08201296179415
1290	2619	2.08180758391966
27295	59	2.08158523385274
25927	2791	2.07987851775816
1073	857	2.0776196390216
1293	7431	2.07717326084569
1300	23213	2.07670488002286
10630	4313	2.07501888990287
10631	8840	2.07382567622887
27122	84168	2.07233774398822
4060	4313	2.0711374697838
59345	9935	2.07018013519628
23213	6695	2.06847621756233
22873	4921	2.06792204475855
4638	53826	2.06594310499103
55082	55608	2.06573607909266
1292	7077	2.06559796770442
10000	4921	2.065164857671
2669	387763	2.0649343919139
11031	9509	2.06340803655203
1289	84168	2.06218902923001
10979	7169	2.06197375913087
11117	2200	2.0610607039904
1277	1289	2.06086013537009
23452	4921	2.05986309289842
5696	5698	2.05984309772281
2200	83468	2.05789976429924
1009	115908	2.05708433811198
2983	4211	2.05704915261114
4256	91653	2.05638076118332
1009	2200	2.05634670173919
1289	30008	2.05434187313527
7846	84617	2.05272825331898
54796	7846	2.0511696476231
100423062	51237	2.05037245163938
25959	6876	2.04987351204723
2983	83700	2.04688658109574
23643	4332	2.04582004616786
115908	8038	2.04565725217388
11117	2737	2.04533524331607
10000	91624	2.04470249121641
23194	253827	2.04445994841052
25802	25959	2.04387371486036
10979	91653	2.04310446197943
2619	389136	2.04236603840795
10673	942	2.04235741714216
5376	7077	2.03668792510232
116159	64123	2.03585979280435
4332	64581	2.03544971376473
9201	9638	2.0345541927989
27303	862	2.03314183215237
5175	641700	2.03301986030452
22873	57616	2.03273020330711
4256	85453	2.03271596296039
2200	83872	2.02784115474304
2995	9839	2.02691810892603
3490	4921	2.02667398177347
27303	4921	2.02663698627979
58494	6876	2.02653021110882
59	7145	2.02561147406677
4060	54587	2.0243658019962
10631	1289	2.02061340840325
1292	9839	2.02035011893767
5797	83700	2.01883119489068
1278	5159	2.01723551226739
10979	5350	2.01694024092564
10082	30008	2.01550577245279
1264	5350	2.01550521530904
1300	196051	2.01463691738948
1295	165	2.01212114983492
1462	23213	2.00967266620264
6890	6891	2.00965567810553
1346	800	2.00955789239312
1295	54587	2.00938320455022
10000	6935	2.00928319572535
30008	6678	2.0078693003196
5350	8404	2.00592184457207
22797	64231	2.00562856791286
862	91653	2.00376910476121
154810	54796	2.00130696596288
2191	5396	1.99963982692801
5552	9332	1.99919808143632
25903	5396	1.99845895155344
1292	151887	1.99641499145832
3560	914	1.99585974084008
11037	83700	1.99475022327318
7145	8630	1.99423714895532
1292	5159	1.99338735360147
3059	962	1.99310084977123
387758	84168	1.99101993196045
57333	7070	1.9904393494513
6935	91653	1.98588309031686
26353	4638	1.98571546566196
2737	9902	1.98430969471224
633	6678	1.98422897348146
1439	3059	1.98322226475429
2191	7058	1.98297200940777
1956	55915	1.98188127212084
3106	3135	1.98084129748887
25943	30846	1.97851117209482
5396	9509	1.97839820316654
1281	8038	1.97782490248603
1536	713	1.97670577877253
8639	91653	1.97621741787649
4094	59345	1.97613281292558
57333	6678	1.97564804594108
6935	7041	1.97550640501168
1346	6876	1.97397315259007
3434	91543	1.97332545945883
259266	9928	1.97246203022557
64231	714	1.97148393081835
4921	781	1.97143100181256
389136	5396	1.97131723889109
23213	3671	1.97019314742981
7058	8038	1.97000906170807
6678	7058	1.96950745421836
800	862	1.9677006009509
1278	7058	1.96729616103443
2737	5099	1.96649353229206
151887	84624	1.96604531802285
1289	7058	1.96276995584756
199	23643	1.96212273212067
165	7058	1.96211835287963
10000	7041	1.96020781180581
51507	6780	1.95914961127349
54796	83700	1.95881402206527
7940	942	1.95487035641708
22873	716	1.95418830835197
23213	6678	1.95231593332156
10631	4015	1.95203516025473
1290	9902	1.95185505388068
1292	23194	1.9466922192692
1281	9509	1.94660236205753
6423	8076	1.94644363163706
221981	79812	1.94559182360234
11167	2192	1.94278013198867
1289	9509	1.94261766341228
154810	4921	1.94199877977915
6444	800	1.9411414650774
5099	800	1.93997568695917
2791	2983	1.939916495715
3560	6352	1.93968191980841
1634	2200	1.93967566697626
54796	7070	1.93809598530783
1293	2619	1.93693854653669
1293	4313	1.93489171166129
27295	91653	1.93479202582704
7431	9935	1.9345973434907
51338	84868	1.93430139363608
2313	5175	1.93416817321361
3059	64333	1.93225145999662
1462	3624	1.93208447547606
2191	8038	1.93099743529792
1293	54587	1.9302572297663
119587	6876	1.92886568182452
253827	25802	1.92826409784704
1410	8639	1.92579423327639
7070	81849	1.92518059757053
5175	79812	1.92425240896838
30008	3554	1.92263930048531
11167	85453	1.92209021129601
1879	221395	1.92000519683061
4085	890	1.91888994660016
2619	4015	1.91852926502179
199	7805	1.91798227348592
165	7070	1.91787624162434
474344	9459	1.91679604244718
23336	845	1.91623138512184
2192	30008	1.91595107421676
7077	84168	1.91557363808893
10398	11037	1.91517891319158
253827	57198	1.9138411450372
253827	5099	1.91215895214734
25943	2737	1.91198291293494
50507	633	1.91182949888116
59	91653	1.91177599626974
6935	800	1.9107450529839
253827	8404	1.90809570343441
2123	2533	1.90754202450479
2202	4256	1.90691866664247
7077	84617	1.90685843477066
4921	84617	1.90517411375779
11031	30008	1.90259060193454
1903	6383	1.90205536024924
10186	9902	1.90087256811952
7431	84617	1.90015634096365
83716	9902	1.89974141283079
4256	5549	1.89837416692672
64231	963	1.89627190775915
3554	9902	1.89451831964284
5788	9535	1.89407674209496
5159	83468	1.89407057363237
11031	5654	1.89386265549866
54796	7077	1.89316785654015
253827	51309	1.89238784777933
6935	9638	1.89173721997638
26353	4660	1.89092826321669
64231	8832	1.88944257020453
389136	6423	1.88793269294619
1009	84168	1.88638895049952
1277	1293	1.88592753843225
2791	83700	1.88402134979496
30008	85453	1.88375444390031
2191	7070	1.88306709535373
11117	151887	1.88018474513801
1296	8076	1.88007648310571
1295	5159	1.87963873462202
151887	83716	1.87511791269605
11314	7805	1.87499685009371
4921	51309	1.87380854899325
10631	57333	1.87324868569254
116535	4921	1.86951261155531
11037	7145	1.86853696965896
11117	7070	1.86435824169028
1009	4060	1.86421422721738
4211	8639	1.86355113502153
116535	800	1.86332674338227
25960	6925	1.86272202134882
6925	91653	1.86270552032561
2200	2619	1.86243963630923
2123	2124	1.86235798623961
51507	83658	1.86234442206368
10000	5099	1.86152561465315
1439	5788	1.86102433068047
284119	3678	1.85941908637939
1465	171024	1.85842210523316
714	7805	1.85701366571781
259266	83540	1.856097998631
1295	1303	1.85558247311616
2200	4313	1.85533080766702
6935	84617	1.85454889923977
23643	963	1.85438205866431
25959	81493	1.85423461084759
23213	7070	1.85196988226641
1295	84624	1.85040828423906
1295	83872	1.84992548836339
171024	7145	1.84764750464081
25927	4313	1.84592531172087
23213	5396	1.84336111144909
7041	84617	1.84257936426223
64123	79812	1.84060469469111
4675	4921	1.8387459289361
1465	4638	1.83831642395279
116159	5175	1.83711443853598
2191	633	1.83515079215144
54796	716	1.83316856947308
1809	7846	1.83316677192312
2737	7041	1.83300651082664
2359	51338	1.83136017304262
64231	942	1.82898709957319
7130	8840	1.82817190207591
151887	4921	1.82814223671262
7070	7837	1.82665138324413
6876	6935	1.82590887955396
11031	2191	1.82530250209873
22873	27303	1.82411496844681
84868	942	1.82396834540446
2791	57198	1.82263772632333
5376	9839	1.8223186687315
1290	25878	1.82066953662138
1794	2533	1.82003962909741
1281	2619	1.81954426490733
22797	7805	1.81945987031604
7431	9839	1.81867986741754
22873	85453	1.81834547409322
1536	64231	1.81680946980317
171024	8639	1.81548763667272
11037	6925	1.8151694850557
1292	6678	1.81438724050741
1410	83700	1.81322404188641
10335	800	1.81287923655749
1282	7837	1.81268972223625
25959	4211	1.81266560785837
11117	800	1.81223615014423
11031	83468	1.80956295647843
6925	9444	1.80750878443624
11117	25927	1.80715674441045
25927	57198	1.80645124215116
1465	6840	1.80565188637964
1879	2791	1.80457874425384
23213	7058	1.80311487926876
6935	8404	1.80202701854633
1462	5654	1.80202635942373
143903	800	1.80160167105801
25802	5350	1.80105415759169
165	6678	1.80098900717142
5099	84617	1.80064758482606
168537	474344	1.79516357729768
151887	7070	1.79474662203041
5788	962	1.79416204777054
10398	85453	1.79363417363543
25943	54796	1.79349993569252
6876	7846	1.79308473583312
2983	8404	1.79219001463892
2908	8910	1.79205708935682
199	9332	1.79033230564295
1292	30846	1.78950399288662
781	9638	1.78894191514204
3490	84168	1.78833774423604
5396	5654	1.78804711934449
1809	84525	1.7877382594528
3059	64092	1.78743372624679
1290	1292	1.78674397319735
253827	862	1.78427474943557
1300	50507	1.78199136888017
1303	3624	1.78009746988864
4638	8404	1.78002252306813
10186	4094	1.77937047866003
1513	5176	1.77934659773058
1289	25903	1.77862184818471
1293	5376	1.77827761608207
2359	3689	1.77779660526365
3910	85453	1.77697406808224
79630	9839	1.77655321103085
3832	55165	1.77652506882734
81493	8639	1.77323240134761
1009	1634	1.77207563381886
1290	54587	1.77175759179483
199	3059	1.77036561956135
155038	474344	1.77036393777749
22795	5159	1.76801755059818
30008	4921	1.7671135053198
151887	4256	1.76705660132875
1015	2984	1.76681787603854
1301	633	1.76638416235821
151887	2619	1.76589769430607
1293	151887	1.76568971106042
4211	59	1.76201365878756
7145	91653	1.76084837194954
7070	84168	1.75733299082433
1303	7070	1.75661157489792
1293	1462	1.75605824110683
1809	284119	1.75587864309607
64581	963	1.75561201935237
51338	64581	1.75486563176277
22795	57124	1.75407265349607
3689	84868	1.75304471875586
2737	5376	1.75201014986637
283298	83468	1.75129887557716
3106	3134	1.74960939904435
56034	84168	1.74661769352021
1282	57124	1.74655541443212
1809	4921	1.74647911364823
3059	64231	1.74637908595444
1278	9509	1.74270386955964
221395	5175	1.74203777257567
151887	7424	1.74082140049043
1264	3778	1.74022838042274
253827	27303	1.73918613022421
11117	1292	1.73862362401546
3490	862	1.73828262202893
25927	2983	1.73520161153602
25943	781	1.7345096929583
4256	4921	1.73299440784265
4211	91653	1.73204666913102
1264	53826	1.73107259549163
3055	4332	1.72963336746901
1063	4751	1.72913496560279
1284	6678	1.72810374900714
1513	165	1.72802003941275
2983	54796	1.72600143098105
1281	1292	1.72571100407211
4060	4094	1.72540070289518
1290	5654	1.72489488906283
1462	5176	1.72487720355545
2200	6695	1.72479822930904
712	929	1.72456453512012
4313	84168	1.72361159566003
4256	54796	1.72309973789269
10186	83468	1.7226095528223
1295	7070	1.72196763438407
57616	9839	1.72127555082363
154810	800	1.72114927951494
3059	7940	1.7200202497762
30008	84168	1.7193683808288
26353	53826	1.71925496827201
4211	81493	1.71912882877847
1284	3490	1.71799545241849
1277	7070	1.71596329986905
2791	9079	1.71584301844303
23180	716	1.71552631660314
1009	80114	1.71546573025155
8287	8653	1.71459585623526
1634	165	1.71313405506307
4286	4921	1.71288338854035
1291	7077	1.71247309751949
8038	84627	1.71235001707923
1292	4921	1.71194195815032
253827	781	1.71153511951126
1410	7145	1.71086440547767
143903	6876	1.70918435359369
10288	56833	1.70769345458788
30008	4628	1.70449997072887
1301	50507	1.70080560735218
10186	83700	1.70035350737446
1513	84168	1.70014430249514
2533	3587	1.69956333859589
1465	25959	1.69939955254495
25903	6423	1.6990976125659
22873	6925	1.69835545208765
1264	2318	1.69784149546629
1346	25927	1.69774520135281
1289	1296	1.69594452929307
1634	80114	1.69528959176573
199	7940	1.69397166182972
6222	6234	1.693202965718
10278	4921	1.6912418792026
25903	6678	1.69099318931476
3059	9535	1.69013032179379
2737	57616	1.68896304822716
474344	80342	1.68838580027345
2737	6925	1.68812415747203
253827	58494	1.68672692612889
2359	713	1.68579290910084
2983	58494	1.68479327708185
1293	9902	1.68472098168368
1809	2737	1.6845944714596
166336	2737	1.682639949357
5396	7431	1.68250341482874
1295	5396	1.68017094150639
54587	54796	1.67933492681379
11167	3910	1.67893588002993
10979	57616	1.67835169801207
10979	6925	1.67824903495577
6925	83468	1.67733730047909
58494	8639	1.67615100526958
51338	942	1.67611163885098
23509	5326	1.67476061664477
1289	5654	1.67425761201782
4211	6935	1.67403584434288
712	719	1.67326480507696
11037	81493	1.67258122921407
633	7070	1.67051411075975
54796	83468	1.67050362022633
64123	641700	1.66943543444758
11031	1277	1.66926377559454
2908	4163	1.66799385374396
1536	929	1.66630318846709
1879	4208	1.66499673776187
633	9902	1.66407706101684
5350	91653	1.66309292055271
23194	85453	1.66162628225008
59	83700	1.6604515295759
8038	9509	1.65984909439981
2192	23194	1.65880563236858
25959	6935	1.65878143667069
1674	26353	1.65868442616056
1292	165	1.65755669358816
64581	7940	1.65630718279118
2791	80177	1.65582973890063
348	7805	1.65504471515308
64092	64231	1.65460438648765
2619	6423	1.65252155860934
2737	781	1.6498984190279
10631	1301	1.64894917360329
2737	800	1.64858940115078
11167	800	1.64751172055303
10186	1462	1.64724957247537
83700	862	1.64724126033751
1296	2200	1.64554341994572
2737	9839	1.64549645432862
23194	57198	1.64523120544569
56833	7805	1.64306695093071
1291	2737	1.64242766343772
6383	83468	1.64117048814931
4256	83700	1.63881020910155
2737	83716	1.6379420218261
1292	8840	1.63789719625754
7145	81493	1.63530464522592
25960	7837	1.63433263793483
10186	6925	1.6339264051198
3055	64581	1.63376970268145
10186	1879	1.63365845723065
54796	781	1.63189020481019
59	8630	1.63137517289549
11031	389136	1.63088463631873
10979	25927	1.62998914761552
3490	6925	1.62916249982852
2533	7940	1.62799427272439
10606	4085	1.62697347162216
8639	91624	1.62619199055421
10398	81493	1.62614622207746
154810	7145	1.62587916877923
4751	83540	1.62579994605512
1295	3624	1.62573268143206
23213	7078	1.62484860070915
4015	7130	1.62453595333926
84627	9509	1.62426909915827
6678	8840	1.62426027396363
4211	8404	1.62402683421995
30008	7837	1.62394574915967
11117	7846	1.62363243128974
23194	91653	1.6224612630991
53826	6876	1.62001468272901
3587	6503	1.61951555726709
55303	5788	1.61905564293089
3910	54796	1.61884465304518
166336	253827	1.61877175244902
1295	1300	1.61663526394382
23336	4660	1.6162929187441
7145	781	1.61600951595718
3075	9839	1.61576805300432
1292	57333	1.61508506410526
2737	51309	1.61498850256863
23345	57198	1.61478280686315
284119	4921	1.61397995677147
11031	151887	1.61269904052619
2124	3587	1.61054872691349
5450	939	1.61030451235563
115908	8840	1.61024786160865
5350	58494	1.60771273031417
26353	3779	1.60732419276527
7169	8639	1.60724053671016
5396	54587	1.60607551323425
1295	4060	1.60413903924604
6192	8287	1.60278989358625
1634	25903	1.60274977195361
6208	6222	1.60159088346902
1410	6876	1.6012377074719
219972	64231	1.6006631797186
59	862	1.59597088978291
116535	6935	1.5956568405898
5919	83468	1.59428367491349
122786	1293	1.59349475800558
1292	25927	1.59304580429417
781	91653	1.59256159212928
154810	91653	1.59031337750458
4094	7431	1.58974078319731
54796	9902	1.58965370983587
5654	7070	1.58937357655695
171024	3779	1.58829490874667
4921	8630	1.58692694932916
10000	54796	1.58592809727533
25927	5797	1.58442267445713
1462	84168	1.58437848190164
1303	633	1.58340438157796
1292	389136	1.58184376237418
11326	9332	1.58170500798983
2359	714	1.57967262295849
2202	27303	1.5785089382362
253827	284119	1.57710047669188
4256	85004	1.57369257357852
23194	800	1.57211289759718
10186	85453	1.57067408355612
23643	929	1.56991599296512
115908	2191	1.56986298941819
1290	84627	1.56880889844693
151887	9902	1.56847380229339
11037	27303	1.56806776600562
800	84617	1.56718170757797
151887	2202	1.56588134425864
1291	59345	1.5657549175621
6678	9902	1.56515465597651
2737	81035	1.56373877817804
11167	25960	1.56359600332223
115908	4060	1.56195134574279
716	83468	1.56119424925998
10409	7431	1.56103945854189
1809	253827	1.56076245455482
7145	91624	1.56058749300285
10979	5099	1.56045906010213
1289	5118	1.56002523631412
10186	83716	1.55968765616639
151887	5176	1.55963917230001
1277	9509	1.55596620396638
1300	1303	1.55518033625479
151887	165	1.55515387452971
22797	713	1.55216699014092
1289	7837	1.55180177021756
199	3689	1.55138550079158
27295	83700	1.54953266902257
10979	7077	1.54949375056016
3779	4629	1.54672901885938
51063	7431	1.54670460374674
219972	7940	1.54632342858062
1809	6876	1.5458724527554
64092	963	1.54441735523094
11037	27295	1.54125234921227
11037	7846	1.54108819271513
1809	800	1.54106204123366
51237	939	1.53918497036256
1346	59	1.53905308151994
11031	1634	1.53893823897035
1291	84617	1.53858199530729
10979	1410	1.53756638117483
11167	25927	1.53693701141239
10979	51309	1.53656798397149
11167	5159	1.53583999794651
5136	57381	1.53049385436314
11167	4313	1.5284584280775
11117	9902	1.52835573389906
1462	6423	1.52792598566223
64333	9535	1.52690168277823
22918	57124	1.52660939300406
7077	9902	1.52658415809603
23194	5797	1.52589089349566
4921	84525	1.52580484842812
165	389136	1.52550004021679
10631	7058	1.5253694192214
3779	7145	1.52366020194146
10186	151887	1.51896241474239
710	9839	1.51808974588971
1303	2200	1.51687222604142
116159	2791	1.51643722204327
10335	253827	1.51504771234339
800	8630	1.5131076898096
1289	25878	1.51162143243564
23054	25980	1.51146529352977
2191	6678	1.51113338580413
3956	8840	1.51080632779208
1634	5919	1.5104361540884
221395	641700	1.51021191865065
8404	91624	1.51003090351643
154810	7846	1.50961524558328
4208	57198	1.50958787336539
26353	8639	1.50908797252073
3488	800	1.50818131448405
5350	91624	1.50719929044391
3059	54440	1.50689496153468
10000	7077	1.5064368168164
1278	8038	1.50425059720795
22797	64581	1.50360618024259
2124	962	1.50327841781024
22918	4208	1.50305250664537
25927	4256	1.50282054517016
284119	7077	1.50255055163248
10082	7070	1.50249174554801
3689	64581	1.50106061346085
11031	8038	1.49952200629295
4286	54796	1.49817693690538
10673	714	1.49710654482946
55016	7805	1.49640633089342
1536	56833	1.49630420365096
1293	83468	1.49432578046034
1290	7837	1.49391504622798
25927	27303	1.49320171215437
11326	929	1.49270901429061
91624	91653	1.49155419350569
30846	3956	1.49152680042602
10335	4638	1.49068598649341
30008	6383	1.49059702807559
55905	6780	1.49035205061082
10398	1264	1.48927759719118
54587	6678	1.48832487612432
1513	2200	1.48802829358559
22918	27253	1.48713713129412
6935	8639	1.48569029463181
11117	23213	1.4840253272584
11031	6695	1.48344105785662
3055	7805	1.48301074619037
3624	7058	1.48270347224208
6383	7070	1.48223940777165
57198	83700	1.48165833159562
6925	9839	1.48084905191471
7805	9332	1.47976799341485
56833	64581	1.47971511458874
7456	9839	1.47947338580029
64581	7305	1.4791548734487
4629	845	1.4788972330535
8284	8653	1.47827950432814
1295	2191	1.47784924903531
283	6038	1.47588364534083
27295	8639	1.47554069523165
1278	1462	1.47424375065323
151887	4060	1.47393828119715
2200	57333	1.47387800206046
1289	7130	1.47196684720637
30008	51226	1.47138533191415
171024	53826	1.47119191429773
2200	7078	1.46983455649278
1346	27303	1.46864122515742
3075	710	1.46822756315157
10203	79812	1.46732166199266
1295	6678	1.46704232143602
11167	83700	1.46684662681484
23194	83468	1.46644076028876
1293	9839	1.46638279421182
51705	79812	1.46554296975348
1346	6925	1.46273792189046
25927	800	1.46210218872581
11117	862	1.46153566065783
23194	51309	1.46095663189115
4256	59	1.46063926018392
165	25878	1.45983032987328
4921	7077	1.45904066849434
25960	7070	1.45548244316914
10278	30008	1.45521509134696
5552	7940	1.45404262097449
6678	9509	1.45366766610849
165	5176	1.45291455466859
25959	5350	1.45262192250345
11031	84168	1.4523871648774
10631	9509	1.44887503385319
51309	85453	1.44749055337277
11037	8630	1.44705331934316
64581	942	1.44571341660814
1879	79812	1.44513013572248
23194	55816	1.44352165282383
3960	79574	1.44287247994765
1465	8639	1.44252358545903
1295	80114	1.44188635619339
1278	23213	1.44040633520405
2123	64092	1.43976969769384
5396	7070	1.43579568645937
1439	3937	1.43176176402988
10409	1462	1.43068952510555
2737	83468	1.42994603926918
3587	9535	1.42958457072535
2040	84617	1.42884971196803
7145	83700	1.42766981919645
51338	5552	1.42678610371195
1295	56034	1.42666677230751
126669	2791	1.42416216744946
25878	84168	1.42323128760742
10979	58494	1.42075079920222
1293	2191	1.41925780287369
11167	55816	1.41903485707854
4638	6935	1.41785713301871
171024	5350	1.41762335458477
3956	59345	1.4169002578864
221895	9638	1.41689899981155
25959	57158	1.41636011263178
1292	57124	1.41629886243016
1303	165	1.41597588711935
1277	8038	1.41589334430377
22918	79812	1.41509629226022
165	2737	1.41467328145789
25959	4638	1.41450439882374
5552	7805	1.41293206245152
10000	3956	1.41264909305865
115908	6678	1.41206222514323
4313	4921	1.40894624657917
10000	9638	1.40842352664161
1439	7456	1.40709262105395
6678	84168	1.40376838680568
30846	7846	1.40185274592735
4332	7305	1.40133493918545
10082	1293	1.40113744310767
3490	83468	1.4011297142226
219972	5788	1.39950708269853
116496	26353	1.39910481210309
25927	30008	1.39871037705779
2200	55816	1.39854614501369
10186	4921	1.39804614499851
10186	27303	1.39771667704093
25943	3678	1.39766538177344
11031	25903	1.3975429934108
57124	7837	1.39566106885994
25927	9444	1.39541319512321
1289	83468	1.39530224843094
4060	633	1.39524946299542
54796	57198	1.39319745988635
1293	30008	1.39197393166364
4211	53826	1.39107702326666
1536	942	1.39088439699947
253827	2982	1.38993048968364
1295	23213	1.38963618577454
5159	54796	1.38922700412584
25959	8404	1.38886598678809
4256	862	1.38795818132464
11167	9902	1.38748692926725
1292	83716	1.38715105595268
23194	57616	1.38687834738935
10186	55816	1.38567949501716
1282	6678	1.38530676225062
25927	3910	1.38500424500676
253827	8777	1.38368784333033
116535	8404	1.38358635286349
10979	1292	1.38303878061243
253827	6444	1.38301896865282
1915	6168	1.38053831889032
116496	6935	1.37956434200925
8630	8639	1.37891836381206
11167	1295	1.37797400414108
2200	8840	1.37775132288307
5136	5797	1.3775824760667
23194	3554	1.37498073917328
1292	84617	1.37460069008427
558	84617	1.37390336814052
64231	9332	1.37366450529581
165	6695	1.37303446765051
30008	4060	1.37234537502722
11259	253827	1.37182063321464
30846	7077	1.37064821742741
3937	64581	1.37055860174383
3490	3910	1.3705085434053
2192	25927	1.36933175915254
4494	4501	1.36923503253842
1915	6222	1.36850513349185
22795	5396	1.36730528287614
23643	7940	1.36262738875336
11259	53826	1.36246385030515
171024	25802	1.36215956569234
7077	83468	1.36112894888717
23643	5552	1.3608714399053
25802	91653	1.36044654104553
27303	58494	1.36038022445689
1293	389136	1.35974980687647
25959	53826	1.35880894841081
3587	55303	1.35817801021213
22797	3689	1.35778203225472
10979	56849	1.35757116703066
151887	4313	1.35740208565841
3956	9935	1.35539087519808
4313	716	1.35455719384621
2200	4921	1.35412699207301
10186	6383	1.35412683777501
25925	8910	1.35337825572029
1015	7429	1.35273996822651
2359	64231	1.3525819471137
11037	25927	1.35257959481579
51338	719	1.35249574192398
389136	8076	1.35230064350336
116535	171024	1.35137776322249
2200	7837	1.34965187561004
2619	8038	1.34879101855978
2273	4638	1.34873856723072
3956	54796	1.3487027619431
30008	5654	1.34782599184488
3708	8404	1.34732695192951
389136	633	1.34707629365255
1292	83468	1.34675706643929
11167	54587	1.34668969367613
4131	84617	1.34529807365634
154810	57616	1.34487135728186
11167	59	1.34458993929333
253827	25943	1.3444566039199
10186	1634	1.34415240765759
3108	3122	1.3439252441197
1009	11031	1.34277245220818
23213	633	1.34153578493909
2983	6935	1.34152372857152
10278	10979	1.34103242094211
1809	91653	1.34098680229509
1462	389136	1.34096355797099
25903	633	1.34083400930246
2791	85453	1.3405569982952
1293	284119	1.34014439263542
6383	85453	1.33954912438413
10409	5396	1.33828596338685
54587	7078	1.33785992372435
253827	5178	1.33660942018379
1794	2123	1.33645917447203
3059	474344	1.33642041768486
4921	91624	1.33622403037111
25878	9902	1.33587835201639
1290	81792	1.33537486796961
1292	166336	1.33451239071657
4736	6204	1.33358846464595
2359	56833	1.33302119622517
2982	6876	1.33277099102478
29940	558	1.33134423452241
11259	116535	1.32955453679681
115908	1300	1.32702136119253
2983	5136	1.32625949234454
1277	5118	1.32509434016584
1536	7305	1.3240527592735
1439	3587	1.32400349487708
1290	25903	1.32326291000808
151887	25927	1.32282973611689
4921	7070	1.3220328220204
27303	6925	1.32134670052229
1410	800	1.32133580914132
1292	51226	1.32076406708967
11031	4094	1.32048634241077
1044	3960	1.31877996623412
165	2619	1.31859272653652
11031	254228	1.31855372468298
122786	1291	1.31665283208182
1303	54587	1.31557260176685
10979	8404	1.31454862365339
1289	1300	1.31264918547736
3779	8639	1.31135211623636
1300	5396	1.31124668929689
1439	963	1.31068925196021
10125	914	1.31030645237991
1292	1462	1.30986301449597
3075	57493	1.309417160843
11031	5118	1.30924185270118
10979	22873	1.30891862413251
4921	7041	1.30870320978219
23643	59345	1.30723475987354
253827	55742	1.30693138864807
781	800	1.30616871822448
25927	283298	1.30601326771849
3910	5159	1.30520676039134
100423062	939	1.30337506444263
10186	25903	1.30103717858638
165	3956	1.30033297727722
85453	91653	1.30001388667892
253827	85004	1.29865411422394
10288	929	1.29837860574853
6925	7846	1.29806916891468
116159	221981	1.29799854235603
57198	9638	1.29714310694485
389136	54796	1.29611551159556
1290	50507	1.29602963696517
5099	6876	1.29437907967073
25903	389136	1.29423737500029
2200	2737	1.29296621955976
284119	57616	1.2927837421574
2737	3554	1.29223017697864
4094	5176	1.29145309771248
57616	91653	1.29094145287668
11031	1295	1.29046509205463
10082	165	1.28960187359812
2123	3059	1.28946278931048
2619	9902	1.28902953688612
4256	800	1.28894143892979
3956	9444	1.28853321965577
5118	5159	1.28744548326521
10186	3554	1.28710092988901
5159	57124	1.28602608676659
3910	83468	1.28441464453852
4286	6925	1.28435834090994
10564	9217	1.28370305746975
10631	1300	1.28351156304609
11167	1462	1.28267350504271
25903	8076	1.28094104187206
59345	9444	1.28043886771349
2619	3956	1.2798952976672
1439	2124	1.2797606766162
3554	3910	1.27976037812702
7077	7431	1.2784929859608
2316	7145	1.27795384814108
2737	9638	1.27792533505985
11031	1306	1.27787180910175
23194	5176	1.27378621822793
57198	83716	1.27356798892095
55303	80342	1.2719697630283
25927	3490	1.27180087152304
11167	5654	1.27175117429246
7145	7846	1.27109450849201
154810	284119	1.26992497988369
1346	54796	1.26968257775188
30008	57198	1.26932018380157
11339	701	1.26901771746052
100127983	7145	1.26889265940708
6876	781	1.26813162930137
11117	6925	1.26752310626818
781	9201	1.26693922310756
10979	1346	1.26682180070246
11037	22873	1.26523459483575
5118	7070	1.26427285302704
22873	3554	1.26275402087681
4286	84525	1.2612475830306
3587	54440	1.26113292241524
1281	1634	1.25939666187938
6678	7837	1.25873157183373
25943	4131	1.25748637230844
1439	23643	1.25705766644905
3937	7940	1.25688339019177
10631	115908	1.25578109581821
29883	55140	1.25576540945476
1281	3956	1.25539800745379
4211	4638	1.25459878462462
23194	9444	1.25186574569682
1674	845	1.25158228040331
10000	9201	1.25121614337826
1536	3903	1.25029068934161
4208	9079	1.24999934413324
10186	2192	1.24978197682505
1306	5159	1.24842176597532
54440	962	1.24611417669878
57381	5797	1.24509515839582
25959	800	1.24310108179859
27295	85453	1.24277563179196
1284	1306	1.24198020845353
1794	3587	1.24157639825153
4313	6925	1.24120075871815
119587	8639	1.2403564179051
1674	4638	1.23890308692861
10278	2737	1.23871005940411
53826	800	1.23797007508648
171024	93649	1.23787303727557
5099	59	1.2370621901776
4060	8840	1.23628512618791
4060	7077	1.23594361819403
5654	633	1.2358454241339
2273	6935	1.23548234984991
1293	8840	1.23533393936192
51237	608	1.23528920610344
713	9332	1.23488123707071
1281	23213	1.23397482014083
25927	5136	1.23145478022308
11004	55143	1.23119855943596
10186	2737	1.23075092990603
57333	9902	1.23053386920627
221395	27253	1.23031052268469
23213	5159	1.22911740376452
2737	91653	1.22889482369651
221981	58494	1.22860400745428
26353	287	1.22858831364512
151887	2737	1.22841957973526
7169	84617	1.22768326828827
2737	7431	1.227538903773
4837	5176	1.22575772120433
57823	939	1.22498034748321
4015	6678	1.22476816538815
1462	80114	1.22421704263806
30008	389136	1.22381026005747
4921	5311	1.22306325945578
2737	862	1.22202328115358
219972	2533	1.22058969419446
389136	84624	1.2203263066368
11117	6695	1.21858795907738
22873	4094	1.21711217181215
5376	54796	1.21595717036467
1292	7431	1.21458178264482
25960	4921	1.21436974707906
25960	54796	1.21384712116692
10409	59345	1.21375743159441
11117	11167	1.21342709190442
1306	57124	1.2127321610794
2737	5396	1.2118265049107
3059	7805	1.21162708438967
2294	79633	1.2113455185772
710	9976	1.21115785039645
11037	11117	1.21025596301761
4286	7077	1.2102028203692
1284	7070	1.21007337375892
10186	10979	1.2098436864862
2191	54587	1.20557224116467
10186	54587	1.20500481967965
5654	6678	1.20492529626799
10979	27303	1.2047552269594
1292	57616	1.2040164519001
151887	2192	1.20296690332984
1281	165	1.20259464870114
3587	9938	1.20224018028439
3113	3122	1.20173089778545
11031	7424	1.20132989571078
11117	4313	1.20083952349724
4660	72	1.19949426785604
3059	3937	1.19880750815672
11037	84617	1.19870800155849
4060	7058	1.19825128347415
348	3689	1.19770494704896
199	55619	1.19768551597285
253827	91624	1.19724339111031
4208	641700	1.19703188923817
6935	83700	1.19699483790998
7431	9444	1.19669735868198
4921	8828	1.19658433885558
11167	9444	1.19393066880501
2982	84870	1.19295640623496
10979	116535	1.19213502281261
253827	7041	1.19130315371618
10631	2335	1.19057273642568
2359	7940	1.19029160699436
1291	558	1.18945849842779
64333	963	1.18890076138845
116159	641700	1.18878618110353
5376	6925	1.18831675038152
6876	84617	1.18821469363686
1296	8840	1.18784905488189
57198	5797	1.18755220139016
117248	9902	1.18754957670695
1964	55787	1.1869709853407
1289	57124	1.18560227975029
2737	4286	1.18547204066434
23194	83716	1.18351140907701
1462	84624	1.18290847926999
2200	7077	1.18286701332155
253827	57616	1.18120666833908
30008	6925	1.18063883183854
6925	862	1.18057130480175
10000	253827	1.1787850717308
23643	7431	1.17826371080949
25943	7431	1.17822836730865
25943	9638	1.17775685166905
4313	5654	1.17609519664509
4921	5178	1.175296517484
23643	8832	1.17525794776768
23414	54796	1.17523580927906
5108	55140	1.17499994389394
11037	57616	1.17489671245269
1634	30008	1.17467956778268
2192	4313	1.17343928989914
633	6423	1.17332495716833
4313	9902	1.17289948127312
10979	5797	1.17289858806325
116496	91624	1.17232780423265
6925	716	1.17053172081933
10955	83658	1.16948611747679
2737	716	1.1686443163916
22918	5797	1.16816053978672
57124	6678	1.16803201218402
11031	9935	1.16785519099553
25943	4921	1.16780304712042
11167	1284	1.16772054709935
196740	23194	1.1665824143975
5552	5788	1.16581187020485
11117	166336	1.16579922894073
25903	8840	1.16569352344091
1284	3910	1.16551166655285
1292	4015	1.16468023131467
4256	9353	1.16456368805401
1009	83468	1.16395801525702
10186	7070	1.16194178514553
54587	5654	1.16193966382843
11031	7078	1.16026948213026
4094	79630	1.15933547457994
3554	4313	1.1585070721496
57616	83700	1.1584162442433
23704	2619	1.15717521954392
10398	154810	1.15573454657769
54587	6383	1.15568566215749
5159	7837	1.1550362793056
714	719	1.15454971779966
11167	1634	1.15402769764
348	84868	1.15361896364283
84617	9444	1.15344729933078
30008	83716	1.1532424856733
10082	9902	1.15280357051829
1289	1301	1.15239409274121
85453	8777	1.15228807790703
1462	23704	1.15098819474104
53826	8639	1.15051064926608
284119	4131	1.14942620716626
10457	7305	1.14867837988794
1292	54587	1.14856218312055
1306	7070	1.14574941219919
10875	219972	1.14210685609082
1439	2123	1.14187892374749
6925	7991	1.14136769681854
119587	253827	1.14059724124005
2982	5350	1.14050446906693
1809	27295	1.14011061567175
115908	2200	1.13897050369949
10673	713	1.13867176653267
3490	4094	1.13855353208906
2123	963	1.13843609884841
3490	387758	1.13785645895713
10409	11031	1.13709843105579
7070	8840	1.13597495172652
30846	5376	1.13428738979928
1292	4060	1.1331793241036
25878	8840	1.13291360406218
22873	253827	1.13166647198061
26353	493	1.1300451728927
64581	84868	1.12987481232836
6695	7070	1.12940977008217
11339	51203	1.12931944216282
1306	221395	1.12880210831077
116535	25802	1.12810634042721
10186	9079	1.12796467185065
166336	85453	1.12792361016446
4256	58494	1.12781353206725
10186	3910	1.12759339079046
4060	9902	1.12634081899615
2273	26353	1.12633733271918
5797	9079	1.1258995186284
5218	54796	1.12502058022685
716	83716	1.1247413602743
30008	7077	1.1227713603116
64123	9079	1.1226483019496
23336	3779	1.12247177672075
10203	22918	1.12237139087774
5654	8038	1.12141778185338
1462	1513	1.11900463053802
11037	11167	1.11897532748587
253827	257194	1.11882497449887
11155	1465	1.11880431498961
23054	9584	1.11829982474584
5350	83700	1.11765788333103
115908	1289	1.11686630723685
11037	8639	1.11648164785357
1303	6678	1.11600221369343
10186	9839	1.11585986425092
1410	5350	1.11470375711051
2619	6678	1.11453357605739
2983	84617	1.11407196409711
1290	30008	1.11383709294979
115908	25878	1.11315324356899
4208	6925	1.11307517052045
1284	25960	1.11299486338372
2359	4688	1.1123904291339
166336	800	1.11227258491037
7846	81493	1.11145619635749
10000	91653	1.11135941361218
23213	3624	1.11068861135989
1915	6187	1.11060640627947
4094	9444	1.11053236385283
1634	6383	1.11033287791348
100127983	25802	1.10794899228208
143903	59	1.10771024085405
23194	284119	1.10726518166265
3554	85453	1.10710346576525
2040	9638	1.1049715161868
27253	5175	1.10404154044375
11031	1513	1.10355758494204
2737	85453	1.10282363668432
2200	57124	1.10271561668483
10082	5176	1.1022069747856
3490	54796	1.10039931300186
23643	9935	1.09975027522172
51705	80177	1.09920228126985
6876	862	1.09911842164887
1292	4313	1.09892094421932
23194	9902	1.09866861000396
11167	7837	1.09807487541041
25802	26353	1.09722205357885
4208	80177	1.09721736191865
116535	25959	1.09710058892002
4163	9839	1.09706266253874
1346	7145	1.09684605409429
2121	2192	1.09627140044673
2200	8076	1.09574346770008
2192	54796	1.09573998677616
25802	27295	1.0957209483486
3910	4921	1.09534864798694
5178	6876	1.09486557500047
1306	6678	1.09466626303983
4921	83716	1.09351809376522
10398	8404	1.09262631432505
1536	4360	1.09245587663214
1634	5396	1.0918818744194
122786	5396	1.09167679570309
710	7106	1.09040947633234
5175	9839	1.09018223311013
10203	641700	1.09007712336222
7145	84617	1.08930027224103
283298	9839	1.08918180818166
10457	3689	1.08916106356565
3490	54587	1.08659017781946
2737	84525	1.08611023752213
11117	165	1.08567193100732
10186	11037	1.08537792783643
57198	85453	1.08464478383
154810	4638	1.08435105933109
10000	7846	1.08424508254196
23643	58475	1.08365918408053
4211	781	1.08234585660393
2982	3488	1.08211132336736
51338	8832	1.07956387362227
1465	6876	1.07953436052322
1293	25927	1.07941601244365
1293	84617	1.07889270414914
11167	57124	1.07878521664363
1346	83700	1.07874167239295
6141	6205	1.07873487845847
1281	7431	1.07839774631464
165	54796	1.07814009968732
22873	25943	1.07652205527497
30846	558	1.07508479781399
64231	64581	1.07467320659818
1293	4094	1.07373984226915
11037	5099	1.07370638677389
257106	963	1.07352681473238
6424	84624	1.07337546444066
151887	6423	1.07092215994931
3689	963	1.07035141627764
27295	4211	1.07018100857927
10398	6935	1.07009889476755
221895	84617	1.0674856457044
165	6423	1.06686794560204
23643	50515	1.06680574652806
6780	80331	1.06650776324871
11167	4094	1.06553587375852
6935	8910	1.06514412665385
23194	7070	1.06401296982693
1296	633	1.06354548855326
23054	58490	1.06212531088536
2124	64333	1.06121785666188
10288	719	1.05953094247362
10186	9353	1.05943637795691
1278	5396	1.05895451045583
11031	57333	1.0571421853725
10409	23643	1.05585594850444
2359	8832	1.05585323322749
1290	83468	1.05554589404058
10395	558	1.05440321755858
29883	55174	1.05370851572372
165	4313	1.0519718975267
11037	4256	1.05160930319579
1634	716	1.05160839418127
115908	1281	1.0512735826058
6424	7058	1.05074074024616
119587	91653	1.05047104823711
2983	6876	1.04928133712016
27253	64123	1.04860320802623
6678	7130	1.04807790555252
25903	5118	1.04772155043195
11117	83468	1.04750010562879
27303	800	1.04609022747459
59345	84617	1.04565891358032
1289	84627	1.04564610772863
5396	9945	1.04550414300957
25927	9902	1.04455395617015
166336	7041	1.04365366298804
1009	1513	1.04343442505514
1303	25878	1.04220249392915
2200	79652	1.04117626775139
1281	7130	1.04029234573747
3956	9902	1.04018579970138
1346	8639	1.03911598606249
2791	8404	1.03751723003017
1903	3490	1.035994141595
5176	9839	1.03589427000253
219972	3059	1.03587841132852
4208	83700	1.03517667134588
155038	2313	1.03509757646783
1465	493	1.03485297452514
57198	57381	1.03465765650305
1009	7058	1.03279647197261
27295	81493	1.03236285011981
3115	3122	1.03230330815128
253827	2791	1.03179697128609
51203	9055	1.03177218024239
2123	9535	1.03116817648539
26353	8404	1.03041103983063
23194	3910	1.0302006031806
3937	597	1.02923112545733
10000	30846	1.02855414733897
54796	6444	1.0283680234537
3055	963	1.02658447734442
10398	1465	1.02640484750475
2207	7805	1.02523314345025
171023	23054	1.02506605460451
4094	83716	1.0234012238159
1462	57333	1.02218063162561
23643	79630	1.02196698094506
10409	1634	1.02123804981762
3107	3135	1.02102731834895
7544	9086	1.02071197140266
4208	79812	1.02019234788223
10335	11259	1.02005297217317
11031	11117	1.01996617516898
1293	5118	1.0177550500126
3059	9938	1.01758270088881
3113	972	1.01696794820702
151887	5740	1.01687387084292
25878	5396	1.01610188939055
171024	6876	1.01609898932769
151887	30008	1.01507631086885
166336	30008	1.01484212475422
30008	4313	1.01483554744241
2791	54796	1.01438557071507
3903	963	1.01428214571493
2982	58494	1.0141657343509
4060	5654	1.01342255006213
1291	284119	1.01329603365511
151887	22808	1.01298788381208
83468	85453	1.01279905405112
5552	9473	1.01277283761473
25927	4675	1.0126291802991
1306	22918	1.01216863146053
4837	9902	1.01093731226676
387758	6444	1.01001457698651
64581	9332	1.00959782007843
633	7078	1.00944641102247
11259	800	1.00923911453473
10631	84627	1.00896541879699
83468	9839	1.0086070612136
5136	79812	1.00819936092117
2982	83700	1.00819691118864
25959	27295	1.00789465358535
3779	4638	1.00778970957913
1674	3779	1.00627091848872
284119	7041	1.00575479881527
1879	9079	1.00529130757475
165	5159	1.00482868047832
11314	84868	1.00462206402923
58494	7145	1.00447718788391
151887	3075	1.00386447304315
143903	6444	1.00368615282792
23180	9839	1.00287784791456
23194	6383	1.00228165093737
3689	4332	1.00195348061771
27303	6876	1.00193984946201
64333	80342	1.00193959515037
2533	474344	1.00180317055011
2313	9535	1.00144392870531
22795	7070	1.00126597618032
7846	84525	1.00103429280026
1292	5376	1.0008920309079
5159	84168	1.00075114405922
4094	4313	1.0004372293215
1674	2823	1.0000406240805
