10075	6232	4.16751041879334
6187	6232	4.16676264992474
10075	7178	4.16650924464822
10075	6187	4.16631283107356
6161	6187	4.16466719189825
6161	6204	4.16298972289938
10075	6171	4.16289991816476
6279	6280	4.16221982552782
6187	6204	4.16181815067528
6171	6187	4.15934042863597
6168	6187	4.15883266547427
6187	7178	4.15863927092479
6171	6232	4.15848742382387
6147	6187	4.15833931333943
6156	6161	4.15772619539293
6156	6204	4.15758739683119
6147	6161	4.15756942993368
6161	6171	4.15677541445624
10075	6161	4.15669712652382
6168	6232	4.15625573141271
6208	7178	4.15622018214458
6147	6204	4.15526989694743
10075	6204	4.15513678406146
10075	6208	4.15506174333851
6171	7178	4.15468640712251
6164	6232	4.15465844707934
4736	6194	4.15455730071967
6161	6168	4.15454193513405
6168	6204	4.15451015552645
6171	6204	4.15437224623627
6161	6208	4.15427422898907
6204	6232	4.15413380714489
6161	6222	4.1536882888706
6204	6208	4.15352999297516
6161	6232	4.15331735590377
6164	6187	4.15299328875068
10075	6164	4.15265997388976
6187	6208	4.15249418977676
10075	6168	4.15186206922979
6232	7178	4.15167091126525
6156	6208	4.15148525667541
6187	6228	4.15144011107068
10075	6228	4.15134255068699
6187	6222	4.15087881485649
6228	6232	4.15058660366069
10075	6210	4.14925482229486
6210	6232	4.14912276966924
6171	6208	4.14904788252617
6156	6187	4.14880324943713
6171	6222	4.14874372399728
6204	7178	4.14827088673843
6208	6232	4.14815884530917
6164	6228	4.14789957991242
6204	6222	4.14759198095702
6164	6210	4.14737768900792
10075	6156	4.14701546880524
6156	6222	4.14666065909014
6156	6232	4.14637350571368
6194	6217	4.14629698398197
6168	6171	4.14592912093735
6176	6204	4.14510250180566
6191	7178	4.1449545052356
6280	6283	4.14466768452299
6143	6194	4.14456575239324
6168	6228	4.14418066281282
4736	6217	4.14401679504065
6187	6210	4.14383997478295
6204	6228	4.14256805652295
6194	6209	4.14242911496138
6209	6223	4.14230244618675
6167	6209	4.14200725708002
4736	6209	4.14181896658158
6147	6232	4.14174632271428
6168	6208	4.14160580199445
6161	7178	4.14139604853211
10075	6222	4.14066552844182
6194	6204	4.14052945122929
6161	6228	4.13972241550453
6194	6223	4.13960560867577
6167	6194	4.13949435942444
10075	6147	4.1392675694234
6204	6209	4.13908766494577
10075	6176	4.13848883558782
6143	6217	4.13847726148766
6147	6156	4.13822907216991
6208	6228	4.13796305187781
6222	6232	4.1379575196368
6156	6228	4.13743376523897
6167	6204	4.13710989531945
4736	6143	4.13699646882452
6204	6210	4.13656202330971
6208	6222	4.13648888701881
6156	7178	4.13575715268378
6147	6208	4.13553989743697
6210	7178	4.13533478500958
6164	6171	4.13524044701418
6156	6171	4.13505910757697
6168	7178	4.13489317152485
6147	6168	4.13461695256311
6164	6168	4.13435966103151
6217	6235	4.13419659208096
6147	6222	4.13409587374906
6156	6194	4.13395871222783
6164	6208	4.13394801806405
6161	6167	4.13331121970202
6164	7178	4.13326711549511
6208	6210	4.13309913020741
6228	7178	4.13302610950578
6167	6233	4.13290626430031
4736	6223	4.132899359535
6201	6217	4.13233898067073
6194	6201	4.1322517459586
6156	6168	4.13216539673339
6147	6171	4.13213413103193
6210	6228	4.13212302172279
1915	7178	4.13205462924314
6171	6228	4.13130707269142
6168	6222	4.13108876874961
6171	6210	4.13085935319495
6194	6235	4.13083565101815
6171	6176	4.13054762968349
6167	6217	4.12995462877577
6156	6235	4.12942037766918
6161	6210	4.12895577494016
6176	6208	4.1286798232212
6143	6167	4.1278943155889
6160	6217	4.12777693036357
6160	6201	4.12765590263142
6217	6223	4.12747775797503
6209	6217	4.12692907250798
6133	6217	4.12661574176222
6161	6176	4.1260751066495
6176	6187	4.12579481058693
6161	6164	4.12568846524712
6156	6176	4.12524010801202
6194	6233	4.12522826687961
6161	6194	4.12522244756573
6143	6156	4.12518452937317
1915	6208	4.1249584455846
6164	6204	4.12466762519051
4736	6167	4.12448147239748
6176	6232	4.12403938079513
6167	6223	4.12390074540853
6204	6223	4.12381574767715
6168	6210	4.12338162460468
1915	6171	4.12283310231579
6176	6222	4.1227959031803
6147	7178	4.12269581776914
6133	6194	4.122594324495
6204	6235	4.12259363816209
6143	6209	4.12246154393515
6160	6169	4.12098176373702
10075	6191	4.12097739005191
6147	6210	4.12059880338756
6133	6167	4.12059513280018
6161	6209	4.12057596025872
6169	6217	4.12029973533145
6168	6235	4.12013962139042
6191	6204	4.11941305085991
6167	6168	4.11940094685052
6176	7178	4.1188262684807
6160	6194	4.11849341862615
4736	6204	4.11842865771055
6222	7178	4.11833359069213
4736	6201	4.11753659038625
567	7178	4.11744189814198
6147	6228	4.11670117722556
6201	6227	4.11571784252384
6156	6209	4.11508922906234
10075	1915	4.11505202578052
6143	6204	4.11479053476669
1915	6222	4.11463464692495
6156	6210	4.11434987404693
6156	6167	4.11326511655834
6156	6164	4.11266734472901
6191	6208	4.11255678683541
6143	6235	4.11239034444931
6160	6167	4.11172076601817
6168	6176	4.11087990352884
6161	6205	4.11084711733304
6158	6194	4.11053395501801
6156	6217	4.11034303934791
6161	6235	4.11016606946909
6222	6228	4.11015595662895
6160	6209	4.10966774073569
6143	6161	4.10951605237694
1915	6232	4.10951105672841
6129	6155	4.10948536093434
6133	6161	4.10842102883052
6133	6204	4.10798117445001
4736	6133	4.10783941490629
6147	6164	4.10765152148147
6143	6233	4.10758456661172
6167	6169	4.10673502658817
6129	6217	4.10670798734326
4736	6158	4.10665998345373
4736	6160	4.10605284563349
6176	6191	4.10588290723387
6208	6233	4.10567808317822
6201	6223	4.10456618944362
6133	6143	4.10447493952378
4736	6156	4.10435779313407
6167	6208	4.1043251563294
6208	6235	4.10393335124791
6204	6217	4.10391232501564
6187	6191	4.10386484728097
6217	6233	4.10333631106357
6204	6233	4.10325035070658
6171	6191	4.10315871440559
6279	6283	4.10306269485
6143	6223	4.10223629716824
1915	6187	4.10160386812767
6164	6176	4.10137658843417
6133	6156	4.10127256808127
6161	6223	4.10108620833006
6142	6223	4.1009039447373
4736	6161	4.1002488096765
6156	6205	4.10002354589596
6192	8653	4.09876467581646
6176	6228	4.09787060404905
6155	6169	4.09752337582239
6205	6208	4.09708818529033
6147	6176	4.0966432143785
6201	6209	4.09569079125414
6147	6167	4.09488069664429
6129	6201	4.09449439697038
6168	6194	4.09425336887657
6167	6187	4.09419364211209
2219	5265	4.09413686206459
6155	6217	4.09395334964688
6204	6205	4.09343956978584
567	6191	4.093300041436
6160	6223	4.09327214393526
6143	6168	4.09314945592934
1915	6204	4.09312406818654
6156	6233	4.09304591943467
6169	6194	4.09215089807477
6161	6217	4.09192164402964
4736	6235	4.09188290832387
4736	6169	4.09183661175786
6167	6234	4.09146389554522
6155	6201	4.09140809126053
1915	6235	4.09135005598979
1471	2219	4.09130515450532
6167	6235	4.09106607264699
6160	6227	4.09016707515778
6204	6234	4.08961440374692
1915	6156	4.08959776642449
6147	6209	4.08922097354945
1915	6168	4.08829251352203
6194	6208	4.08801506233349
6191	6222	4.08790422289224
6143	6201	4.08787093326214
6205	6217	4.08773414674149
6129	6194	4.08766358268668
6222	6235	4.08742635247561
1915	6161	4.08706291071769
6169	6201	4.08695743312964
6194	6222	4.08647713525031
6158	6209	4.08570041606008
6143	6160	4.08542796012829
6164	6222	4.0851711132889
6133	6223	4.08482657999224
6133	6233	4.08463225784078
1915	6191	4.0844678363199
6133	6168	4.08420815980843
6156	6191	4.08392179334595
6205	6235	4.08135266606838
6187	6205	4.08125382858114
6129	6169	4.08110108191163
6133	6209	4.08090251028585
6194	6205	4.0805437392828
4736	6129	4.0796096280127
6167	6228	4.07931089001412
6205	6222	4.07925343113647
6161	6233	4.07901144175866
6133	6208	4.0777600577711
1915	6176	4.07736423313255
6217	6227	4.07642099881144
6176	6210	4.07627190553507
6158	6217	4.07519083696516
6187	6209	4.07509165837048
6161	6191	4.07505773125266
6168	6205	4.0749067190757
1475	2219	4.07432301596125
6158	6223	4.07418399633405
6228	6235	4.07378147138502
10075	6235	4.07370718521238
2219	6280	4.07364846033874
6210	6222	4.07345436225654
6155	6233	4.07338761190648
6235	7178	4.07329856333364
6143	6208	4.07243038315885
6209	6233	4.07207311379278
6233	7178	4.07120914001224
6176	6194	4.07112852600878
64581	9935	4.07103991241312
6147	6194	4.06921726434837
6142	6194	4.06858896488119
6133	6205	4.06854837655894
6191	6233	4.06822738648685
541578	91966	4.0680433125715
6233	6235	4.06782376861441
6217	6222	4.06771566610465
6168	6217	4.06753084107721
6187	6194	4.06544142493836
6156	6223	4.06540464494378
6133	6222	4.06520616473406
6142	6201	4.06479942588118
6167	6227	4.0635041465025
6169	6233	4.06340944058307
6187	6235	4.06336797098094
6167	6205	4.06276927085777
567	6208	4.06130136420785
6187	6234	4.06114965131227
6191	6228	4.06075523903149
6194	6227	4.06025048471287
6171	6235	4.0602240121552
567	6171	4.05978074097678
10075	567	4.05954677934849
6223	6233	4.05950695065656
6169	6235	4.05927703203225
1915	567	4.05894813679049
6232	6235	4.0587804397069
6194	6228	4.05850753505542
6167	6201	4.05832969955269
6223	6227	4.05808798603098
6176	6235	4.05804489211761
199	7940	4.05733866657664
6191	6232	4.05677154142748
6129	6143	4.05660292523477
6143	6169	4.05659927908421
6209	6222	4.05644880045837
6142	6209	4.05628141271204
6168	6233	4.05613892017823
6167	6171	4.05590059811054
1915	6210	4.05586202333634
6155	6194	4.05547943604526
6129	6233	4.05539924501305
6133	6187	4.0551125558019
6222	6223	4.05423554892925
6143	6222	4.05359572305576
6147	6205	4.05329584107209
6147	6235	4.05320616378516
6169	6209	4.05306129337723
4736	6222	4.05235765140764
6205	6232	4.05078497152281
6208	6209	4.049316510556
6147	6223	4.04867869029451
6143	6147	4.04746429559738
6133	6155	4.04706287466933
4736	6233	4.04686008968069
1915	6228	4.04684715312566
1915	6164	4.04624203281306
6209	6234	4.04618932957485
6171	6194	4.04505961397172
6205	6233	4.04496342450291
6201	6233	4.04400127790886
6205	6223	4.04396256583691
1230	9935	4.04270930190442
6160	6235	4.04265127691508
6168	6234	4.04230219525185
4736	6234	4.04163726542669
6147	6217	4.04154597637348
6133	6235	4.0409881960478
6142	6158	4.04017913550625
6158	6201	4.04014376949469
4736	6227	4.03991858459601
6194	7178	4.03972445479883
6201	6235	4.03952376130875
6208	6223	4.03933892973888
6147	6191	4.03839931499174
6168	6209	4.03754906267102
8284	8653	4.03623460097281
6133	6234	4.03611209430665
6192	8284	4.03538916332253
1475	6280	4.03530049129975
6143	6187	4.0351096688512
6228	6233	4.0347762507046
6133	6147	4.03466618807451
6156	6234	4.03462760919397
10075	6167	4.03432069244087
6171	6205	4.03424305122209
6205	6228	4.03340547520416
6167	6176	4.03289706611999
6176	6233	4.03258501480677
6228	6234	4.03227587111196
6209	6227	4.03148046691928
6158	6167	4.03115470773318
6208	6217	4.03101995948332
6176	6209	4.03077766499325
6142	6227	4.03066252841039
1052	64581	4.02979815991588
4736	6142	4.02979131041057
6143	6205	4.02962605072248
6167	6222	4.02835807708274
11224	6201	4.02790594539931
6143	6158	4.02742818576033
6122	6194	4.02701571852004
10381	10383	4.02593304255066
4736	6168	4.02524114850094
2219	6283	4.02517169773278
6133	6169	4.02468793875537
6170	6233	4.02335979585693
6164	6191	4.02320913365555
6133	6228	4.02318783237395
6161	6234	4.02309160563433
6209	6228	4.02182416001255
6133	6201	4.02056933794043
6167	7178	4.02026829199773
6158	6169	4.02017575549729
4736	6147	4.01985939923293
6129	6133	4.0197706109185
6209	6235	4.01968632457894
6168	6191	4.01903206239073
10075	6234	4.01899492992368
10075	6205	4.01879719913616
2107	55854	4.01836322190248
2219	6279	4.01832819703812
6191	6210	4.01791544469406
6187	6223	4.01674268600902
6223	6235	4.01657897638518
6133	6158	4.01631538310206
10075	6233	4.01583126970496
4736	6187	4.01467261528606
6168	6223	4.01426745492637
6187	6233	4.01400112607239
6191	6194	4.01372891233436
6194	6234	4.0130535553629
6170	6191	4.01259287425106
6194	6206	4.01246393726995
10075	6194	4.0113937778749
4736	6228	4.01106710489909
6133	6171	4.01075420378331
6143	6176	4.01022931663586
6122	6156	4.00977016036291
6133	6160	4.0097016724862
567	6232	4.00930644101594
6176	6223	4.00911163041749
1915	6147	4.00784618084929
6155	6158	4.00613937198635
6143	6234	4.00442052532417
1915	6194	4.00244807617811
6171	6233	4.00243650374684
6122	6204	4.0022943057445
6147	6233	4.00162935298051
567	6187	4.00001570431704
6156	6160	3.99993254719586
6171	6209	3.99980214252678
6146	6201	3.99959319688148
4736	6208	3.99893691458784
6210	6235	3.99854767382274
6133	7178	3.99788059255981
6205	7178	3.99761304469766
8287	8653	3.99743654947997
10075	6143	3.99709531870817
10075	6209	3.99678026649714
6167	6210	3.99664199974203
10075	6133	3.99598531887666
567	6170	3.9957842006974
6143	6227	3.99574212904162
4736	6155	3.99520324210911
6167	6232	3.99495390002249
6176	6205	3.99451774396081
6143	6228	3.99124645483533
6158	6160	3.99123333791037
4736	6176	3.99079897850506
6155	6160	3.99079688325717
6206	6235	3.98848787768797
6122	6143	3.98845114167767
1915	6205	3.98771702344835
6142	6217	3.9871585870135
567	6176	3.98480131199505
6129	6160	3.98420465816956
6147	6234	3.98402159041536
6171	6223	3.98360070866038
6205	6209	3.98356749562924
6187	6217	3.98323714088641
6129	6135	3.98316499939468
6192	8287	3.98201221520385
64581	728	3.9817571126455
6143	6171	3.98151804117934
6194	6210	3.98032981322293
4736	6205	3.97991627893148
6170	7178	3.97859589381479
6194	6232	3.97792504169597
6160	6204	3.97786348600623
6233	6234	3.97750753415502
6205	6210	3.97710213919984
6208	6234	3.97648146288004
6160	6206	3.9755126940903
6209	7178	3.97543375440019
1471	5265	3.97470332682432
1052	9935	3.97444469802574
6201	6204	3.97438453798529
6234	7178	3.97410395866253
6143	7178	3.97315695766591
6176	6217	3.97052891723148
6158	6204	3.9703579732859
6142	6143	3.96907064567348
6206	6217	3.96849207587717
6160	6161	3.96825653950904
6169	6223	3.96697660122915
6217	6228	3.96634837316159
6129	6235	3.96595819006272
1915	6143	3.96544075797502
6158	6227	3.964473413541
6133	6232	3.96394471564328
6223	6228	3.9617291957654
6217	6234	3.96144870408832
6155	6167	3.96116014701937
6122	6161	3.96100230958701
6164	6205	3.95858646053321
6164	6167	3.9565182260946
6223	6234	3.95483360608142
6191	6235	3.95393810741208
6156	6169	3.95246431107011
6232	6234	3.95173700466001
6171	6217	3.94885514845915
6133	6191	3.94860286165463
6210	6233	3.94629441393404
4736	7178	3.94548061421932
567	6233	3.94468197823375
199	2219	3.94383603190534
6191	6209	3.94359549998163
6234	6235	3.94197967949378
6217	7178	3.9411792667358
2207	2219	3.9403251498676
6169	6227	3.9397264332392
6143	6232	3.93838817113588
6146	6217	3.93770777777265
6155	6235	3.93515274053062
567	6222	3.93444601762044
6122	6209	3.93400277113696
6133	6227	3.93371400176995
6171	6234	3.93324157081654
6129	6158	3.93321298880851
6158	6235	3.93294792818592
6160	6233	3.9325501018667
4736	6191	3.93254955576884
6222	6234	3.93123243341389
6133	6176	3.93044591747524
567	6161	3.93017091988605
6143	6206	3.93006057298586
6142	6167	3.92983194273463
4069	6279	3.9293988195891
2219	54504	3.92938417876459
6156	6201	3.92858065861322
6191	6217	3.92832116926153
6146	6160	3.92755774856594
1475	6279	3.92606819702268
6209	6232	3.92561163383288
4736	6171	3.92550674880043
1462	2219	3.92517423198889
6129	6209	3.92512829207767
4736	6122	3.92501022114946
6129	6167	3.92418460064486
567	6164	3.92242771134441
6143	6155	3.92188533807866
567	6228	3.92168294989117
6142	6160	3.91948267373545
10075	6223	3.91680405263372
6143	6210	3.91663988022126
6201	6205	3.91542067437959
2197	6227	3.91266220947284
10075	4736	3.91252797521671
10075	6217	3.91233317955853
1462	6283	3.91160267519271
6164	6235	3.91115222953268
567	6156	3.91093964105585
6169	6205	3.91039351217207
7404	8653	3.90877890089991
6164	6233	3.90866500561067
567	6210	3.9077373541035
11224	6146	3.90679296128885
6191	6205	3.90630992343021
567	6168	3.90365139940412
5265	6280	3.90305920264755
6164	6194	3.90295219345802
567	6204	3.90228905015643
6160	6205	3.90211954263742
6167	6191	3.90132386922726
6169	6204	3.90121554288319
4069	6280	3.89848287710366
6158	6233	3.8980075329371
6232	6233	3.89669514128505
6160	6222	3.89357282402963
6222	6233	3.8915903197425
2207	7940	3.88766204018697
6164	6209	3.88665636009798
5265	6283	3.88415415577208
1230	64581	3.88134472356625
6143	6191	3.88130074287665
6155	6227	3.87762873757594
1915	6233	3.8773091506757
199	2207	3.87548349093391
6158	6161	3.87457382675375
6209	6210	3.87253541015281
6161	6201	3.87244844932356
1052	1475	3.87116069910862
26986	4736	3.86903852222951
6158	6205	3.86658175279307
2197	6201	3.86634455339694
6201	6206	3.86623229332682
6146	6227	3.86509023093624
1471	2207	3.86393672325345
6191	6223	3.8629831047832
6227	6235	3.86083529587581
6129	6146	3.86053597227722
6176	6234	3.85988967905723
6156	6158	3.85831517726135
2207	29992	3.8573373858328
6161	6169	3.85720132330572
6142	6193	3.85629671664762
6155	6223	3.85580987822029
6155	6205	3.85571490694106
6164	6234	3.85544732943838
6223	6232	3.85266613346712
6122	6217	3.85254290063721
6129	6223	3.85019750608083
1462	5265	3.84935767326786
4501	4502	3.84892595215716
6122	6171	3.84878461952759
6167	6206	3.84621211819492
6135	6155	3.84505101647652
6129	6191	3.8444643393812
6133	6142	3.8435077246749
6122	6187	3.84070642481621
567	6205	3.8391640832633
6206	6227	3.8375416692024
6158	6168	3.8375063879223
6136	6160	3.83568697331007
567	6235	3.83321188702224
10075	6170	3.83295260142678
6122	6222	3.83269179851534
4736	6210	3.83235450796568
6217	6232	3.83191783523631
6223	7178	3.83172031222381
5196	5473	3.83107528644409
2197	6169	3.82967353617012
6204	6227	3.82777141995342
6122	6168	3.82617963538764
4736	6206	3.82490910803936
2197	6160	3.82432569212572
199	6283	3.82339759845537
6146	6194	3.8225280085532
6169	6208	3.82152997815972
1915	6217	3.82053985380375
26986	6194	3.81895884345504
3106	3107	3.81842566339263
6160	6208	3.81734408094306
11224	6155	3.81600841736208
6192	9086	3.81427759990559
1915	6133	3.81306800311412
6122	6232	3.8119651941184
6129	6156	3.81194714644927
6133	6210	3.81190451239753
6158	6206	3.81060789364754
6170	6171	3.81027078013063
6133	6164	3.81002567004097
11224	6169	3.80999123220774
6158	6222	3.80960157060984
6227	7311	3.80896475344328
6164	6223	3.80812364264907
2207	5265	3.8076412249075
6122	6208	3.80558604843389
6160	6168	3.80549384478693
6191	6234	3.80423002649861
29997	6209	3.80364013745834
6170	6176	3.80246586768398
6169	6234	3.79902789278649
6122	6223	3.79773410961186
26986	6217	3.797251727498
6135	6194	3.7967202600508
6194	9045	3.79459234208488
2944	2946	3.79309732128338
6170	6204	3.79280169814597
10075	6122	3.79279027830233
6210	6234	3.79262624063684
11224	6129	3.79223781225937
4736	6232	3.78981777946684
6168	6169	3.78919710717869
4736	9045	3.78906010857309
6160	9045	3.78429733310523
6170	6228	3.78252916507699
6201	6222	3.7815915716798
6168	6170	3.77690849912931
1475	6283	3.77647152323892
6210	6223	3.77628377429866
6169	9045	3.77456747522578
6147	6160	3.77416986855674
6170	6208	3.77414989066327
199	6280	3.7701802969612
22918	64581	3.77017080475893
26986	6146	3.76980072791856
6142	6233	3.76974246853795
1915	972	3.76971224853836
6129	6204	3.76791480574574
1471	7940	3.76788847786717
6155	6209	3.76743493726558
6136	6227	3.76614226935235
6155	6206	3.7661157785035
1462	948	3.76474227747155
6161	6227	3.76442595181271
6133	6206	3.76333989722509
6227	6233	3.76325217516088
6122	6228	3.7620568438899
1915	4736	3.76191272935929
3576	50486	3.76190845498823
29997	6143	3.76174320913379
2197	6167	3.76091095672228
1462	6280	3.75942103477304
6155	6170	3.75827990861395
6201	9045	3.75698988884705
1052	2219	3.75454415902861
6143	6164	3.75354240836647
6170	6235	3.75199155735142
11224	6217	3.74980811857013
6143	9045	3.74663973478188
6142	6204	3.74540181327937
11224	6142	3.7443828485822
6122	6235	3.74128640128524
6129	6206	3.74082698560706
11224	6194	3.73847944651385
11224	6227	3.73551403842928
6201	6208	3.73469026050261
2197	6142	3.73446765782271
567	6147	3.73274056316323
6129	9045	3.73171677834269
29997	6194	3.7309846977021
26986	6201	3.72849138698596
6122	6167	3.72745146007203
1462	6279	3.72710942478141
6170	6187	3.72679621780634
6205	6227	3.72663060776449
26986	6143	3.72479530835686
6142	6169	3.72441445041721
1052	5329	3.72414862842231
6122	6147	3.72383097202005
6156	6206	3.72281932036265
1441	1462	3.72208044303269
1475	54504	3.72027614070874
6169	6206	3.71883924149721
2197	6146	3.71804114059771
6206	6233	3.71536795999748
6135	6201	3.71484039192193
6217	9045	3.71431866571606
1462	9332	3.71263148300384
1475	199	3.71017940804821
4736	6146	3.71014760023821
6156	6227	3.7059241074573
2197	6136	3.70293609608397
6204	6206	3.70256928106379
1915	6135	3.70228705735264
26986	6129	3.70120390876027
6156	6170	3.70064058276067
6122	6176	3.69517237815617
6158	6176	3.69457763495671
6168	6227	3.69178819705043
6155	6156	3.68835383068973
6170	6232	3.68760451852734
6152	7311	3.68740233208951
6158	6187	3.68578600114999
26986	6209	3.68403377238205
1471	29992	3.68204829861136
6201	7311	3.68158441453513
1052	728	3.68084065309811
29992	7940	3.67786377379301
6169	6222	3.67043945849857
1471	199	3.66601230736434
1915	6122	3.66526936430109
6201	6234	3.66420339142369
6161	6170	3.66339478902609
6129	6227	3.66173727366864
2197	6194	3.65903425575498
29997	4736	3.65899285150162
6191	6201	3.65804739268612
6129	6208	3.6573773059348
199	5265	3.65329043405305
6146	6155	3.65319311075011
6158	6208	3.65085176070407
1915	6170	3.64967799467461
6160	7311	3.64789633302194
5265	6279	3.64518265453417
6206	6223	3.64426883977752
6158	6234	3.64144475562297
2219	64581	3.64105755066016
6164	6217	3.64096327327361
1471	64581	3.64058880408985
6129	7178	3.64042862837549
6122	7178	3.63996867211513
6210	6217	3.63721370904083
6155	6191	3.63521233143261
7544	8653	3.63496044958473
6155	6204	3.63352233792123
1915	6223	3.63265860885721
8284	8287	3.63081357204639
6160	6234	3.62888106553122
6147	6201	3.62810171965987
4736	6164	3.62801173734117
6160	6176	3.62668122052657
6146	6169	3.62634923110902
6155	6208	3.61911807715153
11224	6160	3.61792390768616
2197	6209	3.61506419946174
6129	6161	3.613503334955
6146	9045	3.61180368770194
6169	7178	3.61048466104891
1475	2207	3.60990657511827
6206	6209	3.60983070936836
6222	6227	3.60975298982756
1441	5265	3.60704751495944
6168	6201	3.60679237237189
1441	2219	3.60646828474925
6147	6169	3.60589840285954
2219	7940	3.60502308185122
6161	6206	3.60319017594228
6122	6133	3.59758225821159
6122	6160	3.59620682274464
2197	6217	3.59529755498381
6155	6161	3.59339107602765
6142	6155	3.59279865965917
6176	6201	3.59220926506331
6142	6146	3.59162884290294
6158	6171	3.59054625394913
6160	6187	3.58827382351095
6142	6235	3.58395206149032
2197	6143	3.58369652529459
6136	6146	3.58342856872207
6164	6170	3.58278882495414
6133	6170	3.5813265812606
6135	6235	3.58084918697037
6135	6217	3.58053680762166
6122	6158	3.57672061644125
6193	6194	3.57340021859476
6158	6228	3.5725384678788
6205	6234	3.57170735732122
6206	9045	3.57114162818457
6235	9045	3.5696878669295
6142	6156	3.5605286124625
6168	6206	3.55854429519542
11224	4736	3.55779748013544
11224	6193	3.55630067985483
2219	4069	3.55566829485311
6122	6210	3.55511362461525
6138	6152	3.55461002367551
6169	6228	3.55359572884668
6170	6194	3.55281064114553
2197	4736	3.55200811054454
567	6133	3.55166752483205
1475	5265	3.54776085653727
1915	6167	3.54748916118726
4736	6136	3.54147705005142
1915	6206	3.53905560980648
6206	6208	3.53807225609753
6160	6171	3.53633611675414
2219	929	3.53602745856369
6122	6234	3.5319366918507
6122	6201	3.52974214420617
1052	1471	3.5294869552796
6227	6234	3.52833066210978
199	7305	3.52537100016004
29997	6142	3.52304033218993
11224	6152	3.52243208111042
8653	9086	3.51774933837282
6146	7311	3.51745394285974
6135	6143	3.51708082337317
199	29992	3.51627883800505
2959	55379	3.51560131987136
6135	6191	3.51409411496106
6143	6146	3.51390314546371
6208	972	3.51169599079568
1475	4069	3.51009100170318
26986	6156	3.50361094283455
6170	6205	3.50288706431902
567	6194	3.50023732435054
6135	6233	3.49866186303134
6205	6206	3.49282630979571
6167	6170	3.49255746046339
2197	6158	3.49197919615835
6158	9045	3.49172097658653
26986	6160	3.49149267640138
6170	6217	3.49090360984979
29997	6223	3.48953471190928
11224	6223	3.48953407649525
6129	6142	3.48883574312649
199	6279	3.48782359283705
29992	5265	3.48340308492312
6142	6161	3.48168165294304
2197	6206	3.48005810633826
7404	8287	3.47926835529057
6170	6222	3.47812848978529
6169	6176	3.47564142867677
6142	6206	3.47481311251042
1545	5055	3.4732855922768
1462	29992	3.47286104344506
6169	6187	3.47038862251807
4736	6193	3.46979463761467
6122	6164	3.4654456618807
6193	6201	3.4630239593555
6206	6222	3.46091573192848
728	9935	3.45927331424927
1915	6129	3.45758930775734
1915	6209	3.45450088631633
1462	4257	3.45370333141225
6147	6158	3.45350906391294
6169	6171	3.44180833222589
6155	6222	3.44109418572347
6136	6201	3.43898343113664
6146	6209	3.43843258769533
4736	6135	3.4380647762415
1462	2207	3.43693592540448
6129	6205	3.43653241767008
6170	6210	3.43062826607934
6136	6209	3.42963465756047
6169	6191	3.42932266984299
2219	9935	3.42881434613039
6155	6168	3.4286957991294
11224	6158	3.42771053287579
6187	6201	3.42569304793534
6160	6228	3.41961403829896
26986	9045	3.4194582446955
6201	6228	3.41928955412362
6142	6205	3.41836018560159
5265	7940	3.41786731058795
6122	6233	3.41723508454332
4736	6175	3.40937706715409
7404	8284	3.40892667493356
11224	2197	3.40806140534017
2197	6129	3.40739848906601
6201	7178	3.40564480156899
6135	9045	3.40407962788743
1471	1475	3.40407777417963
6171	6201	3.39959808512263
26986	6169	3.39287664665345
6158	6193	3.39241633391617
1052	6280	3.39011478974898
4257	948	3.38835708513266
6129	6222	3.38442351547458
6142	7311	3.37725443518926
1475	9935	3.37572018320645
6152	6201	3.37558160714988
1475	7940	3.37519269600631
6146	6223	3.37393220541275
6122	6191	3.36952031198692
6138	6146	3.36356713055911
26986	6235	3.36084135435293
1839	50486	3.36059471657388
29997	6156	3.3603267735731
567	6217	3.35698772199314
11224	6133	3.35297104813303
6158	7178	3.35261525472899
2219	29992	3.3469495261358
11224	6143	3.34421985555918
6147	6227	3.3434730448114
6135	6169	3.34340819799422
2959	9318	3.34119498000814
6129	6176	3.34000173149698
29992	4257	3.3382047172736
4005	7940	3.33655865277272
29992	948	3.33564578814763
1915	6201	3.33097951624747
6159	6194	3.32916398619231
6176	6227	3.32607958841648
7178	972	3.32549030931783
6209	9045	3.32443941674086
6122	6205	3.32120515895026
6129	6170	3.32030152857034
6129	6234	3.31955160416519
4005	5265	3.31828784486198
2197	6233	3.31693454127664
3576	9935	3.31467098426047
6160	7178	3.31341216908811
5329	64581	3.3133029995765
4496	4502	3.31260561059378
29997	6204	3.31129570858195
6208	6227	3.31091615784424
2207	7305	3.31015643430954
4501	645745	3.30549568462078
6175	6201	3.3049628550953
6155	7178	3.30397600044082
26986	6223	3.30337466801655
6143	6159	3.3011243324617
1462	1471	3.29387021299998
2959	5515	3.29352612726614
567	6167	3.29243722808659
6156	972	3.29092391127545
6155	6234	3.28100107231525
567	6129	3.27749630760912
6158	6191	3.27669138165701
2207	4005	3.27483297485166
10075	6169	3.27106227804319
6146	6152	3.26914841010819
567	6143	3.2659544541144
11224	6233	3.26393109004896
10075	6160	3.26199253615922
1915	6234	3.26153032676233
6222	972	3.26089137501839
2357	64581	3.25981574191648
6193	6209	3.25705980650814
1052	2207	3.256594580019
2197	7311	3.25447220079788
6136	6142	3.25133895879394
6142	6234	3.25051822471203
6232	972	3.25000779640381
1441	1471	3.24752426085327
6155	6176	3.24487758467651
6175	6223	3.24430433105102
2197	6223	3.2415199320749
6135	6156	3.23677335081093
2197	6155	3.23637879228668
6193	6223	3.23301259709688
6227	9045	3.23265069102261
57129	6728	3.23154179299944
6176	6206	3.22930094080671
2207	6280	3.22893643738201
114548	9935	3.22871938118664
4736	6159	3.22776543679459
6158	6232	3.22682021015806
55824	64919	3.2246943643743
6147	6170	3.22448515076431
6136	7311	3.22281288137226
10075	972	3.21845162794899
26986	6155	3.21680388142248
1475	64581	3.20787926623371
6175	6194	3.20736609205547
10075	6158	3.20710770751024
6142	6168	3.20688714782955
5329	728	3.20470001884952
6129	6147	3.20397011627678
1052	6283	3.20379936197862
6217	7311	3.20313077297391
6122	6227	3.20246558950368
6136	6167	3.19813976645759
6187	972	3.19624484636709
26986	6158	3.1960396503836
6129	6168	3.1951346331984
6223	7311	3.19088613965293
6133	6146	3.1875160513919
1915	6160	3.18025690016132
6159	6193	3.17952380148069
6160	6191	3.17677563188812
29997	6158	3.17589641978065
6129	6171	3.16788939644049
567	6155	3.16610834252548
6146	6206	3.16560873703405
6160	6210	3.16477816496825
6135	6205	3.16420108906184
2219	4005	3.16324418492518
55854	64645	3.16273086915092
29997	6161	3.16079071390363
29997	6217	3.1604685924077
26986	6167	3.15863853819176
10075	6201	3.15704417274896
54504	6279	3.14950645713247
4069	54504	3.1473747716265
1471	9935	3.14711491250717
50486	6446	3.14243060250489
1915	6158	3.13866022876382
100287932	55802	3.13863725009315
6155	6171	3.13565239072743
10438	253943	3.13294651841951
6135	6160	3.12990601465107
6146	6193	3.12389911121027
26986	6159	3.12163741936109
6146	6167	3.12021534345108
2219	948	3.11968078425264
26986	6191	3.11935245361351
5329	9935	3.1187150817356
6155	9045	3.1139047722952
2776	87	3.11390326942998
29997	6193	3.11286512084512
1915	6155	3.10988846837703
1052	1230	3.10829938908691
29997	6159	3.10616421935615
1441	6283	3.10399773243959
55884	5985	3.10335935459054
2207	6283	3.10302598460151
2769	64581	3.1014659048774
6142	6176	3.09987834026155
6187	6227	3.09918737983464
84661	8655	3.0951791777602
6171	6206	3.09394609331906
6122	6129	3.08671008557013
5265	64581	3.08369969387022
6159	6209	3.08334817800479
26986	6122	3.08148791898336
6136	6217	3.08100340274344
26986	6204	3.07929830113799
6279	929	3.07831338433946
29992	317649	3.07821159530203
1915	6169	3.07738859784838
6146	6158	3.07206096204729
6133	6135	3.07140087376171
6152	6188	3.06690129521319
6193	6217	3.06298387783919
6283	64581	3.06025885050025
6187	6206	3.05705735856809
6146	6235	3.05685136643452
6169	6170	3.05504890441439
55379	9318	3.05317433447535
11224	6209	3.04600464747038
11027	29992	3.04535241689202
29997	6201	3.03936323510224
6152	6160	3.03806605956215
6446	9935	3.03689468453424
11224	6167	3.03523645690772
6227	6228	3.0325803089826
4736	6170	3.03252998135369
6147	6206	3.03015603787488
6136	6169	3.01947381442086
2197	6141	3.01874879516591
3576	5329	3.01520928055601
2207	64581	3.00963686216198
26986	6133	3.00837369786897
1462	1475	3.00403335451181
6122	6142	3.00305452648354
114548	64581	3.00042404722684
6160	6232	2.9949425552402
7056	9935	2.99469791899018
1471	2776	2.99406943367582
6155	6187	2.99258416149408
6155	6228	2.9918485870945
1052	199	2.99091546504604
50486	9935	2.98997093738739
1471	6283	2.98700883463859
6142	6222	2.9833889928393
4736	567	2.97639198830726
6171	6227	2.97577725377345
6129	6187	2.97531765218805
6159	6223	2.97375705897955
6156	9045	2.97339309503861
6136	6158	2.97106583216541
6192	7544	2.96228623720942
5265	54504	2.96228373828704
6283	929	2.95988093151877
1052	5265	2.95820410627717
6152	9045	2.95307598399665
50486	5329	2.95287406229212
1462	929	2.95220523684653
6135	6146	2.95157545441047
11224	7311	2.94885563287196
6169	6210	2.94808451044174
26986	6233	2.94533169475813
6158	6164	2.94049311346282
6206	7178	2.93894447951898
6161	972	2.93739196892162
6138	7311	2.93665095626374
4502	645745	2.93502674830585
146722	5265	2.93303259680019
567	6234	2.93223914000773
10209	7316	2.93117353519187
6223	9045	2.92714977012227
2107	22919	2.92696389809361
1441	1475	2.92693934271833
6171	972	2.92619890680753
4818	83888	2.92415095903438
6129	6228	2.92290999936515
8287	9086	2.9186136242814
6192	7404	2.91622630190897
1475	4005	2.91492087089964
6136	6141	2.90976083973294
11224	6141	2.90946390658043
54504	6280	2.90808747738677
4257	6283	2.9021917397776
6280	929	2.89957392492672
1839	199	2.89879718099237
1545	7057	2.89670642322706
10075	6129	2.89540719953788
1471	22918	2.89418279705768
4257	9332	2.89246404517304
6136	6223	2.89119172507974
199	64581	2.89080661357882
22918	2357	2.88908489670806
8731	9107	2.88771399695862
29997	6233	2.87826529928966
6209	7311	2.87512122185814
2107	9188	2.87168029902052
1441	6280	2.87158326560601
5055	7057	2.86731337493009
146722	1471	2.86003486123145
22918	9935	2.85749906204894
1052	2769	2.85598655733036
4069	6283	2.85380912948383
1471	4257	2.84257799660818
1471	6280	2.83849847911607
4496	4501	2.83484671873412
2207	3958	2.83447888908479
4736	7311	2.83148982391608
1839	2219	2.83138131362232
6167	9045	2.83064341947111
6136	6194	2.82545467109649
6122	6169	2.8202328341566
6135	6222	2.81963557926279
199	4005	2.81236053566656
6138	6193	2.81166944002228
6201	6210	2.81071814208693
8284	9086	2.80993965066387
6155	6193	2.80614790665771
6206	6228	2.80563491685084
6147	6155	2.80457087040663
6142	6159	2.80369199100774
6143	6193	2.80273964078176
567	6209	2.80172460177885
567	972	2.79992191864338
6169	6232	2.79578405574383
567	6135	2.7932142970801
29997	6122	2.79243732899277
6142	6147	2.79239626528249
29997	6167	2.79216287973067
6283	7940	2.78909989393937
6142	6208	2.78872101049898
6136	6138	2.78671876878316
1462	199	2.7854573810502
6164	972	2.77536699957288
26986	6234	2.77402985892515
5265	9332	2.77326249072262
2197	9045	2.76987958548507
6158	6210	2.76557616289021
567	6169	2.76271276969961
1471	54504	2.76247829531661
6206	6232	2.75768351730571
7305	7940	2.75366217508048
26986	6222	2.74861967960895
3017	8345	2.74523034249295
5515	9318	2.74437866345651
6169	7311	2.74304585347623
11224	6175	2.74292593088572
6222	9045	2.74265546987096
6142	9045	2.74033957352094
6280	9332	2.73675582621223
22918	728	2.72922080066903
6135	6208	2.72870817023689
1675	7940	2.72804830402166
5515	55379	2.72278377117263
6206	6234	2.71748440217684
6142	6228	2.71411349282071
1471	4005	2.71214195037259
4983	55567	2.71053883139602
26986	7178	2.71020007003165
1052	114548	2.70908405563974
29997	6160	2.7074863126398
6170	6209	2.70746820215481
2219	9332	2.70340725051985
6122	6206	2.70186429225854
6160	6193	2.70071111535358
6129	6193	2.69925130516085
1105	9188	2.69072399449395
26986	6206	2.69003230474451
6143	6170	2.6895634560716
29997	6129	2.68918024998449
6201	6232	2.68732104520093
10438	6632	2.68514691264966
6152	6227	2.68284976482062
6135	7178	2.67956105069033
9107	9188	2.67222195091305
2107	571	2.66314411925645
2219	22918	2.66226010087439
23089	8910	2.66158453905889
2207	6279	2.64981794898916
29997	6133	2.64826575925195
6164	6169	2.64820389186533
6193	6227	2.64796087903845
6210	972	2.64580499479721
26986	6142	2.64496194798215
10376	84790	2.64209677588846
6728	7019	2.63944150940557
6283	9332	2.63804761322131
146722	2219	2.63305277909397
6204	972	2.63290219666325
26986	6161	2.63239097507316
26986	6208	2.6310034321377
6158	6170	2.62942831854129
6133	9045	2.62604349175085
199	9935	2.62420644498819
6147	972	2.62098465554541
6146	6175	2.61549010193454
29997	6235	2.61386634993097
6160	6164	2.61359787018323
6138	6141	2.60747243983468
11224	9045	2.60370865262974
6135	6206	2.59742933710089
9332	948	2.59200190647661
10075	6155	2.59036748646549
11224	6138	2.58924522956952
6170	6234	2.58917712850581
2219	5329	2.58886085349122
6175	6209	2.58733996556578
1675	199	2.58663737952784
1230	728	2.58271099728922
567	6223	2.58142269770488
2219	4257	2.57493533873586
4496	645745	2.57276285298388
29992	6283	2.570046374224
6135	6158	2.5653654520249
6194	7311	2.55376817789265
3576	6446	2.55134969489126
2197	6133	2.55083583032454
2207	4257	2.54905258797054
6129	6159	2.54879662473886
6176	972	2.54563456517327
1441	64581	2.54277652834024
6135	6204	2.54245456713799
6128	6135	2.53961854700649
11224	6206	2.53783551311969
567	6201	2.53207271826837
29997	6147	2.53018162935482
10075	6206	2.51925336908835
6135	6170	2.51646289973831
6164	6201	2.51565977268358
6136	6143	2.51192171119003
2769	9935	2.51183537769894
1441	2207	2.5103318211732
1051	7940	2.49796253985897
6175	6227	2.49794546537042
29992	7305	2.49748497780924
6280	7940	2.49404471541443
6142	6175	2.49313884649692
6227	6232	2.49218780342162
6142	6187	2.49064955148698
29997	6176	2.48901706707012
26986	6227	2.48811925098257
1052	22918	2.48790639997399
10438	57129	2.48701350719478
64581	7056	2.48686769411563
6146	6233	2.4829778123862
4069	5265	2.47949256916575
6175	6217	2.47884727057563
6160	6175	2.47780457654434
6135	6176	2.47336011721163
10075	6227	2.46945050372581
6146	6159	2.46840076027288
5265	9935	2.4653811000521
6206	6210	2.46409648292219
29992	4005	2.46385030246709
2107	64645	2.46309595097334
6175	6193	2.46292295944934
6136	6152	2.46248948350911
1441	6279	2.45613410258597
29997	6222	2.45325913667743
26986	6135	2.45265598155496
2197	6235	2.4524128070516
6159	6217	2.45227520610654
2219	7305	2.44752849494547
1052	50486	2.44480306244985
1471	5329	2.44143833910348
7311	9045	2.43720632695289
1475	1839	2.4371455887923
6170	6201	2.43437747482538
6169	6193	2.43361520821639
5265	948	2.43312675900106
6283	948	2.43261887494824
2959	80219	2.43041558010681
6141	7311	2.42573261449679
6158	7311	2.42315129576713
1471	929	2.41477654757924
5196	81027	2.41276120182467
6135	6223	2.40716533602875
26986	6147	2.40460999283514
26986	6187	2.39120885504646
1471	2357	2.38941756698068
6143	7311	2.38780028652448
56902	57129	2.38540624162491
1839	29992	2.38423526421004
11224	6235	2.38092299175574
4005	6283	2.37929298953829
1052	1441	2.37884257613957
1052	3576	2.3755944510244
1052	1839	2.37193931182764
6170	6223	2.37010707438588
2219	2357	2.36906930028953
1285	1286	2.3594975609177
11224	6205	2.35600086686354
6143	6175	2.35260645454586
3002	83888	2.35187134320087
5329	6446	2.34945295537602
6233	9045	2.34852608413059
1471	948	2.3473477237538
6352	8530	2.3455366942374
26986	6205	2.34266543351627
6201	6229	2.33781461933371
6159	6160	2.33505355149326
6135	6209	2.33426346325415
1052	3398	2.33341517331825
6122	6155	2.32996915426989
168544	29992	2.32947211359861
29992	3958	2.32933127088554
5265	929	2.32716293183895
81027	8436	2.32347101459519
6138	6201	2.3209620494703
1052	4005	2.31718450811946
26986	6175	2.31684725973023
54504	6283	2.31659674685748
1839	5265	2.31296788910136
11224	6136	2.30406705791096
1441	9332	2.304006809429
6159	6201	2.30242732551144
6191	972	2.30032449068338
6142	6191	2.29723027422926
6142	6171	2.29706845531148
26986	6176	2.29616724768891
1915	9045	2.29324753927215
29997	6208	2.29093773423203
3105	3107	2.29055867552904
2207	929	2.28432053017525
163859	2959	2.28318448841593
6141	6142	2.27852150129834
2207	22918	2.26995082353934
4257	7940	2.26710930410824
79665	8731	2.26300995268904
6161	9045	2.25992633049167
6159	9045	2.25892389165921
6156	6159	2.25326885022405
3105	567	2.2528630464834
6167	7311	2.25192538840177
6146	6156	2.24995161341063
2357	6283	2.243809457231
5265	5329	2.24360331885691
1441	948	2.23801436368289
10574	1994	2.23721400893283
6193	9045	2.23332066007961
11224	6135	2.23089587276819
6129	6210	2.2206505977221
29992	3398	2.21392278408762
6128	6129	2.21318737465141
163859	9318	2.21253370497012
2776	3398	2.21173401383011
6191	6206	2.21101757292097
6204	9045	2.20561727627847
6138	6142	2.20158397109555
4005	6280	2.20099133219437
1230	7056	2.19827050086256
2207	9935	2.19583381305153
6279	9332	2.19054218361819
199	54504	2.19038066965038
10574	5303	2.18945670449326
6158	6159	2.1886722583045
1052	6446	2.18831016794824
6175	6204	2.18526798309446
2197	6152	2.18468762673761
1475	929	2.17080665090536
58515	9929	2.16828358449996
1839	6280	2.16649973138653
6129	6232	2.16566363514886
6164	6206	2.16328611064839
6129	6152	2.16249883597881
2197	6234	2.1571520746578
26986	6168	2.15309393684384
29997	6169	2.1485519119601
6129	7311	2.14802050465368
26986	29997	2.14671651479352
3958	5265	2.14544366161568
1052	6279	2.14302174748979
1915	26986	2.14106823391711
1839	4257	2.14100459143124
6135	6193	2.13230230827127
6152	6193	2.12828245813256
2219	5199	2.1267250013954
1105	9107	2.12143275950347
6227	7178	2.12089519343656
51526	84124	2.11503186550003
6135	6161	2.11206847206706
10578	4818	2.10513892434559
6135	6171	2.10423319142812
10438	6049	2.10042430859578
1675	2219	2.09844148632005
1052	7940	2.0978430530972
119504	29058	2.09782711770265
6280	9935	2.0971761751371
6155	6232	2.09714093709489
1839	6283	2.09234249993338
6283	9935	2.08997673705277
1462	4005	2.08602914361012
6155	7311	2.08402796764784
3958	64581	2.07426713239318
1475	5329	2.0638283788614
6191	6227	2.06379614320232
163859	80219	2.06009225894734
6122	9045	2.05915632672211
2207	2776	2.05904453346148
2776	7940	2.05651758688416
1441	199	2.05650934174397
2776	948	2.05448333529956
64581	85027	2.04823144258495
1052	1462	2.04635670952272
1475	29992	2.0436089283139
1915	3107	2.04324050818863
64645	80219	2.03944877795753
6280	64581	2.03763636994962
6168	972	2.03467993338784
6152	6169	2.03292426383817
5052	84661	2.03207934764383
2207	5199	2.03123729802078
1462	1839	2.03096637860164
6135	6159	2.03007186059946
22918	5265	2.026113596408
6136	9045	2.02574801012124
7019	84294	2.02470154027921
26986	6228	2.02073980055175
1052	2357	2.01829813676842
3398	7940	2.01777908548236
51696	9589	2.01685538066985
342371	64645	2.01510454071346
29997	6227	2.00685927299853
2207	2357	2.00461479945487
317649	7305	2.00361512833308
6122	6159	2.00349628055081
2107	9908	2.00325945439588
4257	5265	2.00223822273372
29997	6187	2.00034033115818
2219	2776	1.99742711410651
2207	9332	1.99307372191817
3576	64581	1.99255792597068
3553	3576	1.99079026915213
6228	972	1.9895493352608
6146	6204	1.9840032893953
1230	22918	1.98291222964457
6142	6152	1.9827665514184
3313	9107	1.9799286761745
6205	972	1.97576363822624
6129	6175	1.96890686105652
5303	84661	1.96239016739021
2776	29992	1.95761616086837
10438	6728	1.95697630342587
2207	948	1.95521726424056
1839	7940	1.95514400388605
6210	6227	1.9533182472887
2357	9935	1.95299855426076
6175	6222	1.95182360602594
10075	6142	1.9494827679712
1725	204	1.94892615009671
2776	408	1.94717384551978
1390	8013	1.943320665712
10075	26986	1.94292523597602
2959	64645	1.94190963344595
1230	1471	1.94183905318609
29997	9045	1.94150859636577
6204	7314	1.93903386848738
5329	6283	1.93765472623953
10261	2207	1.93407137220602
3313	8731	1.93303477584543
6133	6193	1.93233553667298
146722	29992	1.93143661895218
6136	6193	1.92534987566815
2207	317649	1.92515344556749
1915	6227	1.91868282578082
1471	7305	1.91441344689185
1471	1839	1.91357248823175
6135	6167	1.90723734243335
6141	6152	1.90439032031317
22918	7056	1.90206944093277
114548	22918	1.90144081724321
11027	4257	1.89854826191391
50640	81689	1.89844054233453
6175	7311	1.89738777778129
6229	6235	1.89563318634464
6205	9045	1.89372228540315
1471	7127	1.88943493552957
6146	6188	1.88898873270877
1475	50486	1.88686309517004
1462	64581	1.88631497731534
29997	6228	1.88560066452726
51444	81689	1.88317950068293
2959	55361	1.88219880034079
2107	49854	1.88045488746549
6155	6164	1.88032342697908
114548	2357	1.87867078985334
29992	9332	1.87844925053244
2197	26986	1.87654652499315
6161	7314	1.87502603585079
3398	4005	1.8738976503191
6143	972	1.87262704272951
6122	6146	1.87078915268821
146722	199	1.8690070352992
11224	6204	1.86799969687164
3553	9935	1.86674249587408
6133	6175	1.8592178675331
56681	9188	1.85675422092764
6135	6227	1.85555332993223
6155	6210	1.8554630419773
6193	6233	1.85364006865387
1462	2357	1.85079310028591
8731	9188	1.85030182020131
114548	58480	1.85010893360659
114548	5329	1.84955954857544
6175	6205	1.84921893700254
6142	6232	1.84355042728941
6208	9045	1.84349226288721
2107	81689	1.84232913490736
6146	6205	1.84215013666803
10574	84661	1.84091879641789
4929	55422	1.84038747915704
10926	55854	1.83917806614289
6446	8843	1.8369361013718
2107	55361	1.83455318778406
57486	90338	1.83232885696705
22919	55854	1.83193613282894
6159	6233	1.83175473278623
2197	6193	1.83002202199219
1475	3398	1.82963479841909
6152	6155	1.82584994238089
2197	6138	1.82398500958058
6159	6204	1.82301535047305
1675	4005	1.82222112773794
2357	5265	1.82043551714952
29997	6191	1.81680167552329
6152	6217	1.81513476421249
5537	55802	1.81111007718683
2207	3398	1.80851015984593
55771	57486	1.80696245323188
54504	929	1.80293700166449
1441	7127	1.8017566887985
6141	6227	1.80121299367732
2197	6204	1.80086859078235
6122	6135	1.80057504611801
58480	64581	1.79124190636292
29997	6234	1.78636301001391
199	317649	1.78509112791761
10286	6434	1.78384029770654
2107	5861	1.78312463705686
3958	7940	1.77893609449578
6135	6229	1.77732397458911
49854	571	1.77609983751644
567	6158	1.775972040719
11027	7940	1.77570890421557
6164	6227	1.77429558147699
26986	6171	1.77401293431629
10438	25978	1.77214622862205
10574	5245	1.77195459150076
317649	7940	1.7698122672788
6158	6175	1.76731149920221
6193	7311	1.76605117079986
6146	6234	1.76579427699283
10438	79568	1.76086396322723
10075	29997	1.75615341630652
6129	6136	1.75354679549949
6147	7314	1.75351356783232
1462	22918	1.7533719775336
6159	6169	1.75171275291467
1471	6279	1.74995597424465
199	3958	1.74987870029109
100287932	57129	1.74563389165062
1475	7305	1.74454833401705
10926	51132	1.74402341717109
1471	728	1.74220173663984
11224	26986	1.74203301097837
115352	79368	1.73964171439116
2776	64581	1.73893732476756
4257	6280	1.73742736954335
5473	81027	1.73598697828535
64581	7305	1.73551850569181
1839	3398	1.73348046515785
3002	4818	1.73085419295544
1475	9332	1.72649554883956
29997	6205	1.72425836455325
1738	3313	1.72293245345767
7544	8284	1.72072722141502
1892	84681	1.7199786945898
6187	7314	1.71881765042906
29997	6168	1.71808157354414
57129	6632	1.71659319774644
317649	4257	1.71614884540865
49854	55854	1.71470802542481
10926	2107	1.71330283168436
1675	2207	1.71260238018897
29997	6171	1.71235818563423
1471	3958	1.70904051763343
1441	87	1.70187543028335
6136	6206	1.69656275216458
11224	6234	1.69016231567863
2357	29992	1.68748307900245
6175	9045	1.68671660231657
6160	6170	1.6837017964761
1471	87	1.68239327351907
567	6160	1.67486375424833
1441	1839	1.67447549628931
1475	948	1.67100590608125
6129	6138	1.66837212468659
6129	6164	1.66630480161845
6142	7178	1.66552661027315
6156	6175	1.66528803136095
2745	29992	1.66269050992729
64581	7940	1.65823611444884
1230	5329	1.65543152599431
6167	6193	1.65479483208012
6205	6229	1.65079995906274
6170	6206	1.64694194962358
1441	29992	1.64688330966915
55854	571	1.64181173965153
10438	7019	1.6367963811439
29992	7127	1.63660848853873
10438	4893	1.63286770074429
26994	571	1.63063190829483
571	81689	1.62984596787241
1052	7056	1.62653727170728
29997	6146	1.62412538897665
1839	2207	1.62227727204388
2219	728	1.62069258155665
6152	6158	1.61734575402863
6138	6227	1.61734492987302
6193	6204	1.6161838247606
29058	8574	1.61353127053705
1462	54504	1.60960315752697
10598	84661	1.60877137579525
2197	29997	1.60874479760324
199	929	1.60709802088614
84064	84824	1.60639851295859
49854	9908	1.60346144880987
1839	7305	1.60283684491844
55361	55854	1.60244903773315
6141	6201	1.60177622903248
2207	54504	1.59482763654488
22918	29992	1.59465173477494
164	23215	1.59177014926882
6159	6167	1.5909632537452
10574	93129	1.59060002119746
6208	7314	1.58705495473791
2769	728	1.58351178814949
5265	7305	1.58230082490422
6141	6146	1.58094907768393
6147	9045	1.57973772498621
571	9908	1.57836818558414
1839	9935	1.57499583102168
1052	85027	1.57400608691538
1441	4257	1.57314420476494
4736	6152	1.5722642467893
1052	7305	1.57122462222458
29992	64581	1.56923975354617
1915	29997	1.5673833966384
1475	22918	1.56559411837494
2197	6156	1.56488940490009
6135	6147	1.56449550649419
163859	64645	1.56315979129548
6209	7314	1.55964960107294
26986	6136	1.55670989461762
10926	81689	1.55532259895729
5199	5265	1.55201331389522
342371	49854	1.54609904929848
100287932	57708	1.54583010579556
6141	6160	1.54567204391516
6161	6175	1.54466488093121
1230	2219	1.54449964802681
10075	6135	1.54354148125637
163859	5597	1.54312981481377
1994	84661	1.54060628886481
3002	8530	1.53875426369197
7544	9086	1.53818259618477
65986	80311	1.53028471647508
4005	6279	1.52891347415758
55771	90338	1.52610756144869
6279	7940	1.52339518458608
2207	6934	1.52115765284737
6141	6158	1.52047778347011
199	4257	1.51722567173718
1839	5329	1.51638102935808
7544	8287	1.51562482722978
1462	7940	1.51522312729249
6159	6191	1.51329087379975
6167	6175	1.51278117119185
6133	6159	1.5086617774331
119504	5635	1.5083466993965
6136	6155	1.50748857284735
2219	50486	1.50725644924947
6160	6229	1.50649180379559
567	6122	1.50570394308642
6280	948	1.49842011540764
6147	6175	1.49806634992326
3105	7178	1.49648385063558
6155	6159	1.4941852988131
6217	6229	1.49283190030243
6168	9045	1.4928311027697
3105	6191	1.4917385463805
50486	64581	1.48592843144259
26986	6193	1.48456822267627
29997	6232	1.48281310741024
7056	728	1.48209166481071
10116	5515	1.48097471800613
6169	6175	1.47077360179801
1105	25820	1.46976776798557
1915	6142	1.46935550590777
1994	93129	1.462318171483
7940	948	1.46145084010956
2357	728	1.45516000731573
3958	6283	1.45443141532172
22850	55854	1.45306623870706
22919	81689	1.45305362546444
1475	2769	1.45268799187816
29992	6280	1.45034314261255
6152	6194	1.44719733611506
5861	64645	1.44681382321242
5196	8436	1.44513853733027
29997	6206	1.44484865793778
50640	55854	1.44303234141322
1915	3105	1.43712620595692
4818	8530	1.43552001270386
7178	9045	1.43366967946828
64645	9218	1.43280697136192
84064	8574	1.43073148006953
6142	6164	1.43005540751812
567	6206	1.42983282493955
6138	6160	1.42874087991329
6135	6168	1.42657864131943
6159	6222	1.42603992336139
64581	87	1.41549510917655
10926	64376	1.41536265290737
123720	342371	1.41298392238226
133746	9589	1.41020613527355
2207	87	1.41012912491701
6234	9045	1.40993665018423
29997	7178	1.40850143794388
10926	49854	1.40610061137521
6135	6142	1.40575868948457
29992	9935	1.40387085572986
3107	567	1.40371472007292
2999	6352	1.39975858035592
11224	6156	1.39503609316809
1441	22918	1.39184543802669
51444	6009	1.3888392673188
2769	5329	1.38840251216178
6222	6229	1.3873013445001
5265	728	1.38682356723957
7940	9935	1.38627512288268
4736	6138	1.38177411626402
1105	8731	1.38081558156576
6167	7314	1.37919219105432
123720	84124	1.37724596737717
22850	51729	1.37689977081533
6133	6136	1.37662344170486
6138	9045	1.37566205881482
2107	57062	1.37537980083242
6235	972	1.37408989013759
6133	7311	1.37263427378433
4818	6352	1.36905744432296
146722	2207	1.3670256615091
199	3398	1.36005928583395
114548	1230	1.35909260135858
1441	5329	1.35859404159052
1781	93129	1.35832311381765
114548	2769	1.35785079240232
6175	6176	1.3555671698464
6141	6193	1.35252787892117
6170	6227	1.34839711825197
6136	6234	1.34799723067202
55379	662	1.34482521775266
6188	9045	1.3447874465177
29997	6155	1.34117185224917
7305	9935	1.33771198884821
10926	57062	1.33762522223422
8843	9935	1.33690929096676
6159	6176	1.33625775694536
1462	146722	1.33615828213167
6159	6235	1.33560424917942
1052	929	1.33415138210237
3398	6659	1.33268219114995
6036	948	1.32959655757283
1839	6446	1.32857171622245
6135	6187	1.32840181304897
6142	6210	1.32763625467528
2959	84124	1.32593338593302
3313	55802	1.32494958942331
64581	929	1.32171355997572
22918	6283	1.32165281288585
10075	7314	1.32142264894951
1471	8870	1.32004916244542
7178	7314	1.31876907275323
29992	8870	1.31754851880521
79966	8434	1.31596214906545
123720	6018	1.31580634344043
1915	6229	1.31228728769237
64645	84749	1.31167947346833
7056	7057	1.3097035818633
253943	64645	1.30970306421394
6129	6229	1.30941913009148
10438	8813	1.30494445164195
11027	1471	1.30467799802208
6235	7311	1.30402109233905
22931	55854	1.30121780222422
6135	6175	1.2982097307914
1230	3553	1.29733797738291
2219	3958	1.29551584615695
10440	148423	1.2948689129626
1475	3576	1.29444478532581
6159	6161	1.29352814802143
22848	55824	1.29248670770048
6146	6222	1.28775132560995
3398	9935	1.28765589679353
3958	7305	1.28649527948344
55854	9218	1.28580367490499
10671	25983	1.28094342202668
4257	6036	1.28072369482991
57129	83608	1.28015053111033
29997	6210	1.27693015875707
6136	6235	1.27321433752546
6122	6175	1.27141108237976
5515	662	1.27110286230321
6193	6235	1.2702296219436
6194	972	1.26917282813081
85027	9935	1.26752657652451
6138	6155	1.26397851039716
3107	7178	1.26310174655038
6155	6229	1.26053734586062
3105	6208	1.26005553105845
3105	972	1.25774455108366
6283	7305	1.25635174650174
10926	22850	1.25499248021736
2357	4257	1.25394161310691
6175	6235	1.25284209360813
6171	9045	1.24925773648835
6234	7314	1.24832620329826
50486	6280	1.24783696083058
22850	8731	1.2477521018678
6159	6227	1.24762687624333
4069	929	1.24747358140756
3958	4257	1.24682239754308
26994	51187	1.24542943006516
2197	6205	1.24368169901817
29992	6659	1.2434435351386
1462	317649	1.24196990438858
199	2357	1.24063768373437
1052	29992	1.2342535981494
87	948	1.23397143402674
4005	64581	1.22896313740592
22918	7305	1.22856519233915
7019	84844	1.22793660722958
6135	6228	1.22661832789859
146722	7940	1.22386456746743
26986	6210	1.22335934458384
55854	81689	1.22182606311161
6156	6193	1.21876618718559
6133	7314	1.21665462751986
84064	84681	1.21584489506158
6159	6208	1.21460608067101
146722	4257	1.21259675031493
5265	7127	1.2125034392264
6159	6175	1.21218067858498
6280	7305	1.21166415393688
4666	6129	1.21147371153014
2197	6161	1.21133288048376
199	22918	1.21070219422177
6176	9045	1.20931750758021
1892	84064	1.20584121417424
2959	662	1.20478855987198
1475	1675	1.20461833309811
1441	54504	1.20351689010827
50486	85027	1.20170121238948
1462	87	1.20149477994655
123720	49854	1.20125804588981
3958	9935	1.20008678673548
6122	6170	1.19803459396087
26986	6164	1.19689143133741
2357	6280	1.19615740783029
6228	7314	1.19540858031251
1052	116362	1.19515895827572
3398	58480	1.19478911891495
6194	6229	1.19201201453637
1471	5199	1.19050924875112
2776	3490	1.18899182549985
1441	929	1.18462851855406
1471	9332	1.18462565947244
3702	64919	1.18301173643232
5143	90338	1.18249216314794
29997	6136	1.18233818520878
5597	9318	1.18193101239093
5691	9551	1.17560178905192
199	5329	1.17518063235993
10951	1994	1.17502106259621
1052	2776	1.17407639027084
6146	6161	1.17260017851652
4666	9045	1.17233954055395
1475	728	1.17177617315933
11171	22919	1.17173541959947
146722	64581	1.17144258665394
1052	4069	1.1699865775334
51444	8731	1.16957474938551
6193	6205	1.16945405666009
10261	2219	1.1662740325133
6009	81689	1.16610543833679
81689	9188	1.16580181555445
168544	4257	1.16349282675056
115207	1462	1.16344140977341
22850	93487	1.16146774479321
26986	6232	1.16088837368759
199	6446	1.15932586575137
29992	5329	1.15522665133853
5473	8436	1.1538923217885
6191	9045	1.1520928658325
7019	83640	1.14964876707908
2776	4005	1.14833042440183
10926	133746	1.14795685257174
1475	4257	1.14577065090383
84661	93129	1.14459316326258
114548	728	1.14406439457276
22931	9337	1.14071639153931
22850	9774	1.13976402555706
22918	3958	1.13919985531895
3422	9929	1.13839241242199
51248	84661	1.1369867964276
168544	7940	1.13547780014161
29992	87	1.13358865114414
11171	2107	1.13328549313735
27249	6921	1.13223857803775
49854	55361	1.13032293718147
11224	6222	1.12916262358916
22918	2769	1.12828591752792
6728	85403	1.12820717096654
2776	28232	1.12622992647842
10075	3105	1.12548728919912
5329	85027	1.12544485355821
123720	64645	1.1210405673766
3105	6171	1.11746694942968
1052	2114	1.1169101096797
5597	64645	1.11628889972577
6136	6204	1.113877442071
1725	29086	1.11361732843312
2219	3576	1.11328842750284
55854	5861	1.11291372286235
1471	1675	1.11250105530577
3576	6283	1.11064172036918
10926	9188	1.10654980603586
1441	9935	1.10652980753662
6232	7314	1.10477223002362
342371	84124	1.10412003446771
2959	5597	1.10028769758325
6187	9045	1.09983822066623
6283	728	1.09974593631615
2219	87	1.09898541713599
29997	6135	1.09894087820082
6171	7314	1.09815628716287
3176	4257	1.09749702549358
2207	728	1.09619439118923
51441	84844	1.09308540067269
1839	948	1.09292234989784
6122	6193	1.09276116455211
6175	6206	1.09194248661908
55361	64645	1.09085775046396
25978	57129	1.09074132308401
1475	6446	1.08897016616815
114548	7056	1.08872057453177
1051	199	1.08838295863789
1462	4069	1.08707498581808
80219	9318	1.08656768437914
22848	408	1.08579047253265
50486	6283	1.08558675560986
205717	6670	1.08079306409539
3398	7305	1.08073936525106
2219	2769	1.07974576572693
115106	51501	1.07967216529704
3398	50486	1.07875325529687
64581	7378	1.07798461483407
100287932	5537	1.07788455815683
6152	6223	1.07770095257304
10951	84661	1.07740811532611
1545	64581	1.07401903542216
5329	6280	1.07354951641162
6206	7311	1.07300462213066
54504	7940	1.07136167039277
6128	6159	1.07037442911709
11224	6161	1.07036862372422
4716	84681	1.06970924262551
6934	7940	1.06951077666663
55854	93487	1.0683779735624
54504	948	1.06831537160713
6156	7314	1.06776372633115
51526	55361	1.06751245322226
3398	4257	1.0672783116942
1441	7940	1.06702920927806
6135	6210	1.06639789609915
1471	2769	1.06540496655411
6632	6728	1.0647447484344
29058	84064	1.06459919353339
4736	6229	1.06207370751031
4900	81027	1.06013017690219
5660	7086	1.05928514077107
342371	55361	1.05800790057881
3105	6176	1.05732786199405
11171	51729	1.05646106997558
10890	55737	1.05426521593097
1471	7056	1.05390209976051
4005	6934	1.05352842847906
1389	5147	1.05307046030118
6175	6208	1.05259738581795
27249	57129	1.05154338873025
253943	79568	1.05140921015935
116362	2219	1.05077926185074
54504	64581	1.05077339704041
93627	9896	1.05046354166957
253943	80219	1.04907984346513
1471	3398	1.04637474641316
5515	55361	1.04550108081465
7404	9086	1.04531885534092
1230	3576	1.04319239539986
5597	80219	1.04245430125743
4493	4502	1.04160115724603
49854	93487	1.0402365593251
10574	10856	1.03578841549549
163859	5515	1.03562260175437
100287932	6728	1.0344883155433
29997	6175	1.03218078417677
2776	4257	1.03052789866862
49854	64645	1.03021099491879
84124	84285	1.02941586655948
51501	93129	1.02897067718015
6128	6191	1.02851460604203
9218	9529	1.02586320983576
55854	6009	1.02530793134574
2357	929	1.02502265501489
6279	948	1.02464584548101
58480	728	1.0210789793549
2219	3398	1.01894222198517
199	2776	1.01518650820345
1389	84064	1.01503368304862
123720	27107	1.01289296741268
64581	7057	1.01256261794492
50640	9689	1.00927632761172
6135	6232	1.00919741070309
22850	9589	1.00886986361789
146722	1475	1.00805203500073
1475	5199	1.00301555031182
317649	3398	1.00165403454804
2533	7074	1.00086104083225
51187	7323	1.00025304943194
6193	6206	1.0001736073221
