4939	4940	3.29390630262426
10561	10964	3.29387555352688
6147	7178	3.29361735647386
4940	91543	3.29141580687939
6168	7178	3.2895783870546
10561	4940	3.28908884405165
6147	6168	3.28865967384172
10561	4599	3.28762966431933
10561	6614	3.28674299776829
567	6232	3.28554257241017
6168	6279	3.28513329342254
567	7178	3.28458457725388
567	6279	3.28433024157222
11274	4599	3.28384738605214
6232	7178	3.2832541355897
6139	6160	3.28286319214377
10561	4939	3.28285768305892
3437	91543	3.28241219086738
3106	7316	3.28233140257034
10561	3437	3.28093305603055
10561	91543	3.28092631670911
2512	6168	3.28092039479904
6168	6171	3.28077434387132
6192	8653	3.28068819343313
6157	6171	3.28050837878877
2512	6147	3.28049824994467
2512	3105	3.27931555034339
6206	6208	3.27793751849213
10964	4599	3.277904235697
10075	6168	3.27785436030582
8519	8638	3.27778034635465
6279	7178	3.27739180438793
2512	6279	3.27644034288901
4599	4940	3.27572008658529
1915	6210	3.27535880903659
4940	6614	3.27509415864068
6229	7178	3.27491983657919
10437	6168	3.27470598787422
3437	6614	3.27469877741126
10075	6147	3.27444745244914
8519	9636	3.27380717127446
4939	91543	3.27309556726606
10075	7178	3.27292898799088
23521	6139	3.27284150933579
2512	7178	3.27277548115692
6161	6222	3.27276369314851
10561	11274	3.2719099424701
6147	6171	3.27035637852954
6171	6228	3.27026734335745
4599	6614	3.26972387923244
60	6168	3.26941065235366
4938	51191	3.26872777956858
6160	6228	3.26867299427956
6279	6280	3.26861335814521
6157	6206	3.26791844823445
60	6279	3.26777448011633
6161	6209	3.26758878962668
6147	6161	3.26705137494946
6232	6279	3.26690778458747
6614	91543	3.26634823833725
6147	6229	3.26596510083786
6160	6171	3.26546219600156
6156	6206	3.26538587897442
23521	6206	3.26531594795575
6280	7316	3.26511036705529
10075	6279	3.26478878680991
6157	6167	3.26463954365165
567	6168	3.26367245338179
6168	6232	3.26307143596511
6171	6279	3.2628100018667
4938	91543	3.26085040892098
10075	6171	3.26057592786621
6161	6206	3.26027284910859
10561	51191	3.26023749818418
6170	6279	3.25976275613897
6139	6218	3.25957044042143
3434	3437	3.2581492079248
23521	6218	3.25808886949625
4940	51191	3.25688224843181
51191	91543	3.25653238859193
6171	6207	3.25609727897203
2512	6171	3.25594330459421
10964	4940	3.25553732428941
3106	6280	3.25540102948925
11274	6614	3.25515718128962
23521	6209	3.25414337275155
6228	7314	3.25402270515198
3106	3107	3.25341356056486
6171	6206	3.25329209994924
6207	6228	3.25325151260106
6157	6160	3.25280253171701
3437	4940	3.25277457830557
10964	4938	3.25084625338502
2512	6222	3.25082609792255
2512	60	3.25037777214304
27348	9636	3.2499854493262
6187	6206	3.24976540438066
10437	60	3.24933971821855
3105	6147	3.24837148259895
2512	6280	3.24810069596533
10964	3434	3.24798376253301
6158	9168	3.24784586229819
10561	3434	3.24776177965498
6171	7178	3.24675013055763
6229	6232	3.24648956062971
6139	6207	3.24616216989325
2512	3107	3.24582859880284
51191	55601	3.24495578813482
6147	6232	3.24490406981023
10964	91543	3.24388683605349
6157	6208	3.24355644503555
6187	6208	3.2430656439598
60	7178	3.24304608797547
6614	8638	3.24301243957731
6171	7314	3.24257680786797
3107	60	3.24257142632303
10437	2512	3.24246429895203
10410	9636	3.24179149053053
6139	6171	3.24124100181257
10075	2512	3.24015269044002
3431	9636	3.23987474056104
1915	7178	3.23983005260784
10561	4938	3.23827245036615
6157	6228	3.23808919766995
8638	91543	3.23795532775577
6139	6228	3.2378047647283
10964	11274	3.23686734977266
6139	6157	3.23615372133494
6156	6171	3.2361180538961
6161	6171	3.23598679275028
6147	6222	3.23552338436864
6160	6207	3.23549403653541
254102	81926	3.23490266337512
2512	567	3.2347181494727
4061	4599	3.23468274076111
10561	9636	3.23432990283541
10964	6614	3.23419746732668
3105	6279	3.23331408451221
1072	2512	3.23301715479124
10561	4061	3.23294300051967
6147	6279	3.23263854444726
1915	6147	3.23257979355626
6189	6218	3.23245820215015
4599	51191	3.23232470391599
10964	51191	3.23205708637594
51191	8519	3.23184100859491
3106	60	3.2312043357099
23521	6161	3.23082595886289
51191	9636	3.23053238223497
4939	6614	3.23052280588639
6160	6161	3.23044167890413
10964	3437	3.22972265482303
11274	51191	3.22964405787955
3437	51191	3.22940911984392
10437	7431	3.22893086279584
6209	6222	3.22890452228288
2512	6229	3.22848510198167
3434	91543	3.22817436604516
6206	6209	3.22798028058442
1915	6171	3.2271668416151
6191	6218	3.22660012272206
6157	6205	3.22653453440868
6139	6189	3.22625186605917
6156	6161	3.22623205584103
4940	8638	3.22438045595891
11274	4940	3.22437740786502
6147	6209	3.22429732604101
23521	6160	3.22385763933124
26010	6614	3.22283949753006
6189	6206	3.22240783718354
6171	6232	3.22194527393895
1072	6171	3.22157308273375
51191	6614	3.2204812228283
28959	55365	3.22031395134869
27348	3431	3.22028484879706
3431	51191	3.22006516867871
3105	7178	3.21989269373987
3434	51191	3.21984815697608
4666	6157	3.21964349990991
6210	6229	3.21950888587662
2512	3106	3.21909105312234
6171	6210	3.21855042185429
60	6280	3.21754716401158
4938	9636	3.21646292852316
10410	8519	3.2163924087158
3105	6168	3.21542387961508
3698	50835	3.21540528632449
2219	60	3.21537408262151
6158	6167	3.21515464277297
3434	4940	3.21497183820852
10437	6279	3.21464965435376
6157	6210	3.21454519554404
6160	6209	3.21437704274661
10561	8638	3.21378496482685
10075	6229	3.21321253888835
3431	8519	3.21320303960155
6139	6206	3.21236605444386
10075	6232	3.21171818897823
2512	6232	3.20836770824572
26010	91543	3.2083422048129
26010	3437	3.20815343933048
3665	4599	3.20809655507175
10075	6139	3.20741819433938
4061	4939	3.20634613986361
2219	3107	3.20519864930517
1915	6229	3.20510367531689
6280	9168	3.20508021819568
6187	6189	3.20488782094055
26010	4940	3.2048697772365
6161	6218	3.20463512057919
199	6147	3.2044465342782
6152	6208	3.20329437073733
3105	6171	3.20292785779663
1915	6189	3.2025759619786
6189	6210	3.201700198516
10964	4939	3.20164402460205
6168	6229	3.20102611982686
6171	6209	3.20085426793657
2219	2512	3.20055927383632
103	55008	3.2005293249548
51191	55008	3.20002931426186
6158	6279	3.19921881364342
6136	6160	3.19900928414431
6139	6187	3.19849404554338
6208	7311	3.19714465236644
10075	10437	3.19706784530325
6136	6139	3.19669351580383
567	6147	3.1962117876655
6167	6171	3.19600705750615
3665	51191	3.1918943562249
10437	7178	3.1906101192011
3434	64108	3.19026317417999
10410	3431	3.19007643172963
3665	9636	3.19001180608256
10561	3665	3.18802820565879
6136	6152	3.1880018423633
1072	6280	3.18752119914212
6157	6158	3.1874727393388
103	8519	3.18668443543126
1915	6143	3.18645302708885
6147	6210	3.18612290084979
4600	6614	3.18588795473973
199	7178	3.18546291973867
6161	6208	3.18148947559834
6222	7178	3.18133794104193
4061	9636	3.18093230232802
11274	4061	3.18019851753267
6168	6222	3.17977556985263
10075	805	3.17931145809688
567	6170	3.17923126475837
2512	7316	3.17889951291891
4599	91543	3.17880214580773
3434	4938	3.17837092213406
4940	9636	3.17759658391469
6158	6280	3.17742556298749
23521	6208	3.17742297597256
6156	6157	3.17456996403138
3665	8519	3.17452285556895
51191	51510	3.1743647451709
4061	4940	3.17347689018701
10075	1072	3.17320110590361
10561	8519	3.17291774136098
26010	51191	3.17261274069347
23521	6187	3.17234918345477
6139	6161	3.17167148206836
6171	6222	3.17074126950249
4599	4939	3.17066165505161
4599	9636	3.17060574511842
6157	6189	3.17030270601532
10075	3105	3.17007660685907
10075	7431	3.17002217156973
6168	6207	3.16951357291356
3106	6279	3.16922645786093
10075	60	3.16878014434255
3665	6614	3.16860797279117
1072	6168	3.1683518717051
1072	7316	3.16788961602333
23521	6207	3.16719732153872
1072	6279	3.16654421088087
1072	3105	3.16648594276314
6156	6209	3.16585617280549
51191	8638	3.16515594522601
6210	7178	3.16485819159578
3437	4938	3.1640193635936
10437	2219	3.16395961327271
6160	6187	3.16348288707577
4599	8638	3.16233718398733
6157	6207	3.16149098847787
8638	9636	3.16135314728136
3107	7316	3.16122406457533
6160	6218	3.16118845474911
3106	6171	3.16035137401807
6160	7314	3.15980005276824
3437	4939	3.15927998558925
60	6147	3.15907119319371
6156	6160	3.15804820317257
4938	4940	3.15726440743947
10964	55601	3.1572442536545
23521	6222	3.15631830584221
6139	6209	3.15543509122206
8519	91543	3.15432270408614
2512	6209	3.15406969648901
10075	199	3.15351210857397
103	51191	3.15325436066404
4939	8638	3.15317227464431
6160	6206	3.15273736181887
10346	10561	3.15247271133326
11274	4939	3.15207070590043
10561	27348	3.15019338178814
10075	6222	3.14885548814856
10410	10581	3.14813600144823
1915	2512	3.14743836123536
10075	6207	3.1459619270464
54809	55601	3.14584419142139
6206	6218	3.14518161761101
6157	6161	3.14511077802524
6168	6209	3.14506926034497
6161	7178	3.14484426506791
10964	9636	3.14471259805194
6161	6168	3.14466680369329
4940	8519	3.14419189797977
6139	6147	3.14335976546151
3665	4940	3.14282450437214
10346	6772	3.14237998869295
397	4946	3.14186072749386
6168	7314	3.14176206660307
199	6232	3.14100371073132
2219	6168	3.14054996781366
6207	6218	3.13983078676372
567	60	3.13753942821216
6171	6189	3.13649889817613
26010	8820	3.13611940350783
567	6171	3.13477165999979
56	771	3.13469048151885
6614	8519	3.13444260862113
6147	6206	3.1333959850797
6136	6157	3.13335188874341
3665	4061	3.13067164959
7178	805	3.13025635752377
60	7431	3.1299792148878
6191	6206	3.12872565987583
3959	8638	3.12823996454455
6160	6232	3.12796735144142
6156	6222	3.12764886108619
54877	8519	3.1270333594236
6157	6187	3.12617762002262
4061	6614	3.12494081195683
26010	4600	3.12461662706235
6147	805	3.12439904973479
1915	6191	3.12433770462491
4939	51191	3.12372036308762
103	3431	3.12331232777386
6152	7311	3.12318718299414
6222	7431	3.12249070007412
1915	6144	3.1220736745548
10437	6147	3.12149563186336
6152	6157	3.12130687781414
5552	6170	3.1208383334955
6170	6171	3.1207205210048
1915	6168	3.12070569335473
5178	57119	3.12059905899706
6152	6206	3.11981769211859
6157	6209	3.1190664349347
3105	3107	3.11901320866287
6187	6218	3.11806664275745
10075	1915	3.1180527606171
302	6209	3.1175607041716
397	6280	3.11738180275288
3434	4939	3.11700048356951
6171	6280	3.11635770788158
6147	6156	3.11553669974583
3665	91543	3.11496617724048
6170	6232	3.1146580260855
3107	6168	3.11388084330703
3665	8638	3.11365348603095
55601	9636	3.11345967175977
6160	6168	3.11286351479743
6157	6232	3.11238395987654
10561	6772	3.11210175974334
2512	6161	3.11202965540944
23521	6171	3.10961480121168
10561	26010	3.10903718644979
3434	6772	3.10884276444162
60	6232	3.10645662574962
11274	8638	3.10600660952013
3431	4938	3.10589132276001
6189	6191	3.10530437425509
3434	64135	3.10500888107166
6139	6208	3.10480388802778
6171	7316	3.1044595655883
6167	9168	3.10435723935365
4666	6160	3.10406300109573
2512	7431	3.10392934144878
10561	55601	3.10265676944366
6160	6189	3.10262569368706
64761	91543	3.10253008968239
3431	3665	3.10247696758888
11274	9636	3.10048224911839
6168	7431	3.09970362797087
6171	6229	3.09964153707659
3437	4599	3.09937846784991
6168	6280	3.09865203142209
6205	6280	3.09814086089962
10075	6209	3.09758874655951
23521	6156	3.09705021457789
3430	9636	3.09703647036474
397	5552	3.09681551038163
6158	6171	3.09588055070121
11274	55008	3.09524235199015
4599	55008	3.09506220238886
6206	6222	3.09480944324509
1915	6187	3.09376777748064
6143	6171	3.09353372239405
6144	6229	3.09288075645581
6157	6280	3.09241848333374
6224	6232	3.09140522331648
3959	91543	3.09081365281496
8653	9086	3.09037765541254
51191	8820	3.09013996401534
3959	51191	3.08994154056253
6157	7316	3.08962553266696
3433	3434	3.08641992471173
6143	6210	3.08575412920008
6147	6157	3.08561324327987
3431	51510	3.08555158020878
6143	6207	3.08438355168429
10075	6156	3.08359213963704
3107	7178	3.08317662218717
1915	6157	3.08295608148432
6160	6279	3.08272466084695
23521	6194	3.08248964580657
129025	55507	3.08113161199357
11274	3665	3.08098638105944
11274	91543	3.08075606991735
6147	6160	3.0806671256969
6144	805	3.08041543746932
6170	7314	3.08006753262458
1072	6209	3.07904142537251
6167	6205	3.07853620129557
6206	6207	3.07837536974536
11274	55601	3.07835699708359
3434	4599	3.07752969224279
6136	6187	3.07708085160235
10075	6160	3.07629086496585
2219	3106	3.07615628993645
10561	55008	3.07541716745506
4666	6189	3.07426800942035
6168	6170	3.07318276585374
6143	6147	3.07297441105487
10075	6161	3.0729347433156
6156	6168	3.07263259668558
1072	6147	3.07158513460913
6161	6207	3.07008241859761
3434	55601	3.06957674893462
6229	6279	3.06872225460566
2512	6158	3.06832215473142
6207	7314	3.06807038155716
567	6229	3.06636985962729
1072	7431	3.06619400702121
27348	3665	3.06499629070442
3105	567	3.06494340663885
11167	79969	3.06405915505157
6167	6170	3.06328874156535
91543	9636	3.06260108479
2597	6205	3.0619199922703
6136	6228	3.06188216921283
4599	8519	3.06064134541254
1915	6139	3.06029129882689
199	6229	3.06004618049591
4938	4939	3.05998090797705
199	6168	3.05880586172327
10075	6206	3.05852221878025
103	9636	3.05808064735661
3105	6229	3.05804167491493
6147	6189	3.05568850661679
6158	6160	3.05462368686578
6144	6161	3.05438959969616
4938	6614	3.05436281852602
1915	6206	3.05422173403653
11274	27348	3.05419997894353
11274	8519	3.05190468747282
4938	8519	3.05118930356082
6147	6207	3.0510480084352
6167	6228	3.05060545151656
5660	7316	3.0504772621775
6144	6147	3.05045537952509
11274	3437	3.05001695036079
26010	8519	3.04820451218086
3107	5660	3.0467489557099
26010	8638	3.04580068010151
6210	6232	3.04556294979243
1915	805	3.04540679666795
2219	7431	3.04524571282267
1915	6222	3.04414931979904
10346	4940	3.0432383073743
6156	6207	3.04317528164695
6139	6191	3.04179429603067
10075	6280	3.04057535268915
3106	6168	3.03987537572544
51191	54877	3.03983716110562
4061	8638	3.03972487885536
6232	6280	3.03954287954947
60	6171	3.03930542008377
6189	6228	3.03851989416385
1915	6161	3.03746639333936
4939	6772	3.03657046954876
6136	6206	3.0349401276774
10075	6189	3.03402297435825
6206	6228	3.03224618106767
3105	3106	3.03200732404122
6157	7311	3.03133458171416
6192	9086	3.03128581129853
2219	3105	3.03112923414262
10964	4061	3.02981059363327
23521	6157	3.0294067040913
6160	6235	3.02906676643094
4940	6772	3.02727275191167
11274	26010	3.02708532375531
6158	6209	3.02669616279706
3959	8519	3.02665459406734
6157	6168	3.02629078733947
4666	6139	3.02620938626688
199	7314	3.0256339273444
6170	6235	3.02438675428995
1535	9349	3.0232078935326
2512	6210	3.02235109515068
6139	6210	3.02205808132339
27348	51191	3.02180422478313
4600	4940	3.02180145189805
6146	689	3.02145272874133
10075	567	3.02121398750454
10964	6772	3.02049836207631
10437	6222	3.02027464484691
2597	6280	3.02025535127096
4666	6171	3.01994464310661
10964	27348	3.01966620992464
10346	3434	3.01963561555345
6187	6191	3.01830855413458
6171	6208	3.01829023434034
2512	805	3.01820348024821
4939	9636	3.01762286846098
6157	7178	3.01730066710558
51191	6772	3.01720671593085
4599	55601	3.01626509216934
4666	6201	3.01458312701077
6280	7431	3.0145241513482
3106	6157	3.01278345688047
6209	7178	3.012714580865
6139	6144	3.01230792425903
10346	10964	3.01225684033127
51191	54809	3.01183184674507
10075	7314	3.01179831721507
4600	91543	3.01150722089269
1915	6207	3.01045920298529
2597	397	3.010042285318
103	27348	3.00970402013748
51001	81627	3.00957847161071
6160	6222	3.00922037873583
6168	6228	3.0079693319999
26010	54877	3.00730898606092
1072	9168	3.00720241285284
3698	65055	3.00647754813998
6210	6228	3.00551573026829
4666	6206	3.0054061082802
1196	8195	3.00501017641917
6279	7316	3.00471094471888
6160	7178	3.00343583124766
6228	6232	3.00230787533866
4666	6207	3.00198679033143
5521	57119	3.00114025759306
4600	8519	3.00082665571623
6157	6279	2.99748598715578
6209	6229	2.99682750155477
6139	6156	2.99670163414552
26010	4939	2.99555477860556
6191	6228	2.99521257350532
6156	7178	2.99515595122242
10437	3105	2.99481443649791
2219	6222	2.99343016038198
24138	3434	2.99257134390764
27348	4940	2.99252749043897
10075	23521	2.99226199457342
83759	9183	2.99174179101097
6158	6170	2.98969802822272
6171	805	2.98882180827848
3106	5660	2.98817809117809
55008	6614	2.98811364303833
2066	65055	2.98760092384499
60	7316	2.98701604883964
10437	567	2.98591773673193
10346	55601	2.98472178711771
6156	6158	2.98339402334809
26010	55008	2.98306240322156
6158	6232	2.98297452577848
6224	6235	2.98123973717564
6279	9168	2.98029030164435
23521	6191	2.97997450776937
3431	91543	2.97935996535229
5552	6280	2.97912998800778
6156	6201	2.97844397040743
51510	55601	2.97703047600754
6170	6224	2.975868262326
6144	6187	2.9757297260751
4600	51191	2.97567686528055
4946	6205	2.97555370259459
3106	4946	2.97499148700732
10437	1072	2.97359276790756
10381	10383	2.9731718867584
6772	8454	2.97304570400659
199	6209	2.97281104058132
6161	6187	2.97269271816546
157567	23012	2.97165216674333
23521	6189	2.9714441181092
6161	6232	2.97104189347076
6152	6173	2.97091153490353
6144	6191	2.97060887477744
357	6775	2.96906701624675
6156	7314	2.96890010501502
6187	6207	2.96879227345818
51191	9246	2.96763278216843
4940	54809	2.9672359329948
4599	4938	2.96711121491753
199	6161	2.96676326777013
6229	805	2.96370769046783
10075	6228	2.96355860776645
1072	3106	2.96331753792724
1915	3105	2.96329391962631
113251	1434	2.963149111655
3434	54809	2.96222648401389
6167	7316	2.96198127007977
1072	6158	2.96148176722144
6192	8284	2.96100825213376
2219	6171	2.9601162247139
6201	6224	2.96002235736999
24138	3433	2.95916412213766
3430	3665	2.95881290893704
6139	6168	2.95827088192446
6157	6201	2.95818003948368
6159	6217	2.95747446265273
6161	6191	2.95688728622575
10346	91543	2.9568706515181
26010	2766	2.95528220069587
6228	6235	2.95450602478207
6167	6280	2.9528902643788
2512	6157	2.95238803904171
55340	80196	2.9523354872798
6206	6210	2.95150651318025
4666	6235	2.9514072009991
3959	9636	2.95128237462383
6209	6232	2.95044582046487
6161	6228	2.94938382340819
6157	6229	2.94774997155786
6160	6167	2.94682802521963
3429	3959	2.94666105432891
6136	6218	2.94478707348963
199	6171	2.94468189583584
6275	9168	2.9441877749971
54809	6772	2.9433610965852
11276	2960	2.9429675487712
6152	6201	2.94276402220093
6143	6168	2.94174298456385
3105	60	2.94148844648645
10075	6218	2.941224755815
3959	4940	2.94107092715179
103	10561	2.94018182204316
4938	8638	2.9397432204673
6160	6208	2.93930421682198
3106	7431	2.93922063068701
6171	6187	2.93913978174158
199	2512	2.93858379587414
6201	6206	2.93793315265736
1915	6279	2.93725899208305
6772	91543	2.93719945666791
2944	2946	2.93685549547306
10964	3665	2.93662283932589
4666	6156	2.93540746838687
567	6280	2.93500213730476
3105	6280	2.93484520594484
10561	3431	2.93424305828021
2512	6143	2.93382005651675
1915	5660	2.9333647571892
6222	6229	2.93225249842049
27348	8519	2.93205732489329
23521	6228	2.93174079056397
6139	6222	2.93171237151516
6157	6235	2.93150139015598
6158	6205	2.93130005135737
3431	55601	2.93075664141146
5521	56	2.93055435018202
1072	2219	2.93013260685788
3107	6279	2.92999163164711
10346	9636	2.92994437247829
3105	805	2.92796513632112
3107	6147	2.92719362019439
6147	6218	2.92718384149609
27348	55008	2.92692702520702
10075	6157	2.92672809246909
56	5675	2.92661743602841
2960	4033	2.92419599172803
6209	6279	2.9238074881382
4938	55601	2.92356054844822
6208	6217	2.92160867220831
10163	2548	2.92034469275088
6206	7311	2.9189171581719
6164	6170	2.9186158159677
10346	4939	2.91820836839026
3430	4061	2.91798854484501
1072	6222	2.91739693154559
6189	7178	2.91697895072393
3665	4939	2.9169376636498
60	6156	2.91663326492492
6218	6228	2.91612555439101
50834	887	2.91582153220837
6157	6224	2.91551877156647
1915	6228	2.91450142084846
3437	64761	2.91322831625808
3434	6614	2.91307821961098
55188	93594	2.9123123442521
6144	7178	2.91188571570604
6168	805	2.91045552620303
3433	54809	2.90991014019924
6171	9168	2.9095693191649
6280	7178	2.90896987712734
10317	5178	2.90735212049517
10437	6280	2.90730144021983
4939	8519	2.906500564042
26010	4599	2.90585033062171
6136	6161	2.90572343373699
1072	7178	2.90545389980294
51619	7849	2.90510281803427
1915	6232	2.90402753505682
6160	6210	2.90352303873105
6144	6218	2.90173766302301
10437	3107	2.9013113400792
6168	7316	2.90082003365738
6205	9168	2.89965362816889
1843	2353	2.89927639244439
3437	8820	2.8992273095259
3105	7316	2.89887641759962
6156	6208	2.89779470194713
6222	805	2.89740924080524
6279	7431	2.8959184891637
6218	6222	2.89580955770271
6208	6218	2.89568396144906
6170	6280	2.89534897795962
1058	50835	2.89496451921495
6187	6209	2.89444662113652
6157	9168	2.89211221295785
6208	6209	2.89188642812843
27348	55601	2.89076349177311
1072	6167	2.89061185946057
6143	6222	2.89036321925351
10561	64108	2.89028853986069
10382	26152	2.89020282880853
6279	7314	2.89004366430316
6205	7316	2.88997032366931
103	11274	2.88909203527563
54877	91543	2.88885708913614
3433	3437	2.886899092173
11274	3434	2.88512728809326
6136	6223	2.88360010606268
3437	3665	2.88281667984589
6209	7431	2.87936997299442
3508	51619	2.87874900310644
6157	6218	2.87839033099747
103	10410	2.87769783359733
6191	6207	2.87706388705491
6147	7314	2.87663762975546
6170	6228	2.8762589864573
6205	6235	2.87560864264044
6122	6175	2.87523659967485
6139	7178	2.87481341042661
1915	6160	2.87455803393353
6614	9636	2.87436221098274
6275	6280	2.87424248803533
55601	6772	2.87364534281642
1058	3698	2.87315104279244
6191	6208	2.87263578106538
6156	6228	2.86976440300612
6136	6171	2.86880677116038
6209	6218	2.86868793860723
103	55601	2.86867448016306
5514	55188	2.86795094971661
2597	7316	2.86767175750494
4940	55601	2.86699695574547
6136	6209	2.86662992721244
10075	6210	2.86641941516304
1638	7475	2.86482768068588
4666	6205	2.86412103578794
6210	6224	2.86329671892372
27348	4599	2.86255042941769
6161	6189	2.86016584143421
23252	4300	2.85986418068268
3107	6222	2.85744501801318
6187	6210	2.85649989064028
3448	56	2.85597744094063
3665	4600	2.85420892279142
6222	6279	2.85227682332854
6189	6208	2.85125838392707
1638	8671	2.85115372294373
6147	6228	2.85048119705967
6139	6201	2.85031388591071
6168	6206	2.84931100132067
6161	6229	2.84912164267664
10075	4666	2.84879093748778
51001	6877	2.84726273870366
7041	8483	2.84704713771536
5660	6210	2.84666702747555
4924	7791	2.84621964266697
4061	8519	2.84575469560873
6144	6209	2.84525816232749
3106	397	2.84497398248217
3437	8638	2.84393757173729
10410	27348	2.84382659682517
6201	6207	2.84286263013876
54877	8638	2.84137712618369
29999	65055	2.83897433802329
6156	6279	2.83839616655591
3431	3437	2.83553188697572
6206	7178	2.83512027462632
2512	6207	2.83503372925968
5514	65981	2.83454891522381
4946	7316	2.83228996419249
3437	4600	2.83228298613841
10075	6144	2.83225549897258
6152	6191	2.83077763694161
56	887	2.82903237526431
6207	6208	2.82868499988274
6161	805	2.82836693000533
10346	8638	2.82721549031574
10964	8638	2.82610921506787
6171	6218	2.82556882398523
5218	81839	2.82550849760777
6224	7178	2.82524140701601
6228	6279	2.82406584012415
5521	55507	2.82356646258932
6139	6229	2.82295184142894
23521	7311	2.82275199145639
6201	6228	2.82269590422269
6205	7311	2.82269167370175
3107	6280	2.82263787370232
2512	302	2.82185301780125
6279	805	2.8216910094313
1196	3551	2.82102704540235
3106	6158	2.82091804211999
6201	6218	2.81984557429271
6167	6235	2.81960265260007
1915	6218	2.81948502586512
65981	9416	2.81939559565049
3105	6210	2.81921807097429
1072	199	2.81875786403209
6160	6201	2.81780295765255
6201	6208	2.81773114821276
1072	6157	2.81770470461858
6152	6187	2.81765174401115
6139	7314	2.81616089732424
1915	6208	2.81421347541818
6161	7314	2.8120494273991
6139	6143	2.81134950574778
10346	8519	2.80963179554067
6139	6152	2.80931094286983
23521	6147	2.80920265117239
51050	771	2.8086425741314
27348	91543	2.80830594614926
6232	805	2.80818291082978
844	93594	2.80733555829747
1915	4666	2.80668492791208
10964	8519	2.80618414699691
10075	3106	2.80604094854076
4061	55601	2.80463107568627
2219	6279	2.8044180804705
5588	56257	2.80377337683408
6207	6232	2.80308160504127
55008	8519	2.80284791036829
6224	6228	2.80284180312499
3959	4939	2.80191252335435
6189	6207	2.80167216696097
3665	4938	2.80096852953613
3105	6232	2.80053346508541
3959	9246	2.80025299274334
27348	4938	2.79930464191804
6152	6160	2.79788169219413
10075	3107	2.79786819935585
3431	5359	2.79777142631568
6161	6279	2.79427831499841
3106	6207	2.79406163504613
6139	6232	2.79403620206387
6139	9045	2.79306931114691
10346	54809	2.79221481267267
4316	4620	2.79177527243523
1072	6206	2.79170284869563
6170	7178	2.79105031496645
10964	64108	2.78862079677438
6207	6222	2.78814483652201
10069	10848	2.78783176071859
113251	6877	2.78706410567907
6167	6279	2.7867583590545
4666	6152	2.78552555563391
2597	3106	2.78469645372472
1072	6232	2.78465207679288
6206	805	2.78406247739738
5552	7316	2.78267685851567
29974	6775	2.77855873163854
6232	7314	2.77722746714564
2512	6156	2.77622615204362
6208	6210	2.77587910620674
199	6156	2.76998850710553
3437	9636	2.76998126784252
6168	6210	2.76947640573795
23521	6134	2.76871456158155
29974	357	2.76800762081496
60	6229	2.76521580790792
27348	4939	2.76517794512941
24138	3437	2.76156611056113
3508	9047	2.76142090233632
60	6222	2.7613467081417
567	6158	2.76096257284968
1785	80305	2.76027282325306
55008	91543	2.76008303531813
4061	51191	2.75929142617596
3433	64108	2.75840087046829
6161	6223	2.75807656681221
6205	6224	2.75806131530744
6224	6279	2.75787488914064
6171	6191	2.75724121510494
51548	6794	2.75620433388692
6152	6228	2.75428018420361
57115	7849	2.75356339227947
10346	4599	2.75284405106948
54518	6688	2.75241782557866
199	6222	2.75148353757553
6158	6168	2.74949255975377
4940	9246	2.74879876936962
6144	6210	2.74814437534494
5859	8761	2.74743128398914
6167	7314	2.7457593197783
3437	6772	2.74561328679309
10346	51191	2.74451531354054
6136	6191	2.74213384235268
64066	9905	2.74112662845029
6176	9045	2.74100949528094
23521	6136	2.7406745647516
6143	6161	2.74029016183507
10346	11274	2.73977255128986
6147	6280	2.73855761842684
51603	6877	2.73760696944011
4938	51510	2.73744755750049
10964	54809	2.73714528394651
3448	6005	2.73688322665688
57119	9699	2.73685304976707
3431	4940	2.73682636593852
3106	9168	2.73496097694471
6208	6222	2.73272019369422
6189	6229	2.73226922585822
2512	6160	2.73118665579732
6207	7178	2.72954205465754
2512	6170	2.72890189052157
3107	7431	2.7273347308828
10346	10410	2.72556475388003
6156	6167	2.72531269425142
10346	27348	2.72405115265052
6207	6279	2.72387851773232
4666	6187	2.72381953750863
6144	6206	2.72061997589103
1915	3107	2.71921733429046
6136	6208	2.71894758621234
6157	6222	2.71822377268019
8820	91543	2.71816741383488
22955	80164	2.71803103867424
10075	302	2.71788605829635
10437	6171	2.71773471729
60	6209	2.71634281425074
3448	5270	2.715991144393
6139	6158	2.7159756812521
6228	7178	2.71565065840551
1072	7314	2.71391592434298
6136	6167	2.71298708199297
2115	4916	2.71279183482158
7508	8195	2.71195086672889
103	4600	2.7118716426858
3959	4938	2.71155879358696
51510	54809	2.71133082414598
10075	7316	2.707694281506
1434	6877	2.70762102847526
2219	6147	2.70636870390892
6143	6157	2.70565105143725
397	6205	2.70532176515682
4666	6208	2.70391646820178
1915	6224	2.70335696617942
1434	29923	2.70303458203615
1434	93594	2.70192258343561
6156	6232	2.70119796413247
6152	6217	2.70086734649138
3698	5178	2.69902177413272
6160	6191	2.6975491402448
6152	6218	2.69719218012497
23521	6152	2.69469997507947
6209	6223	2.69440663591875
6124	6146	2.69413697240072
103	6614	2.69237103018556
6147	6158	2.69192972496129
55008	55601	2.69176950875838
6157	6191	2.69077711107925
10317	5521	2.68920962546815
6207	6210	2.68814447657465
4940	55008	2.68743751962445
91543	9246	2.68737030065348
4946	6280	2.68689729154449
1479	9724	2.68570548567492
3437	55008	2.68540448180622
10964	3431	2.68498549436557
4666	6228	2.68372517520666
10964	55008	2.68370050576421
10561	3959	2.68286846105434
1915	567	2.6828608135783
6167	6232	2.68279628447458
6161	6201	2.68275672226793
6136	6189	2.6820238295052
6206	6229	2.67915949396667
27348	6614	2.67753255795201
4600	54877	2.67601695697303
6161	7311	2.67590411200975
3665	55008	2.67513620005072
302	6147	2.67369879339737
10075	6143	2.67320150784167
2785	5521	2.67252763246477
6229	6280	2.67021677303216
199	6279	2.66885171013292
397	7316	2.66743992346337
1196	9416	2.66656869674852
6207	6209	2.66616244759826
5270	5521	2.66584542049899
199	567	2.66556283216099
6136	7314	2.66510022846051
4666	6218	2.66455513724559
1072	6143	2.66220766609761
2960	81627	2.66011364092191
5552	6279	2.65998770333973
4600	8638	2.65949929506001
10346	6614	2.659409843032
55008	9636	2.6593502777055
3107	6171	2.65854546184907
6167	6206	2.65822468070822
6144	6189	2.65752397116132
10586	9423	2.6555718393
6144	6171	2.65315583374406
3433	4940	2.65231056545505
55008	8820	2.65120922396313
6614	8820	2.64985434291654
10346	3437	2.64796878080726
51619	8483	2.6477188406991
10410	10561	2.64641512102323
1874	23062	2.64570902824078
6201	9045	2.64555350965919
1072	6229	2.64511562893587
10075	6158	2.64502057304676
6173	6201	2.64485568432417
6139	6279	2.64418167288948
6772	9246	2.64410647067912
3437	8519	2.64404967968581
3959	8454	2.64402309825058
6158	7316	2.6427936880213
6161	6210	2.64202803343371
6144	6160	2.64165069367526
3508	7849	2.63971903153184
6144	6201	2.63901370645571
6224	6229	2.63870240847326
4620	51050	2.63844418034629
3106	6147	2.63835808030814
10437	6229	2.63556832121495
3434	51510	2.63524870088752
80152	8195	2.63494322123564
2785	57119	2.63334257243706
1915	3106	2.63331720226112
113251	54482	2.63250558589414
6207	6224	2.62963812235621
3576	9592	2.62912506332952
3431	55008	2.6273529974878
199	805	2.62603407752985
4938	6772	2.62598729817359
55745	81627	2.62184855954888
3488	51268	2.62077611195064
3106	6205	2.62019730201962
26010	3665	2.6193636893387
567	6160	2.6184714253668
7025	7031	2.61809273918908
103	4599	2.61779692584408
6143	6229	2.61665684154797
27348	5359	2.61652967459076
6157	7314	2.61497904951122
8820	9636	2.61480774988299
90204	9423	2.61236822907889
1325	6710	2.61200739639806
5610	9636	2.61067743641869
60	6161	2.60881081514792
10964	51510	2.60839622828866
10561	54809	2.6061067640122
6147	6208	2.60600454610824
133	4616	2.60508210263366
199	3105	2.60505176501906
6194	6218	2.60493192251484
6147	6187	2.60443395460572
6171	7431	2.60370282917633
6170	9168	2.60340641508655
6206	7314	2.60229610601504
2219	6280	2.60224141101267
3428	3433	2.6002589722518
6187	805	2.59910400012156
55601	8519	2.59787022948145
56257	7469	2.59635583535505
5359	8519	2.59631897663749
27348	4061	2.59566768237261
11274	51510	2.59556895771103
10075	2219	2.59450274831329
1072	6160	2.59434628111758
4938	64108	2.59402863587292
6191	6201	2.59387527134685
2512	6139	2.59308411941038
10640	6667	2.59287906236689
26013	8360	2.59259718372978
4940	8820	2.59199379237324
4940	54877	2.59189127616686
3433	91543	2.59138229143395
6147	7431	2.58917757199587
23521	6223	2.58531956507982
11274	4938	2.58445609766894
23521	6144	2.58438235185909
3106	6170	2.58415595580933
6167	6210	2.5839910103764
2920	3576	2.58321039821932
8519	8820	2.58308043762021
10437	6232	2.58182883742601
6218	9045	2.581308106765
1196	65981	2.58094899069424
6160	6170	2.58020138114526
6210	6218	2.57946244331144
3430	8519	2.57929099235895
5521	55227	2.57913064229511
1072	60	2.57889574738404
10561	4600	2.57764726307195
6235	9168	2.57683926548024
54739	54809	2.57640324817414
4599	4600	2.57626991921894
6143	6144	2.57536017491102
887	9287	2.57529244786029
5001	5514	2.57474527813014
2633	8454	2.57445200946249
7178	7431	2.57322608893157
60	6207	2.57221329566443
26010	3959	2.56978009899469
54739	8454	2.56960592404096
11274	54809	2.5684965190695
10410	55601	2.56834133376124
6156	6218	2.56729283991024
3106	5552	2.5672630624293
6874	93594	2.56585346452481
4939	64108	2.56558580366828
27348	3437	2.56537229253917
4946	6158	2.56501848132014
10093	1175	2.56438883438341
10561	8820	2.56086241997143
10346	4938	2.56075473236742
6191	6194	2.55868633840335
64761	6614	2.55856892544067
11274	6772	2.55796266628988
3665	55601	2.55746451332276
2512	6206	2.55690118059325
3433	4939	2.55665072362684
10075	6170	2.5562064187574
4061	91543	2.55590760745642
6147	7316	2.55431864905558
8454	9246	2.55381391039142
3959	6772	2.55223115086618
3106	6156	2.55201863666746
397	6279	2.5496347054193
3106	7178	2.54881058571494
5178	5521	2.54815173443279
24138	64135	2.54536594548512
3431	8454	2.54529341485181
4666	6224	2.54514065060753
7178	7316	2.54390489976118
199	6206	2.54342170312188
23166	8517	2.54332909790367
6136	6207	2.54221635747955
1072	6170	2.54153776257397
6210	6222	2.54131226476407
6229	7316	2.53958503643441
4620	7348	2.53919180724322
6222	6232	2.53756006953581
5270	57119	2.53727253887004
1072	6161	2.53607212470361
6160	6224	2.53604493262619
5359	9636	2.53427358839182
4666	6136	2.53287007549818
23521	6168	2.53190671475896
10437	6209	2.53158667389254
6210	6279	2.5294693746638
3508	60676	2.52771069496147
6143	6206	2.52704025060176
6207	6235	2.5239594187501
1209	6305	2.52307835247131
4938	8820	2.52268297655749
2597	4946	2.52155300133724
11077	4620	2.52051863621231
6204	6218	2.5201968470409
3429	8519	2.51946587834779
55601	91543	2.51859292349835
6208	6228	2.51817442815034
5521	887	2.51634957886827
4666	6210	2.51592371487934
6158	7178	2.51562341295705
4946	5552	2.51407905885442
10346	64108	2.51348905653805
11276	51001	2.5133913837621
6160	9168	2.51293935734385
6209	6280	2.51167652642192
6588	7475	2.5115984092561
6143	7178	2.51143741347894
2219	7178	2.5107141861735
29923	57824	2.51057877133469
48	6839	2.51044186201333
6156	6189	2.51028553923241
6156	6223	2.51024836499878
56891	57119	2.51013216651076
10964	3959	2.50987077901884
55163	79760	2.50911604297512
4061	6772	2.50877585251001
6206	6217	2.50867505032913
6136	6144	2.50655565453997
55008	8638	2.50639386836001
2135	55421	2.50583820563176
6210	7316	2.50550850243631
3105	6170	2.50220114740168
254102	80305	2.50207943524841
6152	6189	2.4998252206754
103	3437	2.49956872175171
10640	10672	2.49873751208296
27348	51510	2.49861366716797
65981	9807	2.49756128209101
79875	9718	2.49731726774196
6160	6223	2.49596302076134
6210	805	2.49554713493812
3106	6208	2.49438901495793
55601	6614	2.49432128267093
80304	818	2.49407770452223
6171	6224	2.492530889838
26010	3434	2.49132247877347
6772	9636	2.49017065303521
3431	3959	2.48972102694147
2512	7314	2.48768776905546
3428	54809	2.48055922192695
63894	8195	2.4796814397761
6147	6191	2.47772654285204
60	6157	2.47713192578251
29923	56906	2.47676080476588
93594	9646	2.4758442895229
6156	6187	2.47426395864782
509	6147	2.47379389314112
3636	9170	2.47331627927226
10075	6191	2.47269587250276
6156	7431	2.47094892480016
6222	7314	2.47004437729515
2512	9168	2.46792262209987
10382	8671	2.46778670299937
7316	7431	2.46560414265516
4939	9246	2.4654798591382
6189	9045	2.46480986303486
10410	51191	2.46440394983783
6209	805	2.46326669521331
10069	64066	2.46307145592406
3665	3959	2.4617200062169
6129	6189	2.46084919415665
60	6170	2.46030811375163
29999	50835	2.45760261970332
6143	6218	2.45742477084349
55227	887	2.45735159916997
60	6158	2.45652010240604
1072	805	2.45641330248806
6133	7178	2.45564330776632
6209	7314	2.45528441056955
54809	9246	2.45353522667048
567	6157	2.45346136225049
1915	7316	2.45311332837918
6161	7431	2.45244769331488
3437	64135	2.45235690837138
509	7314	2.45218677090854
6794	9170	2.45141068353209
6143	6189	2.45061878489444
6164	7314	2.44978565274012
1072	6208	2.44816511643034
6143	6187	2.4471231803644
6129	689	2.4466956481892
23521	7314	2.441310701653
6143	6191	2.44109312766534
10437	3106	2.44086591413477
7178	7314	2.44052004425029
6144	6222	2.43908244829603
11274	3431	2.43863110229504
10476	5714	2.43852748512847
23521	9045	2.43843859940314
6143	6208	2.43831684613752
3105	6222	2.43553167042068
302	6279	2.43356099011518
4430	65055	2.43082955101752
26097	65981	2.4306088791297
26152	29923	2.43057797521455
1072	6139	2.43011122523695
4058	79899	2.42928705283465
4356	8555	2.42879280044763
3959	54809	2.42826590762844
10330	27243	2.42801382151266
6160	9045	2.42800403138809
359	79369	2.42685099066335
79751	9722	2.42672321733248
7316	9168	2.42234216808723
4616	57018	2.42094947279261
29999	3698	2.41751048422557
6160	7311	2.4174835268372
5514	9807	2.41580888712559
1520	567	2.41548192886318
4940	64108	2.41512818926512
3437	55601	2.41409151338507
3105	6143	2.41399696748701
3106	6206	2.41267778455751
1479	29923	2.41133875545774
6171	6235	2.41059694057179
3448	887	2.40934722799478
567	6210	2.40917380910769
3434	6373	2.40895085024703
10075	6224	2.40837084809937
6187	6228	2.40716689737072
5521	9287	2.4071416365518
5660	6157	2.40462528829702
3107	567	2.403066845404
27445	7554	2.40216470220307
4939	54809	2.40116364196681
6171	6201	2.39978678762004
4666	6191	2.39956830997878
113251	29923	2.39862554165014
410	4967	2.39752620601353
113251	93594	2.39747932489456
1663	7475	2.39729664065031
7431	805	2.3969672259615
6206	9045	2.39680315584777
1072	6207	2.39632504455598
2219	7316	2.39604933214472
302	6158	2.39601399262339
103	3665	2.39598956379077
3431	8820	2.39580862295515
6228	6229	2.39576845886871
4666	6167	2.39489805077995
2797	57119	2.39450562999428
26010	9636	2.3942882572985
6152	6159	2.39255003543068
6158	6235	2.39163860262581
417	4356	2.39041100150712
6152	6235	2.38937622036703
3437	64108	2.38442949938519
657	9287	2.38179294802879
54809	91543	2.38162431290891
6124	6138	2.38110873674885
6137	6193	2.37920028662317
51032	9180	2.37681757717679
10561	54877	2.37531445249197
6189	6209	2.37402934562553
54809	8454	2.37262181925165
4938	55008	2.37210973226384
6160	6280	2.37054639492114
23309	3635	2.37048992082047
3107	805	2.3700138409963
10075	1475	2.36700775690287
3106	6167	2.36444978578478
2081	9807	2.36327891851317
10410	5359	2.36150647695499
2797	5270	2.36001926502234
29058	51313	2.35783054584408
10346	4061	2.35719718960407
103	8638	2.35718968109069
6209	6228	2.35696368591305
2219	6209	2.3558478612766
146754	55937	2.35468068072305
6157	6170	2.35301513009822
10964	26010	2.35290455674822
1548	8483	2.35230175049386
157567	6877	2.35200409303234
397	6170	2.35155848721555
302	6139	2.3507885918512
1072	3107	2.34988841825133
55421	5588	2.34976614758873
8519	9246	2.3497063657905
567	6228	2.34805120874411
3106	6222	2.34757672229363
10069	93594	2.34629388020317
3698	7348	2.34569974097864
6209	6210	2.34521997484813
5663	5987	2.34479715301477
23503	54778	2.3446725512925
4061	4938	2.34271188869493
65055	7348	2.34265569267451
10038	4163	2.33953344144218
6167	6224	2.33848638660103
4600	55008	2.33784060546533
6155	6224	2.33782661011803
9246	9636	2.336793178706
710	8638	2.33678435834011
10346	51510	2.33569994731916
23133	5521	2.33293262388517
6206	6232	2.33266491722079
10586	23293	2.33235032498819
1762	5521	2.3316224528776
6189	6232	2.33034325592318
1072	6156	2.32527134188196
6168	6189	2.32492672391739
2512	5660	2.32419570656976
56	60385	2.32247849101812
6134	6218	2.3214298762787
397	60	2.31934156606611
23452	2822	2.31928516657606
50835	65055	2.31704184804768
11274	3959	2.31652017206859
6144	6168	2.31575036824218
55146	65010	2.31319296143335
1520	6232	2.31293703612749
6152	9045	2.31198595434002
10346	5359	2.31148062411459
1915	6209	2.31113183637007
1915	60	2.31103029821974
3448	771	2.31025849827652
7299	9389	2.30997590130182
1548	3508	2.3099653402724
54877	6614	2.30831651609853
10964	8820	2.30818626493413
2219	6161	2.30616949215358
5270	56	2.30483453707096
3959	710	2.30479939645926
2785	5270	2.30437265021318
11015	221061	2.30417818371773
10561	51510	2.3016547818325
389177	57198	2.30029403114115
6156	805	2.29999983656649
6143	6209	2.29995171690841
1959	1960	2.29969502634486
397	5265	2.29924460033248
103	4940	2.29368632986731
23014	8195	2.29281163716805
302	7431	2.29252426344274
55322	9147	2.29136037136387
6143	6160	2.29028461527583
6206	6223	2.28856918440387
22796	65109	2.2884977383247
10586	51200	2.28688846027443
1434	55746	2.28650182088501
3959	8820	2.28604819694635
1520	60	2.28561298445929
10228	23012	2.28507737700401
3508	93643	2.28351374351377
29923	9732	2.28190982731057
4940	710	2.281175390164
1072	567	2.28035776769346
4946	6167	2.27862715288385
6143	805	2.27713985749862
10075	6187	2.27706805602003
302	6168	2.27682673083501
4356	79875	2.27505079275089
23521	6201	2.27426639534458
6158	7314	2.27338619884789
1072	23521	2.27278246421203
6187	9045	2.27187806425865
6129	6191	2.26978628376159
1520	6229	2.26836546553621
4107	51050	2.26829668903631
3698	4430	2.26772736395254
10437	199	2.26222099120906
6170	7316	2.26165650102284
51619	81848	2.26148218578912
5270	6005	2.26109784943482
6209	7311	2.26105790965564
51510	9636	2.26067251947665
6139	6235	2.26060149102837
6139	6224	2.25839834862846
26010	3429	2.2571114761378
6164	6228	2.25704729759098
347735	51286	2.25650579018646
23452	5270	2.25647007299166
1072	302	2.25595312197217
6207	7316	2.25524771216789
6133	6168	2.25446273609018
4666	6279	2.25324393175038
3434	55008	2.25232258429967
22847	6588	2.25075251733453
7475	84830	2.24916698606231
10346	26010	2.24892442677061
1196	80152	2.24559058945688
23521	4666	2.2454835749377
11346	6927	2.24441591148735
23369	93594	2.24413086785149
6170	6207	2.24405490506624
23521	6143	2.24333848313786
103	91543	2.24120684502744
51056	9636	2.24118497254592
2066	3698	2.24054244147625
5869	81619	2.23975556172566
6877	81627	2.23458522069598
23293	9423	2.23399792208754
4939	8454	2.23218145005455
3636	89941	2.22870288670804
130	56941	2.2284876992567
567	6224	2.22830727223626
10075	6201	2.22828676965127
8638	9246	2.22735870228613
5660	6143	2.22724927537368
6194	6201	2.22402015978525
2916	7849	2.2231097921094
4666	6161	2.22301775281755
6164	6167	2.22110227747432
6191	6210	2.22062186076955
6139	6176	2.22060612309465
27348	8454	2.21941174120931
3448	55870	2.2190657628153
1535	254102	2.21904382480291
50835	9287	2.21823497714574
6854	7781	2.21796508290026
4599	6772	2.21691046248219
6155	6228	2.21489368825835
3433	51191	2.21480446559025
2916	7041	2.21443246360457
10437	302	2.21390431479425
3107	6229	2.21353655346535
1072	6228	2.21254043504528
6167	6168	2.21244813968942
55163	6927	2.21133245895467
6187	6222	2.2109586780366
199	6160	2.2094446697807
6139	6167	2.20924319255041
6539	6839	2.20640175097143
3431	6614	2.20085316830595
25970	55421	2.20026201674533
23012	29923	2.1990251335429
116	1762	2.1980073801331
5270	771	2.1978246707976
6232	7316	2.19743957260483
3431	4599	2.19724535008851
3431	6772	2.19678869666442
1475	6279	2.19668468327549
103	26010	2.19636973670776
6191	6222	2.19520030961892
10581	9636	2.19352170526523
3959	55601	2.19175425926774
10376	84790	2.1915824107152
3430	8638	2.19070830172988
55746	65981	2.19044892228777
6168	6218	2.19022239853801
10317	57119	2.18708660001893
4356	9047	2.18608600304962
3434	9636	2.18581247545297
6235	7314	2.1856805385908
4940	64761	2.18538162708265
24138	54809	2.18369662961419
4946	6170	2.18040544315565
6122	6138	2.17968132138469
10410	10964	2.17967261796925
55142	90338	2.17922779798205
55601	5610	2.17754592900101
1785	254102	2.1735208231901
9047	9806	2.17301362227905
4107	4620	2.17185833103697
25888	93643	2.17166728555535
2146	9322	2.17138064367771
10581	3431	2.17108638407804
4163	51619	2.17099821860477
55163	79751	2.17048783898715
6155	6191	2.16995199576945
64135	91543	2.16816838955575
27348	8820	2.1677051991199
6139	7311	2.16724835707344
64135	8564	2.16712967899209
3429	8638	2.16707452491721
6160	6229	2.1661578224269
11274	4600	2.16488396095935
2785	4356	2.16414079571576
1915	23521	2.16381676273506
7067	89	2.16380706109069
6136	6158	2.16170227868145
3959	6614	2.16034476117375
6161	6280	2.15987569076214
6218	6223	2.15958206215885
11274	54877	2.15899486809391
6222	6228	2.15830064310674
55507	65055	2.15760295489776
23012	844	2.15734749274906
3431	54809	2.15727514331359
3431	8638	2.15652505495926
5660	6171	2.15577684079499
7314	9168	2.1549719183358
55188	9807	2.15340994424182
567	6222	2.1526867447541
3956	6923	2.15155942626659
10561	3433	2.14856885990622
3437	9246	2.148355219952
23252	357	2.14823384523885
1915	6234	2.14753222849464
10410	3665	2.14752721748274
6223	6633	2.1471641666364
5521	771	2.14715055091743
6164	6201	2.14588310415055
10346	3959	2.14580487860525
113251	157567	2.14540378678233
50835	7348	2.14519756608714
129025	7447	2.14357347212747
23369	9646	2.14107790977226
4946	6279	2.13938650569601
6124	6134	2.13937751550106
6130	6134	2.13909181027773
6218	7178	2.13857861147689
10410	51510	2.1367642400799
3437	51510	2.13414994424144
3431	644	2.1339817835594
6206	7316	2.133971644981
51191	64108	2.13373431646678
10581	5359	2.1303781937671
4600	4939	2.12993732761329
6208	7316	2.12927459550472
23252	862	2.12918134442288
4940	8454	2.12905213351398
3698	4620	2.12876019044683
29923	65109	2.12791667585826
6194	6207	2.12551423127284
10437	805	2.12523444460006
1475	7431	2.12361471481608
26010	27348	2.12148464447108
8454	91543	2.11737270114783
6144	6232	2.11636847805017
55930	6317	2.11341188283522
6189	6201	2.11122494911592
6159	6208	2.10939563550948
2512	6228	2.10858620382918
6137	6217	2.10735105340883
55507	9287	2.1073100759018
6205	6279	2.1065339273779
55163	8425	2.10608359032307
3665	5371	2.10500971185549
103	54877	2.10422079058428
26206	2817	2.10370164453314
4939	710	2.10211874771314
10561	9246	2.10113207927048
3508	6588	2.10057324684242
4924	6813	2.09934515481033
5270	7475	2.09921977086145
57119	79875	2.09871299627584
55319	55832	2.09790685003032
2219	6143	2.0971945543294
6772	8519	2.09646206607447
10410	5610	2.09543978684195
6171	6205	2.09540137796208
6129	6233	2.09537391861458
4666	6158	2.0946148538914
567	6209	2.09429106528762
6136	6201	2.09415553068724
1513	2916	2.09352925746368
6136	6210	2.09239235378643
3665	9246	2.09173165613707
29923	63894	2.09026133596037
6158	6206	2.08967387467403
23521	5478	2.08906001258521
6157	9045	2.08764278611767
4939	55601	2.0864652337869
5338	84818	2.08537351949254
64108	91543	2.08531206600391
1548	51619	2.08454486474064
397	7555	2.08392228697307
397	6158	2.08297234617581
11278	146754	2.08254855474016
3488	5155	2.08133929232276
23586	3434	2.07896143909831
10410	4938	2.07839316246011
26010	4938	2.07834963787141
103	4938	2.07754779947267
11096	8195	2.07738948260259
1072	6210	2.07712941559866
6189	805	2.07681485336663
610	779	2.07391736951063
4076	7402	2.07364140163338
4939	54877	2.07013390072529
51191	8454	2.06864013522405
6167	6208	2.06825998270795
6147	6224	2.06646720336959
7475	8671	2.0660111273494
51510	91543	2.06554864653764
65084	93594	2.06432331454216
27161	357	2.06345629751832
3856	5155	2.0627891488193
6222	6280	2.0620279931334
6187	6201	2.05928646369313
79034	9170	2.05838611389402
4666	7178	2.05821260200423
2916	51619	2.0579552081045
357	84223	2.05493980146701
6144	6224	2.05342940618537
6206	6279	2.05223404165099
6205	6210	2.05190400172492
3105	6158	2.05096914011401
6136	9045	2.05039375492072
199	509	2.05036965695644
26152	27345	2.05035212697232
3434	8638	2.05017480241693
5521	5675	2.04864672227123
2329	3449	2.04823442871343
1663	9287	2.04638328219533
2822	7498	2.04624170018041
6136	6147	2.04581191308711
6191	9045	2.04394329229281
1915	6155	2.0432565029352
567	7314	2.04322238479891
3959	54877	2.03844752578266
6218	7314	2.0366024641173
6688	7040	2.03574051362824
6224	6280	2.03465902980026
509	5478	2.03413404859941
6206	7431	2.03214707572235
4163	51236	2.03107881680575
51619	8995	2.03017989696674
5270	7849	2.02998966590721
6201	6235	2.02943171379813
3431	9246	2.02875243592299
3106	9802	2.02709000094737
6158	6228	2.02604920787369
22847	2334	2.02541943379742
51510	55008	2.0248637799813
51510	8519	2.02442493491327
5478	6218	2.02415586521817
6136	6235	2.02366841029689
6877	93594	2.02359507218263
55601	8638	2.02212014346989
6927	84818	2.02174759857527
302	6222	2.0215688511044
3107	6232	2.01921706060244
4356	57119	2.01916095130365
3437	54877	2.01702596392184
3568	5270	2.01614530205126
4599	54809	2.01464075713719
6160	6205	2.01051586673259
2766	8820	2.0097770032332
5270	54546	2.00973310622747
6191	7178	2.00702814715354
6156	6280	2.00667244253269
1670	64220	2.00657695115732
6493	79819	2.0064666824669
3959	4599	2.00546881816894
7314	805	2.00463077551632
11015	51619	2.00321633138686
6156	6170	2.00319961236403
10346	3431	2.00307603070211
4061	9246	2.0026404765732
60468	887	2.0008466963939
10826	6915	2.00057508685065
567	6161	2.00049245013567
10410	8638	1.99997645215066
6614	6772	1.9986565083581
4924	90379	1.99854145577356
10613	140	1.997880904101
6205	6208	1.9976947629989
1641	9423	1.99761012516822
6152	6167	1.99657894303481
6144	6208	1.99657240191199
10410	4061	1.99625862611939
26010	64761	1.99534758950346
27348	6772	1.99483685656425
2537	9636	1.99351528121045
2949	29923	1.99307014122312
199	60	1.99097983554894
3758	7025	1.98950883306861
64135	6772	1.98919553676278
103	10964	1.98862061272793
1479	9732	1.98743507522783
3437	4061	1.98717981264784
3355	7348	1.9870499534088
1520	2512	1.98703290208348
10069	65981	1.98640391985286
5588	9663	1.98622669625213
10228	23369	1.98608224241036
6223	7314	1.98600099752142
10581	8519	1.98475347377662
3106	6210	1.98396718823284
302	6229	1.98383396083982
6136	6156	1.98272786742249
116	9699	1.98211670065256
6168	6224	1.98058923415558
397	6224	1.97985208566014
2664	8517	1.97904796269581
2512	6167	1.97887653337924
2597	7311	1.97877383958615
22955	5458	1.97833758452457
6160	805	1.97624912520501
55421	56257	1.97595178034811
6207	6280	1.97591027043789
10437	6156	1.97552437214616
6152	6223	1.97512611278246
6167	6207	1.97469835166064
7849	9118	1.97461360637847
64066	887	1.97292527615745
10346	55008	1.97059658140571
10382	887	1.97059231161443
3431	4600	1.9692099156684
5552	567	1.96799884354151
2219	6156	1.96456963737223
3105	7314	1.96335221494548
199	6210	1.9611136014233
6155	6210	1.96074722575331
4430	50835	1.95998774050036
6144	6228	1.95630764643123
4666	7311	1.9558071929649
1196	51603	1.95464680290861
23133	2785	1.95304954916422
51191	5359	1.95209823028842
1520	7178	1.95041882981289
55601	9246	1.94955151793568
60	6206	1.94797050142336
4666	6232	1.94417739302014
10075	6167	1.94331358077131
3106	6143	1.94290977273134
4666	6147	1.94149442256813
2766	6614	1.94008459965619
10437	6161	1.93684786028034
2207	6280	1.93475032720082
6207	7431	1.93254820743854
3437	54809	1.93185153893672
3698	5521	1.93168562144541
65109	79960	1.93164721710787
4356	7849	1.92668778880077
23012	23369	1.92532142915288
3437	3959	1.92381588601814
3508	56257	1.92259034874049
1723	4293	1.92240733734054
6187	7178	1.92160508979724
10051	8487	1.92139552387326
3356	6657	1.92088604082774
23218	254102	1.92062488842951
6595	9807	1.92036635322346
103	9246	1.91865524954617
6194	6208	1.91782612794027
3431	3434	1.91757268781951
5471	6927	1.91674304228573
51200	7475	1.91646441713249
22847	3508	1.91467402224633
4316	771	1.91458696558994
10437	7316	1.912201113537
5610	8519	1.91169796101172
10410	3959	1.91140725620386
7508	9183	1.91133361762782
6228	7311	1.9113107001262
51619	55421	1.91120638746628
26010	3431	1.91034607960523
6167	7178	1.90741714997244
4939	64761	1.90732725767777
10284	3550	1.90634775620703
3428	55601	1.90563113101167
5204	6137	1.90413165788663
54809	64135	1.90290364938477
6280	7311	1.90264988688677
166614	23660	1.90249401227915
6155	6171	1.90234409017759
2327	9783	1.90164159723514
6139	6280	1.89896863209968
23252	51297	1.89782697900593
6139	6194	1.89698358865891
2822	4824	1.89680919198552
114885	55745	1.89557140096562
2219	6207	1.89510094026653
24138	64108	1.89300681243335
6201	7178	1.89297674755555
54877	9636	1.89291042116809
3959	5610	1.89282734043082
6137	6152	1.89272918295306
50835	5521	1.89191126850555
3106	4666	1.89125316800164
10827	65109	1.89123558724748
157567	55319	1.89120134552952
10672	8676	1.88926584033313
3669	9246	1.88883498519956
6275	7305	1.88864227902094
5265	5552	1.88818308054912
6168	6191	1.88782560607011
6156	7316	1.88611822365511
567	7316	1.88580572425407
6143	7316	1.8855435885144
10155	8402	1.88378363685911
10494	60672	1.88290090760152
4666	6209	1.88264306490236
23093	4586	1.88243474368685
7475	9118	1.87904183026008
6143	6228	1.87880938647635
1874	3508	1.87849542236759
6218	6232	1.87697220450753
4946	60	1.87663486234662
23660	81616	1.8752110862937
5521	60385	1.87450427014992
4938	54809	1.87411087491072
6122	6124	1.8737915380119
6158	6229	1.87352074079216
10317	50835	1.87272409325884
6614	710	1.87027225392831
6129	6187	1.86983755903459
2207	6275	1.8669202991274
302	6280	1.86646618904093
6143	7431	1.8663034479513
6133	6229	1.86358038535766
6173	9045	1.86304246030674
103	6772	1.86269692815161
10561	8454	1.86217156412574
397	6167	1.86019561441182
6134	6204	1.86004285190609
6928	7498	1.85951741770888
113251	9252	1.85919081650674
27087	57113	1.85818769726366
11015	5979	1.85756741399256
23521	7431	1.85678578424295
6222	7316	1.8563343090888
11187	55679	1.85560338905732
51510	5359	1.85458602337974
4938	8454	1.85264909483542
6191	6224	1.85182143044418
1369	9699	1.84982903293589
23369	6877	1.84748195891721
199	6144	1.84715877065254
567	6167	1.84672873910369
5270	7088	1.84643225428471
56	57119	1.84496663136985
710	91543	1.84226162599118
10075	6208	1.84153155123639
10410	6772	1.84078173641589
6187	6217	1.83953579977524
1290	56154	1.83902177827011
1209	1785	1.83868216333562
54546	7849	1.83850965689694
24138	4940	1.83764459686623
6191	6229	1.83692166380124
4938	9246	1.83677828039149
4938	54877	1.83472237795662
3849	5588	1.83346887003608
60	805	1.83300067450857
357	4300	1.83053448023283
771	9287	1.82967716861137
6157	805	1.82926534200381
54938	5947	1.82879618590506
56	8555	1.82751882451456
6134	6194	1.82721817461812
50835	5178	1.82676973182585
51200	6588	1.82674424079048
54540	55615	1.826125147882
23607	64135	1.82604734089429
57198	57716	1.82341041940078
4946	7805	1.82027827075918
29923	55746	1.8178359807178
8911	9911	1.81756053026483
10069	23014	1.81682434049768
6194	6206	1.81522733176304
6144	6207	1.81426411595773
6228	9168	1.81303231786387
51191	64135	1.81148465632284
6194	7311	1.81141712479552
55638	6493	1.81131712191248
23521	7178	1.81090884122955
51340	81627	1.809496235214
23503	2960	1.80945467906626
3434	8454	1.80915180143154
10410	4599	1.80765281569875
6210	7314	1.80587296649012
6137	6159	1.80511033275263
5204	6159	1.80506190943305
10169	5411	1.80497784084582
6208	6234	1.80471225018325
6152	6161	1.80350261711134
80310	9322	1.80311960204612
1535	2014	1.80245793433127
9287	9737	1.80233208033571
7849	79875	1.7981323808246
6218	6229	1.79802789960435
6772	8638	1.7972694029854
1915	6156	1.79648320625553
6539	883	1.79557639179337
1196	55746	1.79473959275391
6158	6224	1.79434452034455
10964	5610	1.79370820377444
10060	161291	1.79322017688374
205564	8360	1.79239790417211
6147	6167	1.7918083190114
10051	8899	1.79155954981223
7475	887	1.78905977548648
3434	3665	1.78827324785425
11219	27293	1.78816730184172
23396	7536	1.78773742173972
3105	6161	1.78753669841271
5660	6206	1.78679513675237
55746	57496	1.7864532890726
5359	54739	1.78492364940633
1475	6168	1.7841438839667
3433	6772	1.78232824333306
50835	55507	1.78132774271207
23462	6854	1.78081011313042
11274	8820	1.78063523486691
6614	9246	1.77998657806762
4666	6168	1.77996489266802
93643	9905	1.77977066028876
6156	6164	1.77964899698512
23354	23403	1.77954458579475
51619	57115	1.77868672842596
1475	6280	1.77704657775268
57119	60385	1.77601307690442
51191	64761	1.77398750697246
567	805	1.77313613055723
5552	6158	1.77268726323738
1196	5514	1.77200861054991
3428	51510	1.7705124179472
23086	5270	1.76929657335861
7311	9168	1.76884692834603
6147	6170	1.76736527756443
10075	6136	1.76733219403245
30848	779	1.76680256504387
55163	745	1.76488032184755
6144	6157	1.76245349071813
6139	7431	1.76200601030723
3106	567	1.7614994534673
5660	805	1.76044381399711
6206	6280	1.7604180315316
23521	2512	1.760397909016
4600	9636	1.75991873547661
26097	55746	1.75893155293643
8454	9636	1.75823938773436
23034	64761	1.75767948926905
3849	55421	1.75698750342325
1192	3956	1.7529265706379
6139	805	1.75010821763009
4899	80164	1.74960830517564
4316	51050	1.74957222976004
1785	23218	1.74924418173432
6201	6232	1.74514535181767
23354	51619	1.74476849351753
51510	6772	1.74407485524074
5660	6280	1.74390041241194
6158	6161	1.74384766786456
5660	6229	1.74295824655648
23521	6210	1.74277555125505
7469	93643	1.7426343545361
3431	54877	1.74226032563744
27124	4584	1.74175533011301
23035	50835	1.74166351371731
54566	9718	1.74146667058363
3760	56	1.7397701132627
51268	5270	1.73947654744459
64761	9246	1.73935479121854
6161	6194	1.73918358924099
10437	1475	1.73917185076886
417	57115	1.73845249780401
3107	6210	1.73784666054088
51619	54546	1.73782395879545
4899	9421	1.73772221935376
3106	6209	1.73752667870662
2207	6279	1.73677679445825
10586	6999	1.73649333854641
11092	389177	1.73465382072064
10069	844	1.73465100944504
1874	6539	1.73376515363058
6222	7311	1.73141589148415
55930	8995	1.73047752680461
133	57018	1.73043376650916
7316	805	1.73022872102804
10410	51056	1.72959947974119
103	10346	1.72768755696942
7475	7849	1.72755734850633
6156	6229	1.72614620860546
3106	6161	1.72438269895596
23521	6204	1.7223789765195
6176	6218	1.72163457427787
6160	6194	1.72114931076463
10848	22796	1.72076652387877
6158	6210	1.7203255072841
1663	54546	1.71767702315967
1434	23012	1.71719873847952
55930	8483	1.71624258245365
8638	8820	1.71618773744381
6201	7314	1.71572601463942
6139	6223	1.71431368768461
5178	9718	1.71406677180783
6189	6222	1.71122829959063
1915	6280	1.71096535782692
29923	64066	1.71026977780535
2822	5270	1.70909259278057
4599	8820	1.70902739661652
3106	6275	1.70839126449649
3433	9246	1.70775359403916
6209	9045	1.70773762061212
27348	4600	1.70737642128512
302	6160	1.70726138818654
3433	8454	1.70606548817042
26052	9223	1.70502442819912
55601	8820	1.70384007312459
6280	805	1.70338611239101
29954	57405	1.70301559379747
7469	81616	1.70225339659457
2766	4940	1.70196561937792
29923	57419	1.70130206888916
56936	8626	1.70118275817798
1072	1915	1.70003881228256
55421	6839	1.69870093291975
1638	84830	1.69815739785425
161291	79969	1.69746472328779
6171	7311	1.69725028215784
5675	771	1.69435208202172
567	6386	1.69425662501728
60385	8555	1.69421911269805
4666	6128	1.69269572980054
6168	6201	1.69192381363645
11022	5915	1.68967048328021
11015	7475	1.68890993933844
3105	6209	1.68813672857521
3881	51735	1.68738001449748
57119	79844	1.68727758154877
199	23521	1.68666181014651
4162	9722	1.68587299597316
10410	4940	1.68510409397987
7850	9332	1.68488613545873
10295	23218	1.68441512083283
5782	8763	1.68405089545638
26130	93594	1.68334269674128
4356	6588	1.68259886776447
6147	6201	1.68237878971556
27091	51350	1.68177032851901
196441	22889	1.68110682565854
389177	63932	1.6805508863472
54566	5678	1.67968925778386
3698	4316	1.67931471840061
23645	3726	1.67923430876348
60676	8626	1.67889914035963
1663	8671	1.67882390180751
6136	7311	1.67853751397233
6207	6229	1.67842039461749
3508	6539	1.67576785508084
302	7178	1.67333910715292
3959	64761	1.67155056866512
6134	6138	1.67120342638079
6169	6218	1.66972161734064
23252	6118	1.66915960076157
2766	91543	1.66760537572391
5208	9786	1.66684952842085
3107	6156	1.66625927274276
3106	6160	1.66623825766877
3434	3959	1.66554790484779
5521	79875	1.6650728779655
6228	6280	1.6640834671033
6176	6201	1.66388998622233
4107	9180	1.66316430275732
2512	6144	1.66254584110842
27348	3434	1.6610160952078
22847	5588	1.66077002959685
10586	1641	1.66070870901846
2597	3956	1.66053687623945
64066	844	1.65983143223863
567	6156	1.6597154264566
6222	6223	1.65970205931757
6143	6232	1.65954445861084
51619	56257	1.65884234463183
6281	7431	1.6587824693231
3698	57119	1.65768141415804
6167	6189	1.65557426326926
26097	6595	1.65545674527832
26130	9807	1.65544535190202
417	6588	1.65398916306507
146754	5892	1.65381279061453
27348	3959	1.65371270019878
4938	64761	1.65120432053895
6158	6207	1.65061519896729
23452	56	1.6501669278791
129025	5178	1.64934066913712
1233	22796	1.64905501392672
5947	6775	1.64858387606032
6205	6228	1.64780008238723
6136	6173	1.64674322240485
23173	65981	1.64634830489434
1196	23369	1.64530448650427
60	6160	1.64506470772858
10426	55745	1.64486576169817
3449	6928	1.64444528343573
6228	9045	1.64420671801661
2512	6224	1.64377944999271
3107	6143	1.6428906093349
60385	79875	1.64251612415778
3430	4599	1.64110300875088
6595	7469	1.64085412615006
6176	7178	1.64039032425114
6152	6205	1.63990475207896
11196	8899	1.63978763162498
27348	8638	1.63969611432325
23309	79869	1.63921262321831
6156	6210	1.63859916442594
6191	6234	1.63782034735002
1946	56	1.63713638472081
54809	8638	1.63707712940167
2960	51001	1.63668260866262
199	6157	1.63667995538857
1723	54857	1.63498707236133
3105	7431	1.63438886775552
6143	6279	1.63387248371138
23521	6217	1.63380083506151
4599	5610	1.63173879007137
64223	8525	1.63020847948293
64066	7508	1.62995373377592
1072	1475	1.62980114483259
4940	51510	1.62975353796145
22955	9389	1.62946387697299
10075	509	1.62930856278735
10561	64761	1.62915558606927
10282	55745	1.62832902052881
6275	7311	1.6277438899003
10437	6158	1.6266743481625
51001	55745	1.62539532813951
51619	6588	1.6251700414442
23091	5001	1.62501069390514
6158	6222	1.62476003700064
60526	80036	1.62461216727138
6133	6191	1.62451991877863
8284	8653	1.62376780848244
1915	6129	1.62284616665391
199	6139	1.62201451532942
3428	3434	1.62102386683579
4946	6157	1.6209617035359
129025	3698	1.62056507824638
3105	6157	1.61997124867899
56257	9663	1.61982062589695
2583	9047	1.61904914840115
6207	805	1.61867430599203
65055	79370	1.61833249815525
254102	3276	1.61738201857426
254102	91300	1.61575797672925
2512	6208	1.61495399555023
53841	5731	1.61417372365429
2785	79369	1.61402319780781
4666	6280	1.61151635059177
1548	6513	1.61131999440494
27348	54739	1.60995541922002
567	6207	1.60932452353474
26093	399664	1.60870558806716
29997	6175	1.60830464605619
3431	54739	1.60811966889677
6158	6223	1.60805650337643
6155	7178	1.60727754936784
79368	887	1.60637976603239
6139	9168	1.60472009721126
54809	9636	1.60454658686229
116	22859	1.60115246690296
11274	2766	1.60028566448168
5218	9699	1.60004356559146
6204	6234	1.59969864804992
2583	4300	1.59910200248618
59344	90204	1.59778220296553
4123	79676	1.59736761716024
1874	3886	1.59668223698402
5359	55601	1.59493770135471
57119	771	1.5943128476425
10069	65084	1.59364205191069
64761	8454	1.59247940007557
3430	4938	1.59212252310114
10848	29923	1.59150150359461
51191	5610	1.59092395645231
2334	7475	1.59085844789683
3105	6207	1.59085778222199
3428	54739	1.5895584585965
6152	6171	1.58837007470597
57124	60676	1.5881803241737
54929	89941	1.5865206138164
23403	887	1.58527153779353
1359	9287	1.58509683280878
54809	6614	1.58489123619949
6229	7314	1.58483198663918
6152	6156	1.58458286040183
417	7849	1.58396928631412
6234	7311	1.58366140891506
56257	7185	1.58315224005954
6164	6171	1.5826060205843
57119	7849	1.5809138650454
6235	6279	1.57979918799371
1520	3107	1.57796260145457
199	6228	1.57658934425042
5178	9699	1.5764797612324
6229	7431	1.57636250772298
4356	5675	1.57604065416988
887	9098	1.57593557089606
23521	6234	1.5749591891766
6210	6280	1.57450406269183
6133	6228	1.57287859103918
2334	417	1.57279114203606
6168	9168	1.57247599686474
79781	8506	1.57117419064491
6152	6207	1.57030158098075
546	9724	1.56745066035172
23521	6229	1.56700816064142
63891	6944	1.56631256393147
1196	5663	1.56488745091237
1070	55035	1.56434077930863
10410	3430	1.56274687070914
10850	779	1.56250073810165
3433	4938	1.56195210294436
6136	805	1.56157406142231
10561	2766	1.56063064829184
4599	64108	1.56007088532455
1479	23064	1.56003256432705
146754	88	1.55930530005964
3434	4061	1.55818341740229
3355	65055	1.55718125176014
2334	7849	1.55693446705756
3105	6167	1.55599763919348
397	6157	1.55579835561479
6228	7316	1.55387662710302
6157	6217	1.55355113786308
51619	7475	1.55284755014388
10410	55008	1.55161530552692
259173	4163	1.55106573623704
1915	6136	1.55027614861713
6874	9646	1.54836954153375
2289	7099	1.54776811675221
6167	6187	1.54619301963962
51510	64108	1.54555172774909
10964	64135	1.54431371142317
6208	7178	1.54334742037278
199	6207	1.54282650131424
6194	9045	1.54212760605135
10282	81627	1.54152891966416
50834	9423	1.53997034438704
23012	6877	1.53948054610917
57148	6999	1.53946380884625
6194	6209	1.53910598600884
3910	54587	1.53813735776488
1946	23052	1.53747753283992
6164	6235	1.53666027040044
2664	8106	1.53598598024618
10745	25830	1.5355407073815
6170	6210	1.53481645868038
113251	7639	1.53393987380411
54482	55746	1.53340957788936
24138	91543	1.53153345245091
79844	81839	1.53130796088892
81848	9118	1.52925373980417
3430	51191	1.52899316380102
2597	7431	1.52879929505637
7469	8671	1.52735473715873
51510	8820	1.52674134176264
3106	805	1.52646486139526
146754	60676	1.52630668525546
5499	79647	1.52578438242508
64135	64761	1.52576294093105
55188	65981	1.52462241751413
6206	6234	1.52327531313496
2520	9118	1.52284306641534
10738	6588	1.52113734346853
367	771	1.5204627079647
10346	3433	1.52012602191118
2822	51179	1.52004558394615
1269	56	1.51866904713911
3698	9287	1.5179432894321
5552	60	1.51739416880839
2597	6157	1.51694079173345
26123	6875	1.51660662247801
6176	6189	1.51629091125972
51619	55764	1.51564580632592
4939	55008	1.51458662453548
51050	64063	1.51428186950864
3437	8454	1.51212399783824
3106	6139	1.51180460330758
64066	81616	1.51170857948423
6134	6152	1.50937876373602
1520	3105	1.5075869267111
3665	8820	1.50743072154852
1520	6279	1.50690409129774
6167	6201	1.50565611057941
23052	23452	1.50527324822536
10738	57119	1.50390677435757
11274	710	1.50362080500358
103	8820	1.50337121978233
8671	887	1.50304156115365
5178	65055	1.50252536206021
79894	83759	1.50102475972362
397	7805	1.50095429917995
4494	4501	1.49959863624474
6206	6224	1.49870808383848
5745	79969	1.49438800954219
6160	7431	1.4941230469654
2512	5552	1.49362670665231
6134	6208	1.49286778767687
50944	6657	1.4918049023872
6189	6224	1.49179250336811
55008	5610	1.49160944419368
1548	7849	1.49121461458307
7775	81627	1.49121373573761
2965	54482	1.49038337541971
24138	51191	1.48976223277466
157567	55832	1.48930775591378
2160	29091	1.48916010658105
60468	9287	1.48875692069087
397	9168	1.48810745388655
3428	64108	1.48732677003413
6317	6588	1.48709661584411
3351	5218	1.48629171881627
1479	844	1.48603282029584
54482	7639	1.48601889618806
10418	2822	1.48587527363106
146754	771	1.48321345401358
23293	51200	1.48313715565417
1355	79701	1.48306454548024
4771	9911	1.48204912638623
51191	710	1.48113183285855
6208	6223	1.47944235142146
23133	57119	1.47924133719407
3448	55227	1.47883580157141
103	5359	1.47837366867105
6927	8425	1.47795609626686
29923	81616	1.47632979970236
10817	6854	1.47606924439178
3698	56	1.47576086595115
10476	2207	1.47544488848093
3665	710	1.47526166608373
2334	6588	1.4748372860578
6201	7311	1.47237589329836
55227	79953	1.47231583438709
1196	55188	1.47207943544708
11276	6877	1.47193652456219
113251	57824	1.47130792807413
6208	6280	1.47089673260441
417	7475	1.47066589469639
1192	2597	1.46994287653174
4684	5588	1.46993701923852
23218	64223	1.46984081065878
8284	9086	1.46836227830502
10554	23558	1.46815017338669
3106	6232	1.46800959562484
6209	9168	1.46761769854693
129025	65055	1.46729069502835
10069	29923	1.46725070477243
55188	6874	1.46553260225607
5552	9935	1.4648822983423
6158	7431	1.4644847697316
1663	887	1.46428406139846
22859	55421	1.46407315306815
3636	79034	1.46402212504158
5178	57335	1.46389680141948
6157	7431	1.46379626046655
64108	6772	1.46335433885035
6502	93594	1.46266277859478
6161	6176	1.46215018633848
54546	9287	1.46102055146881
6176	6232	1.46082430970242
1369	57119	1.45891976870912
10554	9810	1.45843000146469
6877	7775	1.45838766240513
347735	9911	1.45586161627187
302	6232	1.45570617928431
23646	80305	1.45461346314582
3433	51510	1.45418332898441
10848	1479	1.45416734916301
400410	5270	1.45360755885983
51510	64135	1.45229858587418
5270	6291	1.4517408020641
302	6143	1.45155376869152
2548	55700	1.45100251537814
2048	6614	1.45085387612913
22796	29923	1.44996129630829
10410	91543	1.44966002657641
146754	3508	1.44837381898377
3155	9938	1.44818406790794
6136	6143	1.44767268244021
6160	6176	1.44711493126835
509	6209	1.44670326870683
6176	6229	1.44608794125725
57119	6588	1.4459516111837
5660	6208	1.44500385187669
6134	6146	1.44411094681438
11092	78997	1.44285198119616
6217	7311	1.44249055693264
57148	6944	1.44056076373061
10561	3430	1.44032562718403
10437	6170	1.43925142493455
1443	79370	1.43884629940707
65981	93594	1.43827471403166
29091	55930	1.43807638169712
6191	7314	1.43784421900743
29125	65981	1.43758488019708
4666	9045	1.43722994025265
6232	6386	1.43633541112491
54622	5514	1.43621505195926
6139	6205	1.43615546668042
2219	6206	1.43573951729859
1434	157567	1.43521625035455
23149	6609	1.43498320818517
26152	84830	1.43286947588798
4163	7373	1.43265980866957
6134	6187	1.43054783149254
6191	6209	1.42972921606192
171558	79024	1.42965471934323
10069	81616	1.42914100574842
5218	79844	1.42902898519394
10274	22866	1.42852003281334
4599	54877	1.42801885566501
6176	6224	1.42709262524788
55421	9183	1.42706622663221
50834	9287	1.42632278974899
3107	6207	1.42573977474658
2048	8638	1.42549540066063
2664	7919	1.42536709633467
56257	93643	1.42525885407927
23660	79649	1.42463681934703
3665	5359	1.42391933952291
50834	9737	1.42317380942183
55008	9246	1.42161676339685
57119	81839	1.42099057358875
22847	51200	1.42086610244459
51619	8986	1.42013023111364
2643	64135	1.41972528563423
23641	7840	1.41818919455117
2597	9168	1.41724347789978
23012	23660	1.41623907305292
6209	7316	1.4161364162141
10561	710	1.4154958050096
8483	8995	1.41545715353369
6168	6187	1.41451695080845
3433	54739	1.41411512728624
2785	359	1.4139007606078
323	4824	1.41279824348567
3886	9047	1.4115219179823
56257	9922	1.41029041882167
23070	64761	1.40926166667977
6218	805	1.40849393493481
2124	387	1.40822158432633
5588	887	1.40798139060738
129025	5521	1.40793228889535
6144	7314	1.40738908818921
6144	6279	1.40630070428652
2597	6158	1.40592710542643
51340	80196	1.40571781029708
6133	6232	1.40465778304454
3276	80305	1.40437554857458
79034	89941	1.40371565776192
2817	79885	1.40304807894663
6156	9168	1.40258703765477
1340	6223	1.40238570066499
6235	7311	1.40186703582531
6224	7314	1.40131403074039
55746	8195	1.40104837306878
4666	6143	1.39960258820808
23608	51727	1.3992315848206
1915	2219	1.3986503482152
3959	4061	1.39823103781978
10437	7314	1.39763449928648
6595	887	1.39722290458518
3433	64135	1.39682551110886
4924	6688	1.39681566400081
2797	956	1.3942065404308
131566	1559	1.39411579604343
55421	7475	1.39377004725592
157567	7639	1.39362773679304
11015	2520	1.39291107698173
4666	60	1.39276289774109
1947	4107	1.39267390108461
22847	50834	1.39245353086333
4599	710	1.39224221501721
51363	93594	1.3922178787605
6161	9045	1.39207799607433
199	7431	1.39153663314032
2916	81848	1.39144668306987
6373	91543	1.39126915081989
51191	6373	1.39125875733648
3431	4939	1.39123149300544
6844	7536	1.39111989264847
199	6158	1.38832683720349
6588	81848	1.3881854848035
3358	5275	1.38775040740194
23163	6778	1.38705952294969
65109	9098	1.38555065198131
6224	805	1.38503539730428
56936	9737	1.38490506634996
5265	7555	1.38379763200472
27345	84830	1.38369768743857
10069	546	1.38333229184816
509	6168	1.38288785309188
2219	567	1.38243740552101
6539	93643	1.38106295575071
10964	54877	1.37981296806733
6138	6146	1.37957497955877
2931	7781	1.37945553291556
1535	81926	1.37920575820442
10075	6133	1.37781840103382
3508	5588	1.37561147944977
23660	9807	1.37481591940114
10106	92335	1.37461056512463
3959	5359	1.3740382080884
496	8425	1.37402420522736
55679	7498	1.37346853523891
6168	6208	1.37271818497705
3358	80164	1.37249202906222
199	3107	1.37196029972665
23558	9810	1.37141517318455
1638	5270	1.37037201420658
10902	23492	1.37016132792746
6999	862	1.36913170129029
6156	6191	1.36884245925409
103	3434	1.36848790203568
10964	8454	1.36845368388175
2785	79844	1.36749339768857
11092	5074	1.36749297776772
4356	9118	1.36712280295052
1434	23369	1.36709767696426
429	5270	1.36661145889823
794	9421	1.36619367737168
1072	6187	1.36614010244159
6207	7311	1.36460831295178
56936	60676	1.36442871954619
6155	6201	1.36383812443724
3849	4684	1.36326494073809
10346	8820	1.36136178240137
23608	6567	1.36094761256568
1874	54883	1.36013988354853
29058	4214	1.36013614806665
302	805	1.35877929561159
103	51510	1.3584366785276
27243	5695	1.35831830464522
3429	54877	1.35767355591473
11274	8454	1.35765670731092
84830	887	1.35732126947832
10038	23378	1.3568053007538
2916	8483	1.35503135341601
10410	11274	1.35464264127726
644	9636	1.35456459476625
1874	64689	1.35429970582618
509	6144	1.35399057087555
2219	805	1.35286747575329
57122	93594	1.35262446950925
3434	8820	1.35261709485931
56	7475	1.35210857524627
56912	883	1.35184724456702
1475	7314	1.35130951269431
23252	6775	1.35130024066412
2907	90379	1.350981363418
6157	6223	1.34998615053402
6218	7311	1.34980415373608
254102	9123	1.34961072121139
2192	8483	1.34719944725012
6155	6161	1.34714096284561
11278	6541	1.34620948293876
1233	23012	1.34612347145589
5478	6209	1.34582163623559
6232	9168	1.34560489398246
567	6133	1.34474715476102
10561	5610	1.34443095413351
6134	6175	1.34359294307464
6167	6229	1.34322551783237
4356	9718	1.34239052095078
6187	6229	1.34222680388732
10437	6133	1.34182395158321
6923	9535	1.34004879312206
6224	7316	1.33993941614931
2597	6208	1.33985618138779
25852	6877	1.33967819573196
6191	805	1.33947279114535
3107	4946	1.33622816111846
1874	2057	1.33620932825673
5116	79869	1.33539388945434
23012	60496	1.33370065444268
10346	10730	1.33334010131735
6218	6234	1.33314419657737
4300	55558	1.33303370144363
1475	302	1.33273951775999
2916	48	1.33176152218083
157567	7372	1.33109842852302
11092	63932	1.33063959496861
6147	6176	1.3300892069937
54877	55008	1.32968833587301
26152	8671	1.32862984124227
2785	5178	1.32791395749634
3106	6229	1.32700200517902
5178	7348	1.32551096253449
55746	9807	1.32502183294256
64108	64135	1.32495413908017
6155	6206	1.32473101233156
4717	8896	1.3244690312276
10362	10652	1.32375299578849
1196	5987	1.32361732808377
55163	779	1.32330311966479
5270	7031	1.32249034294185
4061	54809	1.32242336526322
6191	6232	1.32119159611874
6155	6160	1.32043953462899
8824	9183	1.32027523809585
8824	9905	1.31981831211432
1233	63894	1.3192369037984
4356	55930	1.31868081269206
56257	6118	1.31840134185122
6124	6194	1.31814414254682
55421	83759	1.31777937974968
6208	7431	1.31681366286601
23354	5270	1.31587826847919
51110	84901	1.31554370704025
51619	8671	1.31544848125495
6167	6209	1.3154046353751
3448	6541	1.31503222879589
5660	6222	1.31431700928851
2207	60	1.31430937132994
22889	23014	1.31391747975617
10274	81035	1.31378859939832
60	6139	1.31263497967533
6156	6235	1.31143715165633
6205	6206	1.31101536295492
23012	93594	1.31043820833142
3717	8564	1.30960772865602
103	4061	1.30725464738454
146754	8671	1.3068839860815
23586	3433	1.30601442435514
26010	9246	1.30412085117197
6136	6232	1.3030942443494
6164	6207	1.30243943611123
55008	6772	1.3013936721868
4107	7348	1.30098610218545
4356	54566	1.30073606509951
65109	9183	1.30050013715319
6144	6176	1.29982677350069
1475	6139	1.29919270516805
3627	64135	1.29917327792382
11092	1325	1.29818999450922
54482	6877	1.29761812245032
11219	6534	1.29586437562285
10738	79844	1.29516353375649
1520	6168	1.29458959494409
3430	4940	1.29379510598096
6595	7508	1.29302309242168
54739	55601	1.29300799826379
26206	63932	1.29252831645742
4666	7316	1.29220673796445
1072	5552	1.29217063323268
4356	81848	1.29173394263098
6541	6875	1.28916159746699
8506	9423	1.28845871073473
2219	6232	1.28833753638328
5270	64693	1.28762673105667
4899	51806	1.28752603648268
5552	6232	1.28717990522576
6133	6147	1.28541319709581
6143	7314	1.28486209921766
429	5338	1.28419227188333
22955	3358	1.28367618259831
4430	5678	1.28315324120159
3430	4939	1.28177735223581
56943	6170	1.28147212518927
23012	55319	1.28142593803157
3107	6206	1.2801588512889
6207	6234	1.27996929596312
3107	6161	1.27977349105029
1369	57335	1.27911960376389
3429	8820	1.27902465197398
176	79955	1.27870852616951
4058	5923	1.27767404065475
6228	805	1.27708201275606
2207	5265	1.2769027879016
302	6161	1.27533201948618
6235	6275	1.27478918777188
11045	1369	1.27341847803334
23052	5678	1.27324558631333
3609	53373	1.272850485649
10785	23360	1.27259957298396
60	6224	1.27139609686557
6122	6146	1.27128056465532
25852	9724	1.27088307072601
2822	55930	1.27087018594737
3107	6157	1.2708562483184
1072	7311	1.2702294913579
4946	6224	1.27017968695246
127703	29923	1.26987100533645
3508	55421	1.26894807823225
6157	6176	1.26835616257177
509	6139	1.26822896922857
1663	23403	1.26763461819252
55777	84779	1.2671776208691
259173	51619	1.26709863020186
2597	7805	1.26666574521652
22796	83759	1.26619442609334
10953	55679	1.26590027357128
57119	9718	1.2656573642838
23360	55746	1.2655906482241
3959	55008	1.26547800706117
57119	9287	1.26543221214332
302	6171	1.26367947259232
2822	9718	1.26319079608135
51510	54877	1.26300368371187
48	51619	1.26266377924982
6152	6210	1.26265550747565
1479	81616	1.26099544660472
23014	7508	1.26081861712488
22796	79960	1.26076104166086
23521	6232	1.26039178376387
2583	357	1.2598961874632
6152	6209	1.25849123185831
6161	6234	1.25717563220388
6138	6175	1.25716894099554
1329	5691	1.2562452826328
6156	7311	1.25591970556838
23521	302	1.25475975096748
11198	6999	1.2546881398233
51619	93643	1.25409736878271
3760	887	1.25393157236052
1816	55679	1.25149566168488
5660	7431	1.25145620028828
259173	51236	1.25138641398591
1996	8427	1.25080370591026
4501	4502	1.25037239775267
6191	7311	1.2497191072933
6625	79716	1.24796086259097
6187	6194	1.24766954438906
57335	6291	1.24758677520533
3959	51510	1.24694908945649
4356	8483	1.24672651402732
3105	6156	1.24406831780463
4940	64135	1.24383316803714
6222	6234	1.24335086844894
10848	64066	1.24161594516174
2327	55421	1.24102799728858
6136	9168	1.24009768575365
5552	9168	1.23958223882334
113251	55746	1.237598436206
6136	6205	1.23749525467198
50674	89	1.23539157264869
1196	5001	1.23526861163315
1559	55679	1.23514547728998
2822	323	1.23503885751272
4628	79621	1.23491132462641
2057	54883	1.23441059106861
10075	9168	1.23361338836875
710	9246	1.23307218900447
93594	9807	1.23186435771612
54546	6493	1.23147711559211
11274	9246	1.23144443455283
51379	729230	1.23093980495421
3117	3119	1.23044468516439
11015	5270	1.22933973263883
26284	51236	1.2291004153137
6191	689	1.22812895826622
5552	6167	1.22765545412752
1816	4862	1.22752223457357
6189	6279	1.22732019575146
124	54855	1.2265247171316
3662	55703	1.2260539510005
1434	6502	1.2260507881414
23166	57175	1.22222602165349
10317	2785	1.22208206039832
26152	2949	1.22122748195407
5610	8638	1.22046288564563
10554	9640	1.2202755542393
199	6170	1.21893827106705
23309	80152	1.21800421864818
22955	4862	1.21758056898956
26010	55601	1.21731842142979
146754	5270	1.21710816701622
3448	8671	1.21640106447766
302	6144	1.21601797272512
26152	9183	1.21568283905657
10882	80164	1.21555847096873
2676	4163	1.21519774592177
23309	7433	1.21490145094642
23193	29956	1.21459249954726
3508	57115	1.2129334248117
11278	8671	1.21252122667025
10953	8671	1.21244660552694
6173	6187	1.21206810561503
5660	6168	1.21021167621094
3036	55247	1.20924023998912
27243	9446	1.20894138167906
567	6139	1.20853108633971
23403	9183	1.20829601772002
6232	9045	1.20707526369948
1475	6160	1.2068394687074
3430	51056	1.20671753380963
11015	11022	1.20615826223478
4493	4502	1.20572024175663
3508	4356	1.20549311478399
1951	83759	1.20506847942534
10902	55094	1.20415736413535
2494	64693	1.20400525825954
22878	9169	1.20389150693879
6280	7805	1.20388499291467
23250	8676	1.20353731021589
2766	8638	1.20176670773612
3429	9636	1.20057980321444
6232	7431	1.20016978972006
2633	3627	1.19885328289827
6155	7314	1.198105585999
11096	5001	1.19762331452524
2115	3886	1.19685447703066
55746	93594	1.19656973590319
3105	5660	1.19602515703993
3428	3431	1.1952311725264
3921	6138	1.19497006219121
3105	6206	1.19393860652468
1509	23625	1.19388963676377
27348	9246	1.1938887859918
1520	6147	1.19350295015109
6170	6205	1.19316826092333
6143	6224	1.19289736071821
5284	9911	1.19164736436617
2583	29063	1.19018646867054
5514	9690	1.18985654917448
6205	6275	1.18862173325573
57119	8555	1.18817237372369
1196	9807	1.18640450924773
51032	51050	1.18569583071847
302	3105	1.18559315954884
10848	844	1.18430240551587
1327	6218	1.18429332286264
65981	8195	1.18412186470613
4641	6387	1.18380656240009
113251	57496	1.18337612167393
6173	6235	1.18225760099567
6588	9663	1.18170032576841
27345	79744	1.18140106555381
23293	9047	1.18073999030606
3106	6228	1.18056559277778
6134	6191	1.18028143883038
10307	9170	1.17936310385299
3698	55507	1.17878800249159
54778	81627	1.17786218940395
29997	6122	1.17757948907256
1641	29974	1.17680810551752
6208	6224	1.17673507063764
4600	9246	1.17617898545472
3886	862	1.17600397646337
54840	57824	1.17580742814713
2766	55008	1.17564312745452
4107	771	1.17560369824849
7849	81848	1.17545643209637
3105	6139	1.17490031254616
6155	6218	1.17484310722839
6232	6235	1.17463700157457
11151	375	1.17435158331405
7431	9168	1.17421652440968
129025	6387	1.17414511992086
6124	6137	1.17352359598448
10317	23035	1.17340299604271
5610	8820	1.17338722432146
11015	79698	1.17286894312455
1915	6201	1.17281448894214
3635	55037	1.17082389616404
2633	6772	1.17080977152402
11096	22889	1.17054600693368
23604	84818	1.17034762111767
1359	9423	1.17034167060955
1475	6224	1.17020693861583
51282	5531	1.17018163755983
7699	7702	1.16902561072389
2907	4924	1.16901309059663
23293	79875	1.1685128575873
10242	5745	1.16833754104371
6173	6206	1.16635416568559
2219	6229	1.16578073498577
1369	1762	1.16570495119202
93210	9905	1.16557547659738
2294	23368	1.16525311677668
26230	56114	1.1650202443254
22955	2822	1.16488539986707
51200	7498	1.16476742717777
48	79621	1.164742562824
27348	54809	1.16454729481291
6158	6208	1.16248976698367
2249	2765	1.16126040594751
54809	7444	1.16089469403393
7475	8912	1.15934007059275
6164	6224	1.15913883658688
23646	6688	1.15898692246451
22889	9183	1.15818493439144
79744	8671	1.15789074119418
6170	6229	1.15755691378827
3551	80152	1.15732820671714
5552	7555	1.15671823550874
5434	81926	1.15646490071362
51297	54662	1.1559185000189
10964	24138	1.15567793686588
3448	5521	1.15462459922369
2785	8555	1.15428182883702
2135	48	1.15385217551421
4599	51510	1.1531126645971
2160	9231	1.15308605126558
10561	24138	1.15301239029254
256364	4035	1.15298469672311
4666	6222	1.15255602257008
2512	6187	1.15156608176711
1233	29923	1.1513502942784
10437	6207	1.15117081515966
3448	4058	1.15103495220243
6205	6232	1.15084098354962
79632	79698	1.14976936477249
5359	6772	1.14935598352534
3437	51131	1.14822056283756
56257	9905	1.14799226010757
3014	6046	1.14706571706521
113251	23012	1.14674796308598
4316	5521	1.14616669450485
4938	64135	1.14490719182032
5331	6710	1.14416507450346
1072	5660	1.14386118240289
199	6280	1.14385008819511
5359	54809	1.1437816201918
11092	6508	1.14321900062377
26130	55188	1.14302675911715
5359	8638	1.14299899799085
56	816	1.1419193415226
3488	5270	1.14059070331568
357	8618	1.14003784949594
1915	6170	1.13899465696557
3107	6170	1.1378277056698
5660	7178	1.13774743195736
50835	9737	1.13760376815697
6201	6209	1.13749792189939
27340	771	1.13718855261506
6204	6206	1.13600808561577
173	9311	1.13513100542075
55188	55745	1.13450400845923
5204	6217	1.13411357325432
1233	65109	1.13335511568692
4666	6173	1.13323361979765
1559	7498	1.13218072702007
10075	5660	1.13186290895728
6588	9099	1.13140567158551
64108	9636	1.13095142178066
6235	6280	1.12993901179538
5521	7475	1.12986096372514
509	6136	1.12976329434739
6271	7031	1.12960268361346
5670	8995	1.12885756841819
29923	55703	1.1288410587549
5001	55188	1.12872898219945
10155	10908	1.1286239797682
23041	81627	1.12782023564871
3508	3886	1.12761717266826
3105	6228	1.12644602985419
1513	48	1.12608685833901
6208	9045	1.12579949803498
2207	6158	1.12518364503475
5499	8666	1.12511909852879
4107	51032	1.12504398633072
302	60	1.12489086617801
5420	55684	1.12478188221455
199	6189	1.12427259266833
57119	7031	1.12425482167981
51236	8986	1.12422036406685
6155	6232	1.12366034915305
5218	57119	1.12160523994536
6208	6229	1.12099501440459
5588	81848	1.12056905637126
3356	5270	1.12041209393359
6161	6224	1.12002962387239
6155	6189	1.11940111750991
4430	55247	1.11934204782236
2916	3508	1.119341284067
3508	6839	1.11906213884318
1534	5678	1.11905084674955
56	9287	1.11834276969411
11278	5678	1.11830496704572
302	6136	1.11748225655399
23360	51366	1.11741182070019
51619	5270	1.11703112588515
1520	6280	1.1169484307932
3881	9287	1.11656182689836
51297	55558	1.11638020396772
23007	6508	1.11608753369472
23072	80125	1.11592899726206
2494	51050	1.11521881219155
5178	81839	1.11428386730348
4940	5359	1.11415348109982
883	9710	1.11192949031188
6201	6279	1.11165987452289
2074	4316	1.11117341901458
146754	2334	1.11057303321928
6146	6204	1.11028010597169
1559	2822	1.11025967887479
4323	4356	1.10935386431891
3434	8519	1.10931385704243
6513	7041	1.1086009866632
3433	6614	1.10821814802826
146754	56	1.10796812259181
173	4300	1.1064550468094
11015	1638	1.10643949632082
10249	9287	1.10614481313771
1947	4620	1.10613371268998
51268	6005	1.10608734193973
6164	6279	1.10593563297714
1641	4163	1.10504327155953
2512	6189	1.10463330405428
3635	79726	1.10452199248416
10692	55558	1.10447397617109
4599	9246	1.10389631374183
4061	55008	1.10151978914682
10581	27348	1.10147098422685
57119	6291	1.10107729978058
1479	55746	1.10101707996035
129025	4430	1.10067596929096
6688	90379	1.09954923860857
11045	57335	1.09877140729734
51510	6614	1.09876002122463
10636	6793	1.09805692708549
6187	6224	1.09765806565265
6160	7316	1.09757035771196
6189	7314	1.09754949476822
55125	93594	1.09738015294824
6144	6156	1.09712106150934
2512	4946	1.0969724835349
1020	9526	1.0959570948205
1946	7498	1.09506037334194
6169	6191	1.09463843086452
1839	50486	1.09434929949071
11054	90379	1.09414843622273
10848	546	1.09406268294221
113251	23369	1.09378024745506
26010	51510	1.09354839559631
3698	79370	1.09343179497369
4684	5678	1.09235075600377
6159	6187	1.09147275724479
4916	64220	1.09069176966203
54546	7475	1.09061311131326
2219	6157	1.09040325883262
4939	5359	1.09016238448874
6161	7316	1.08932815445897
3662	51236	1.08903378102594
359	417	1.08868376070298
10953	5678	1.08852919794567
1670	6493	1.08813169898
54825	8911	1.08792002944493
3448	54546	1.08667712426616
23452	79875	1.0865549187329
57824	79649	1.08530802325775
4300	862	1.08494641210755
1915	7431	1.08483465310076
23064	844	1.08478455601689
2669	2785	1.08435681729687
129025	50835	1.08388348414482
1434	54482	1.0838191877749
4703	51046	1.08381348458977
80164	8092	1.08280066375454
6280	7314	1.08240222323998
3421	5499	1.08216187617104
887	9423	1.08198890912002
10228	11215	1.08061562593345
6133	6171	1.08060072117714
3107	5552	1.07886685909371
4488	55679	1.07835440418933
80036	8427	1.07787956757175
22847	3849	1.07783954910133
11276	4033	1.07566300259527
2797	323	1.07445692114966
23354	55421	1.0744143404731
6688	6813	1.0734400285088
8913	9421	1.07305268055191
25888	7469	1.07290662218609
2766	3437	1.07228881395691
6159	7311	1.07220629973926
2537	8519	1.07198136948389
10848	1233	1.07178603687322
5178	56891	1.07173228449275
1479	25852	1.07151571136303
55756	64066	1.06987661840825
22847	4684	1.06981265081277
1915	7314	1.06898609447906
6513	8483	1.06779107943451
3105	6144	1.06758669036722
103	4939	1.06746333626605
55125	55746	1.06633148046847
6204	6208	1.06604984690287
103	2766	1.06589488488899
6205	6207	1.06581586153363
23403	8824	1.06574930957393
6588	79875	1.06548136148095
1196	93594	1.06483429949982
4620	50835	1.06440655166842
11096	23014	1.06404332493163
4600	4938	1.06402176086562
10922	7165	1.06348136265948
285231	90338	1.06340929680241
51313	8676	1.06288997960862
26128	81545	1.06200522091622
4316	50835	1.05950324274808
22897	5442	1.05800367086379
6155	6157	1.0575671357224
4666	7431	1.05687693535278
4131	55679	1.05658771829761
23424	3437	1.05605683022832
2785	6291	1.05603982286207
6218	6224	1.05598905754777
51268	7047	1.05566333456124
1058	7348	1.05565281757518
10382	1638	1.05552854074068
22796	4216	1.05535636306321
64063	771	1.05413706544484
689	71	1.05368718405972
10730	6772	1.05275464874756
23369	55746	1.05241327716725
51313	7099	1.05010866948631
1327	23521	1.0499943723567
5089	8861	1.04995225271693
23521	6279	1.04981661755983
3636	6794	1.04885240463485
23586	91543	1.04825953038402
3105	9168	1.04783412259583
2916	55930	1.04739228293242
10084	4713	1.04672812271051
1559	3568	1.04641121279633
3665	8454	1.04583951431972
10850	9911	1.04543455942286
8195	9416	1.04542046608069
2797	5521	1.04493989374944
23521	6176	1.0449261782235
4600	8820	1.04460903043777
6541	8671	1.04449439266068
4600	51131	1.0442629489378
56257	60468	1.04424911848441
176	3488	1.04388515901388
4157	51032	1.04361191732494
5478	6144	1.04326340397307
6158	6275	1.04315346327724
2633	54809	1.04293764188745
23309	7508	1.04275302748259
54881	55703	1.04174035652035
5905	5987	1.04140844113874
6207	9168	1.04123651181651
64693	6854	1.04112975661356
1475	6232	1.04107882755466
26013	4899	1.04050710725307
10228	3662	1.04000837433564
2066	4684	1.03971939008392
23166	2664	1.03948602926889
399664	5521	1.03911603532911
4610	6875	1.03863275556246
4356	56	1.03766927962232
23523	27037	1.0374139324461
3026	5521	1.03693146997206
23521	6158	1.03613434840489
54938	9223	1.03595146750341
5211	8525	1.03588440998471
4939	8820	1.03572837248343
23017	3910	1.03554362756674
3885	56146	1.0355264299139
55930	79844	1.03545251305838
3434	64761	1.03515905993598
2785	79875	1.03498804102084
54838	55135	1.03483544232225
4666	6170	1.03441924784389
397	4666	1.03430923278021
3431	51056	1.03429351633138
2965	55746	1.03412815353565
22859	5270	1.03375761979433
6657	7031	1.03336408816914
509	6223	1.03324396501466
5675	887	1.03296955977037
1869	2916	1.03256542388425
6187	6204	1.03232919393252
5478	6161	1.03217031106909
4824	5270	1.03207696831966
26152	4163	1.03166881991281
7475	8483	1.03111396738564
1638	6588	1.03034861642802
4771	745	1.03031947031255
1358	3885	1.02803178970238
29091	7849	1.02781568494286
6155	6235	1.02731844649583
10226	4542	1.02726037486532
4058	80164	1.02629278862546
5331	9911	1.02619347512172
80036	9423	1.02596637094034
5270	5338	1.02559616409908
1785	5585	1.02534591621695
346562	5270	1.02460051337702
5514	9416	1.02445502347234
199	6224	1.02445120283587
22955	79683	1.02286723071022
1475	9168	1.02237202988248
4899	57716	1.02219998774547
23012	9724	1.02203507527993
11274	5359	1.02129953582776
2520	56	1.02127923083259
2960	54826	1.01978079683763
23586	54809	1.01945314685323
3356	7025	1.01928625737387
25913	51315	1.01869369567553
6194	6234	1.01843273786708
6157	6194	1.01811638925806
4832	9121	1.01793907031578
2117	80164	1.01793476511312
3106	6187	1.01642337931273
10561	5359	1.01593991571776
6155	6207	1.01411878985724
4666	805	1.01316522672754
745	79751	1.01248686485147
10581	2537	1.01217083296584
23366	23788	1.01052754454643
5371	6614	1.01033736372426
11045	5521	1.00995102757185
6136	6168	1.00987490737156
64066	79368	1.00765032947148
10964	4600	1.00743972564809
2066	5678	1.00659404566299
57824	6502	1.00638226834844
10069	55746	1.00628805621311
7041	9374	1.0060278861253
79683	80164	1.00596581433929
5270	84830	1.00570804727421
347735	6710	1.00524526221257
27445	6005	1.00479736387504
3665	51510	1.00467762202233
199	6167	1.00378175820991
5178	79875	1.00368104387682
23586	64135	1.00339747413892
10437	6160	1.00300542882123
2512	6205	1.0024603492989
113251	23660	1.00237907215287
4946	567	1.00185679207356
10848	81616	1.00152983513199
4824	9718	1.00152712262531
6144	9045	1.00148847533993
6169	6234	1.00148300659053
51340	55340	1.00106167855325
51313	6533	1.0005246134652
6134	6206	1.00038301309572
6588	8483	1.0000437379203
