6171	6187	3.93986375395836
6187	6222	3.9392708987804
6161	6168	3.93923243437686
6187	6210	3.93909333109012
4736	6164	3.93908376793245
6147	6187	3.93905648772701
6187	6208	3.93895484085433
6168	6187	3.93888529222142
6208	6210	3.93878672985897
541578	91966	3.93832437679473
4736	6217	3.93819186404437
6171	6222	3.93817644364618
6161	6229	3.93800595386305
6210	6222	3.93795309211095
4736	6228	3.93795088234443
6168	6171	3.93793613227119
6164	6228	3.93777450197702
6161	6222	3.93775379725885
6168	6208	3.93775311678491
6161	6187	3.93765670143671
6168	6222	3.93747540484407
6164	6210	3.93744647556101
6164	6208	3.93741837424622
4736	6168	3.93721860034909
6147	6171	3.93719336664346
6168	6210	3.93710063229583
6164	6229	3.93693160041054
6164	6168	3.93691637556278
6168	6217	3.93688216709399
4736	6208	3.93679238450227
6164	6188	3.93673646805013
6208	6229	3.93673433344822
6147	6210	3.93660649771424
4736	6142	3.93657803793275
6171	6210	3.93650879049184
4736	6210	3.93642076789946
6168	6229	3.9364021100677
4736	6188	3.93632172255364
6171	6208	3.93629907820325
6147	6168	3.93615266659223
6208	6222	3.93591259062816
6147	6208	3.93581834617516
6217	6228	3.93564100318208
6147	6222	3.93556337219471
6161	6171	3.93542497009288
6161	6210	3.93530540828109
6210	6228	3.9352902472084
6142	6210	3.93521441706472
6208	6228	3.93519450996505
3106	3107	3.93499259325103
6210	6229	3.93495970961538
6142	6164	3.93494094112493
6187	6229	3.93489585906905
6147	6161	3.93487627176702
6208	6217	3.9348348785078
6142	6208	3.93459495506442
1915	6210	3.9344910076213
6210	6217	3.93444562353605
3151	57570	3.93423808069877
11224	6168	3.93423397751399
4736	6161	3.93413072104698
4736	6122	3.93410096433291
6142	6187	3.93404736942987
6188	6217	3.93394778205925
1915	6187	3.93385899620217
1915	6171	3.93372944420394
6129	6164	3.93370928445882
6217	6223	3.93369294758661
4736	6229	3.93364090239858
6210	7178	3.9335609808412
6141	6158	3.93355074558756
6141	6205	3.93353521579204
1915	7178	3.93341621785248
3134	3135	3.93337128923273
6164	6187	3.93335189840686
6210	6227	3.93318366577056
4736	6187	3.9331217508159
1915	6142	3.9331092420311
6129	6228	3.93308785575947
6161	6208	3.93307076959713
6142	6228	3.93306350253138
4736	6222	3.9329999127169
6164	6217	3.93298384530734
1915	6168	3.9327645130306
6222	6229	3.93267087178735
1915	6208	3.93257584442514
6161	6164	3.93253473957229
6129	6194	3.93246057379462
6171	6229	3.9323111383474
6168	6228	3.93220689198707
6164	6227	3.93218353693939
6142	6147	3.93213137549041
6141	6228	3.93212337093033
6142	6168	3.93209061755155
6188	6228	3.93208538053921
6161	7178	3.93207909173165
6161	6217	3.93188924083673
6168	7178	3.93178211873404
4736	7178	3.93175477553668
1915	4736	3.93145657082386
4736	6129	3.93105975663043
11224	4736	3.9309500337179
6147	6229	3.93090346577822
6147	6164	3.93088916141213
11224	6161	3.93084548882737
1915	6164	3.93078456613107
6142	6217	3.93071636773495
6175	6188	3.93049551648025
6187	7178	3.93034845379683
6168	6188	3.93032749283474
6164	6170	3.93031744555879
6191	6217	3.9302539482729
6187	6217	3.93001762598954
6164	7178	3.92990043036239
4736	9045	3.92984796399418
6122	6135	3.92982172403494
6168	6223	3.92974191186301
6188	6208	3.92972185756221
11224	6164	3.92941340159727
5396	6364	3.92939445103725
2956	80204	3.92937837959361
1915	6228	3.9292451101426
6122	9045	3.92914979402112
6142	6229	3.92909426818765
6122	6129	3.92901951251421
6217	6222	3.92891931534766
6135	9045	3.9289126919396
6164	6171	3.92882103106948
4736	6147	3.92879081119273
11224	6229	3.92877137666855
6208	6227	3.92876222209017
10410	10581	3.92875288414716
4736	6135	3.92872884493661
6188	6229	3.92861489782263
6217	6229	3.92859846902021
6164	6222	3.9285527882762
6188	6210	3.92845966887911
6129	6188	3.92837607426816
6194	6228	3.92831766905493
6175	6228	3.92825733785936
6161	6188	3.92801934029666
79886	9373	3.92781619183454
6142	7178	3.92778472152966
6129	9045	3.92765367033212
4736	6194	3.92757895529539
6168	6170	3.92706178633969
6223	7311	3.92685963135821
6142	6227	3.92659038459125
6175	6217	3.92655310922089
6142	6188	3.92641332014722
4736	6170	3.926399560647
6164	9045	3.92626672956492
4736	6191	3.92625009752358
6209	6217	3.92615240184629
6188	7178	3.92608644855163
6142	6171	3.92599816232789
4736	6171	3.92597402647818
6187	6227	3.92594875959941
6147	6217	3.92578853807094
6188	9045	3.92564942033657
11224	6217	3.92553675656171
4736	6175	3.92546463385456
6135	6164	3.92536625355178
6208	7178	3.92522448345282
6187	6228	3.92509081652009
6142	6161	3.92483252357173
6171	7178	3.92473731809231
6170	6229	3.92466342189602
6141	6217	3.92462269570385
6228	7178	3.92450713742495
6164	6194	3.92440888433999
6122	6228	3.92436757357656
6228	9045	3.92411121768818
6129	6135	3.9235442227241
6122	6136	3.92346849064259
11224	6208	3.92336900789172
11224	7178	3.92334526565429
8287	8653	3.92329834011424
5696	5698	3.92309135832042
6147	6228	3.92305307799612
1915	6222	3.92295989568429
6217	6234	3.92277432661057
6228	6229	3.92273844943026
4736	6223	3.92265918247353
6168	6209	3.92256213336986
6229	7178	3.92236592754005
6122	6164	3.9222197073578
6168	6191	3.92213211105765
11224	6188	3.92196722708585
6191	6208	3.9217913209734
6158	6193	3.9217195255148
6222	6223	3.92166260739758
6158	6205	3.92162783995928
6191	6210	3.92158324247256
6175	6234	3.92154491704701
1915	6217	3.92145585337798
6191	6229	3.92141961459173
3105	3135	3.92129283308515
6217	7178	3.92119848362738
6122	6167	3.92119795055106
4736	6234	3.92111818265224
6122	6188	3.92100430801788
6188	6194	3.92098359549136
6171	6217	3.92097290017953
11224	6171	3.92090116310892
6142	6222	3.92088742673499
6142	6223	3.92066199521934
6192	9086	3.92061279237828
3106	3135	3.92056874836671
6161	6191	3.92052313897723
6122	6194	3.9204640048514
6188	6191	3.9204498634774
11224	6152	3.92042917307932
4736	6227	3.91997859649863
11224	6210	3.91989379173475
6201	6233	3.91987817096858
6187	6188	3.91983511171558
6209	6222	3.91982502249645
6161	6228	3.91971512137062
1915	6147	3.91965123300497
6168	6227	3.91962281718683
6222	7178	3.91956941987962
4736	6141	3.91950470521066
6191	6228	3.91945006745258
6222	6227	3.91939972722906
6191	7178	3.91934914901466
6193	6228	3.91925327942137
6164	6175	3.91914929775893
6164	6191	3.91911676005003
6168	7311	3.91886204888146
6129	6168	3.91881882797611
6135	6188	3.91880247151527
1915	6227	3.91876979018499
6188	6234	3.91854786959746
11224	6187	3.91847495668158
6192	7544	3.91838417322208
6187	7311	3.91837599235397
6129	6208	3.91829928448079
6175	6223	3.91806494848928
6161	6209	3.91750780894824
6209	6210	3.91722987625594
6209	6234	3.9171743255034
6147	7178	3.91671659186634
6135	6194	3.91652227374743
6194	7178	3.91652217586715
6217	6227	3.91650975539676
6164	6234	3.91648972898012
6168	6234	3.91613287164647
6171	6227	3.91610601019352
6171	6209	3.91605836946806
6135	6228	3.91561796971098
6193	6205	3.91546899412219
6136	6167	3.91518512208351
6142	6170	3.9151585092282
6194	6217	3.91514155501447
6187	6223	3.91513534884539
6147	6188	3.91510732539537
4736	6209	3.9150814220013
6175	6176	3.91501785330116
6129	6217	3.91478070270643
6187	6209	3.91467093789537
6227	6228	3.91463131076669
6227	6229	3.91414919600642
6170	6233	3.91408535645747
6175	6208	3.9139996893136
6147	6227	3.91399043989566
6168	6175	3.91381351563175
1915	6161	3.91374098354797
10384	11119	3.91367167035061
4697	9678	3.91346469633669
6142	7311	3.91343136489461
6152	6168	3.91339937010989
6205	6228	3.91335122140004
6171	6228	3.91332112529192
6209	6228	3.91314844685185
11224	1915	3.91312185610912
6192	8287	3.91304017086957
6227	7178	3.91302694461315
6223	6234	3.91297833684928
6191	6223	3.91284829000605
6208	6223	3.91279221571455
6142	6175	3.91277035699086
6170	6228	3.91258052367732
6209	6223	3.91251863632232
26986	6129	3.9124323436241
6141	6193	3.91225314292204
6170	6208	3.91181070813469
6122	6217	3.91149154780189
6142	6191	3.91114815974064
6170	6217	3.91095714018624
1915	6229	3.91079573499249
6222	6228	3.91054297619262
6161	6223	3.91039235201298
6129	7178	3.91026739192146
6147	6209	3.91023041998338
6161	6170	3.90985049187964
6164	6209	3.90977460743185
6222	7311	3.90969185564846
6175	6233	3.90943687976752
6201	9045	3.90925112195224
11224	6222	3.90888357974756
6210	6223	3.90878296134643
6233	9045	3.90823192577487
6171	7311	3.90821511751074
4496	645745	3.90815862370362
4736	6167	3.90813807609931
6158	6228	3.90719280255306
6129	6142	3.90691483216992
4501	645745	3.90685689234377
6129	6170	3.90671624270137
6194	6208	3.90623777240853
6170	6223	3.90592452184697
6170	6191	3.90577617800206
4496	4501	3.90544170192795
6171	6223	3.9047976916899
6193	6217	3.90454863715019
6194	6210	3.9045350017461
6135	6167	3.90452495353246
6129	6229	3.90411668918741
11224	6135	3.90405162976923
6147	6191	3.90395510353661
51302	9481	3.90387869807322
6141	6168	3.90366419884001
6175	6210	3.9036370091688
6129	6233	3.90338651145195
6217	7311	3.90315014370889
6122	6142	3.90256637154624
6152	7178	3.90253879613562
11224	6170	3.9024711978047
6138	6188	3.90245778287331
4666	6135	3.90241578466987
6161	7311	3.90234375307875
6175	6191	3.90224978467659
6191	6222	3.90197001084268
6799	6817	3.90194995003844
6170	6188	3.9017792649154
1915	6223	3.90152124676158
8284	8287	3.90149547849085
6187	6191	3.90135609990456
6152	6161	3.9013511903232
4736	6176	3.90083151548677
11224	6228	3.90052400871863
11224	6194	3.90049547111153
6228	6233	3.90031995536099
6223	6228	3.90029653833041
6122	9349	3.90021984112514
6208	6209	3.89976851606639
6135	7178	3.89953574828074
6129	6210	3.89934381757517
4736	7311	3.8992135118028
6234	7178	3.89917245042705
6167	9045	3.89903781489306
6194	9045	3.89886508604873
6129	6167	3.89815944107786
3107	3135	3.89734669852808
6188	6227	3.89727954654884
6168	6194	3.89661912517386
6188	6222	3.89616817057963
1915	6176	3.89575743397671
6170	6171	3.89568636051396
6228	6234	3.89548530735223
1915	6170	3.89545269657122
10075	7178	3.89535822013367
1915	6194	3.89532807343144
6135	6168	3.8945410783303
6171	6191	3.89405046027606
6141	6170	3.89401738600124
6135	6136	3.89385155949956
6161	6227	3.89377359937851
6164	6223	3.89338695054665
6192	8284	3.89336870581192
23508	933	3.89268574187457
6171	6188	3.89250952993995
11224	6234	3.8924898142506
6175	7178	3.89238744694094
6175	6209	3.89213525785357
6141	6191	3.89178167911184
6141	6164	3.89173997126243
6191	6205	3.89164459153881
4736	6193	3.89155979469983
6122	6206	3.89149952823101
6161	6234	3.89128142172231
11224	6142	3.89083684719239
6164	6167	3.89077349029941
6170	9045	3.89029580750009
6175	6187	3.89018419368016
6129	6141	3.89001182803461
6122	6234	3.88996997498989
6122	6175	3.8899547467202
6170	6176	3.88987534320959
11224	6147	3.88925317377279
1915	6191	3.88890103646159
1915	6188	3.8885840812072
6129	6175	3.88853132760865
6170	6209	3.88837549056498
1915	6129	3.88808768270452
6152	6171	3.88797945412531
26986	9045	3.88793547945549
1915	6175	3.88791410858881
6122	7178	3.88783915768916
6188	6233	3.88771221511376
6135	6234	3.8876245601088
6142	6194	3.88748328353869
4736	9349	3.88711940318438
6136	9045	3.88711572612282
1915	6205	3.88706004543
6147	6223	3.88676420442814
6147	7311	3.88674207496973
11224	6129	3.88660559343457
6205	6217	3.88627192360317
6210	6234	3.88617077560888
6175	7311	3.88593952182105
6176	6228	3.88586756677945
6170	6175	3.88579791313743
6170	6210	3.88545745119357
4736	6205	3.88388743406092
6229	9045	3.8838253488017
6209	7178	3.88378109991762
6222	6234	3.88347871551548
6168	9045	3.8834382545371
6158	6217	3.88333512734512
6135	6229	3.88320679711309
11224	6209	3.88298538069875
6138	6164	3.88202582099338
7544	9086	3.88193796277526
6208	7311	3.8816219697552
6217	9045	3.88158414655141
6209	6229	3.88146933224419
1915	6152	3.88138270357347
6229	6234	3.88130466666726
4736	6152	3.88117029701339
6167	6170	3.88086496026416
2944	2946	3.88059805548777
6167	6234	3.88046982429026
6141	7178	3.88038432268714
6188	6209	3.88006217534375
6164	9349	3.88002408718566
6170	6187	3.87989997018714
6234	7311	3.87986326525386
6187	6234	3.87876048680526
6129	6187	3.87839252458382
6223	7178	3.8783633903794
6170	6234	3.87822663539613
6135	6217	3.87815347075978
6223	6227	3.87805287696488
6135	6141	3.8780061367348
6210	7311	3.87761074073224
8284	9086	3.87697494094187
6142	6234	3.87695008489446
6223	6229	3.87685629366461
6192	8653	3.87658168510946
6208	9045	3.87648852389478
6122	6210	3.87579269796021
8284	8653	3.87578374645449
11224	9045	3.87515150553316
6122	6168	3.87502286726969
10520	147923	3.87500112396979
5228	90338	3.87484128429001
11224	6191	3.87470646947162
6135	6161	3.87449807385745
6141	6175	3.87430826974
6129	6227	3.87429254032519
6194	6229	3.87415925102974
6170	7178	3.87410310103083
6141	6223	3.87410304021641
6229	7311	3.8740234062435
6135	6208	3.87400493631212
6164	6233	3.8736804564665
4666	6169	3.87358588186215
10376	84790	3.87302816459577
6187	6194	3.87252230748521
6175	9045	3.87247644029701
6129	6161	3.87170972482736
4736	6136	3.87153906562652
7404	8653	3.87117157041254
6147	6170	3.87106513116236
6188	6223	3.87093888713529
6191	6209	3.87082367284838
6193	6208	3.87064447045224
6135	6210	3.8702851489308
6170	6222	3.87019428052426
6161	6175	3.87000274407595
6167	6188	3.86950182841764
6141	6209	3.86907190220051
6152	6187	3.86866943167781
6141	6176	3.86826463197348
6194	6227	3.86815752243638
6158	6223	3.86739000372517
6205	7178	3.86736872366678
6164	6176	3.86689765523901
6161	6194	3.86664115520684
6208	6234	3.86634027771883
6129	6147	3.86622146133673
1915	7311	3.86459328780005
4736	6233	3.86383140630044
6175	6229	3.86337696321695
6122	6141	3.86311954132218
6171	6234	3.86155595813169
6142	9045	3.86142670651612
26986	6188	3.86120780057165
6152	6208	3.8611659050006
6161	9045	3.86081377631742
6122	6208	3.86055299607427
81856	90338	3.860447583825
4666	7178	3.86010336071735
6129	6201	3.85986042803578
6142	6176	3.8593114563767
6147	6234	3.85929384958367
6167	9349	3.85893770932082
6142	6209	3.85876481848608
6167	6228	3.8580193204171
6138	6229	3.8578165584086
6152	6210	3.85687581695487
6152	6222	3.85567186581345
1915	6141	3.85547587642115
6167	6229	3.85545440857789
6191	6234	3.85504098741795
6141	6188	3.85467113251286
6141	6210	3.85457777129967
1915	6122	3.85391850682892
6158	6175	3.85391063855201
6122	6176	3.8530563550841
9045	9349	3.85295376680843
55143	890	3.85270044122438
6141	6234	3.85265679159471
6228	9349	3.8526456016827
1915	6234	3.8522332401471
6227	6234	3.85222184090603
6159	6170	3.85222026568034
6141	6194	3.85221128562933
6141	6208	3.85167426917536
6209	6227	3.85100014295448
3437	54739	3.85074805246107
6191	6227	3.8506487029966
6175	6194	3.85057380407656
51386	6228	3.84975023715115
26986	6122	3.84968191009312
1915	6209	3.84837271696079
51386	6122	3.84814234069723
6141	6161	3.84812202658074
6169	6170	3.84796376711869
6135	6233	3.84694710330883
54664	9678	3.84636260486059
6175	6222	3.84618277978183
6135	6170	3.84605576753361
6135	6175	3.84604499481905
4736	6138	3.84585023812934
6176	6217	3.845505836282
26986	6201	3.84531660294147
6168	6233	3.8443690571448
55349	55540	3.8442645019262
6135	6191	3.8442408954413
6152	6229	3.84418013402385
6188	6201	3.8441311457873
11224	4666	3.84366488271652
6141	6142	3.84282473593432
6138	6175	3.84271716105888
6129	9349	3.84243741075795
23650	5396	3.84230242016888
6129	6234	3.84181785361518
4501	4502	3.84083925674663
4049	7124	3.84072971851637
3105	3134	3.84064640514411
6147	6175	3.84042926781178
4666	4736	3.83937436923266
11224	6201	3.83798395360445
6176	6234	3.83774290265976
6193	6223	3.83773292956175
4666	6167	3.83746868490977
6142	6167	3.83711269541321
6176	6188	3.8363890311242
6191	6193	3.83615514725018
6141	6229	3.83565120191316
4666	6164	3.83551345926927
6176	7178	3.83547091519333
6168	6205	3.83416556004512
11224	6227	3.83397122509883
6141	9045	3.83385324055665
6129	6176	3.83339417893895
6233	6234	3.83288188902931
6170	6227	3.83264893967566
11224	6141	3.83242255067772
10075	6161	3.83214267454526
6152	6188	3.83170080165139
6152	6217	3.83120148418455
6170	7311	3.83105167631119
6167	6169	3.83096961256068
11224	6175	3.83076137444764
6152	6164	3.83042180054396
6193	6210	3.83029523150539
4666	6129	3.82971562503234
6167	6217	3.82963452691374
6129	6171	3.82837362209854
6168	6193	3.82829783868923
6167	6168	3.82804312407283
6164	6205	3.82695413485151
2746	2747	3.82629755711814
26986	6217	3.82627563517989
6138	9045	3.82622534999337
26986	4736	3.82610267448378
11224	6122	3.82565474793932
6129	6191	3.82557192766471
6161	6169	3.82475520976654
6191	7311	3.82456678450361
6209	7311	3.82450255173284
6168	6176	3.82449723236298
11224	6223	3.82448953801308
6135	6142	3.82420418092502
5396	91646	3.8240380536691
3394	81793	3.82263894112781
6210	9045	3.82261787777513
4736	6201	3.82252598508093
6147	6194	3.82200246299899
6205	6210	3.82185095956797
7544	8287	3.82136338611378
6164	7311	3.82116918341765
7544	8284	3.82031815130109
6208	6233	3.82026898419748
6171	6175	3.81952066699305
6217	9349	3.81887971163837
4494	4501	3.81884942951764
4736	6158	3.81793880103607
6164	6201	3.81757688942567
26986	6233	3.81691529664158
6188	7311	3.81624935415066
6170	6205	3.81544030859275
4118	6364	3.81421037086588
6122	6161	3.81404970643428
26986	6135	3.81387467217175
6194	6222	3.81158564652633
6168	6201	3.81145472099715
6161	6167	3.81054845126708
1915	6193	3.81050316796156
6141	6167	3.80914391144681
3106	3134	3.80904283269543
6122	6170	3.80886024331714
26986	6228	3.80714087219214
6152	6170	3.80711310730477
6228	7311	3.80634624333354
6171	6194	3.80609343063645
6170	6201	3.80608462900942
1662	84259	3.80515667978862
6234	9045	3.80475363693163
4666	6229	3.80436598942403
6138	6142	3.80329471015088
6135	6222	3.80178955727713
4697	54664	3.8012788739868
6138	6228	3.79962290334247
6169	6229	3.79944197759542
6122	6229	3.7989623341736
6169	9349	3.79824792203654
6217	6233	3.79811437578668
6122	6227	3.7972280632639
6201	6229	3.79706249311385
1915	6135	3.79702002784954
6176	6205	3.79690893526948
5478	6208	3.79605149291088
6135	6201	3.79594321838855
388677	4853	3.79491654603348
6159	6167	3.79488057958648
6194	6205	3.79445072866906
6129	6158	3.79409670552032
6160	6169	3.79207152794461
6122	6222	3.79177221125399
3433	3437	3.79095553178939
6135	6227	3.79076508541305
6191	6194	3.78863737217732
26986	6168	3.78862415564419
6169	7178	3.78837411440338
10075	6210	3.78828003285662
26986	6164	3.78815982127899
51386	6188	3.78793055686104
6142	9349	3.7875521701505
1285	1286	3.78748270802536
6138	6208	3.78657241881322
6222	7316	3.78640292664551
30827	4152	3.78449914863801
7178	9045	3.78307698231244
6164	6193	3.78175661980239
6205	6223	3.78099040272056
6129	6222	3.78058631841494
6141	6233	3.77883075693631
6229	6233	3.7774889730834
4357	7263	3.77616532546273
6135	6138	3.77605416810524
6142	6152	3.77546379490764
7596	7767	3.77543301792017
6129	6136	3.77499087594988
6122	6187	3.77444379104211
6122	6223	3.77435463094015
6136	9349	3.77432910962335
8287	9086	3.77374339134183
10520	163081	3.77348269768237
4736	6169	3.77311615601617
26986	6194	3.77205340321239
6205	6208	3.77174648730234
6136	6234	3.77060738687342
6158	6234	3.76896575856194
26986	6167	3.76883940833662
6142	6205	3.76836729052201
6122	6233	3.76597781849274
3107	3134	3.76584029657632
6176	9045	3.76576129709885
6176	6233	3.76515484211557
27166	518	3.76470738722033
6158	6176	3.76434360290195
10561	10964	3.7641678518987
6136	6194	3.76376962452398
6167	6175	3.7629780749462
10384	11118	3.76211763460479
11224	6169	3.76122204018937
11224	6167	3.76061795225224
23650	6364	3.7600922757583
6187	7316	3.75941082851516
5478	6228	3.75912790316287
11224	7311	3.75851606334362
6175	6193	3.75830227156544
6129	6205	3.75794724230944
6160	7178	3.75757763119187
6201	6228	3.75710003655362
6135	9349	3.75620444702248
6129	6193	3.75584284401903
11224	6136	3.75458593881203
6194	6234	3.7537797072188
10075	6222	3.75367674598326
6364	6853	3.75333021733169
6188	9349	3.75318644867008
6152	6191	3.75193621466278
4666	6122	3.75167155492421
5478	6210	3.75122595610951
26986	6175	3.75112937950148
7178	7311	3.75052478134261
140738	5396	3.75019142922398
11224	6176	3.74969142272542
6158	6170	3.74967599758748
6223	6233	3.74944257152295
6158	6168	3.74909049411105
6167	7178	3.74897052290757
3108	3109	3.7483374314456
6167	6208	3.74745233836095
6164	6169	3.74524581508309
6135	6187	3.74467411875945
23556	57614	3.74460071887727
6158	6191	3.74399778303758
8653	9086	3.74204726133565
6129	6138	3.73940082471603
6176	6223	3.73905796311741
6141	6222	3.73742635601858
6205	6229	3.73606496992135
6159	6164	3.735724084516
28969	9678	3.73543878040753
6170	9349	3.73537178992444
11224	26986	3.7351694978355
3113	3115	3.73503378865491
6169	6188	3.73441009235295
5896	5897	3.73253082098581
6159	6201	3.73179869924399
6176	6194	3.73168993367409
6193	6222	3.7305176113584
3156	3157	3.72922041457419
4666	6194	3.72897406404403
6161	6205	3.72870083909157
6129	6209	3.72792564709466
11224	6233	3.72786413927124
6142	6233	3.72716821680684
6129	6206	3.72689187860263
429	6364	3.72587364405108
6175	6201	3.72539811848067
6187	9045	3.72524829080144
6234	9349	3.72511313252701
6191	6233	3.72453347644876
26986	6141	3.72327721070347
6170	6194	3.72299257363037
6159	9045	3.72299065635176
6152	6223	3.72167173153148
6136	6164	3.7203384562697
6141	6187	3.71911267048877
6194	9349	3.71900536488804
6171	7316	3.71728033279302
6141	9349	3.71660089824447
51386	9045	3.71637508121298
11118	11119	3.71619781218441
6122	6193	3.7160419190575
6158	6164	3.71590889663436
6159	6169	3.71559574055293
6209	6233	3.71409605875099
26986	6234	3.71389816217429
1122	23596	3.71343918981425
4496	4502	3.71285135291415
285231	90338	3.71125220610662
51733	6364	3.71076955485455
5478	6217	3.71016939776663
103910	10627	3.70940739418992
6135	689	3.70612770992784
6135	6152	3.70601548987163
4697	5711	3.70498979474217
6122	6191	3.70228129461723
6122	6147	3.70123212264473
6141	6171	3.70098924943995
6167	6233	3.70065451342837
51386	6135	3.70041627667091
6187	6193	3.70034357517837
4666	6170	3.69922227631086
6175	6227	3.69908311112384
6129	6223	3.69890207279899
55591	55785	3.69742484841635
6201	6208	3.6973953041686
6138	6168	3.69561951851998
6122	6158	3.69537083094742
27350	60489	3.69528992603803
4666	6188	3.69434610685086
4666	6234	3.69392761930038
6122	6201	3.69391353843837
6161	9349	3.69362641286304
6160	6170	3.69278414506131
6138	6210	3.69088574472024
51386	6141	3.68753617084568
5143	5228	3.68625185823428
6147	9045	3.68601582733623
6152	6228	3.68578730214238
6160	6167	3.68522474035595
6138	6161	3.68504361440794
6194	6209	3.68417103378377
11224	9349	3.68414921258065
6161	6201	3.68351797599006
6135	6206	3.68239326978454
4666	9349	3.68173608796211
27295	30812	3.68047812130075
6158	6209	3.68019543339407
6222	9045	3.68006728844225
6176	6210	3.68000157492928
6136	7178	3.67987823878347
6227	7311	3.67910138515128
203286	79695	3.67826751374613
23650	91646	3.67801186280406
6205	6209	3.67725400484615
219285	3437	3.67673838486646
6167	6176	3.67666139234531
6161	7316	3.67601610397448
55744	5683	3.67526315358642
6209	9349	3.67510039067811
114769	834	3.67340608697092
6191	9045	3.6715970853079
118487	51021	3.67060822735107
51386	6175	3.6698538927024
3646	8667	3.66898771903465
6168	9349	3.66866039094426
4736	6159	3.66847994744538
6135	6147	3.66697435625009
4666	9045	3.66581455935891
6176	6191	3.66536933169569
6210	6233	3.66493060715191
4736	6160	3.66489525744831
6122	6209	3.66417710113948
6167	6194	3.66392260769618
4666	6136	3.66284287800777
6135	6205	3.66241951179653
1915	9045	3.66179762921797
6194	6233	3.6617454012165
6135	6169	3.66093916344683
4666	6228	3.66063162571753
6138	6233	3.65995157663607
11274	3437	3.65893718427289
6205	6222	3.65888832116177
6171	6201	3.65690550206384
6135	6158	3.65647528250254
151636	83666	3.65340529745712
6141	6160	3.65334121656504
4666	6160	3.65325511743521
10075	4736	3.653002944667
6141	6147	3.65248106213535
51386	6129	3.65207929481275
6136	6159	3.65192861205432
6194	6201	3.65159913361838
6229	9349	3.65086406103372
6167	6191	3.64956488279378
6176	6208	3.64767864946245
6142	6193	3.64674174968148
6187	6201	3.64583187959396
3178	51386	3.64549668543334
6160	6229	3.64479706631535
3133	3134	3.64373053183066
6142	6169	3.64343190222997
7544	8653	3.64299612474648
5478	6164	3.64292508069824
6426	6428	3.64235093671794
6135	6209	3.64199914589246
6364	91646	3.64196009648905
6138	6170	3.64122402202005
6141	6227	3.64112353299461
6135	6193	3.63993641414552
6160	6164	3.63942299647966
6158	6233	3.63844728392536
6158	6208	3.63814188091491
6171	6205	3.63803720612653
6201	6234	3.6369741824417
6193	6194	3.63627253395143
6193	9045	3.63579917726242
4666	6141	3.63547297671496
7673	7773	3.63539279739388
6138	6191	3.63493475502431
6147	6152	3.63434446584935
6209	9045	3.63407093698028
6136	6142	3.63357757893326
4666	6176	3.63282132855504
140738	6853	3.63064874824296
285231	5228	3.62979134362806
5478	6227	3.62921401465812
26986	6136	3.62915239519024
4666	6168	3.62880941273404
6152	6175	3.62838142908343
5698	6890	3.62799286419083
1033	9787	3.62741037761849
6187	6205	3.62720903207027
6161	6233	3.62644285352863
6193	7178	3.6251675952277
26986	6170	3.62337856391333
5396	6853	3.62245111350761
1915	6233	3.62114184284453
5478	6187	3.621008712555
6169	6191	3.62095008846285
6135	6146	3.62086331185283
6135	6176	3.61998681737098
4666	6191	3.61923809368575
6168	6169	3.61911420451924
4811	6364	3.61897302099261
4666	6161	3.61854508504573
6171	6193	3.6172430572535
6233	7178	3.61698213592908
6136	6170	3.61620213651138
6167	6210	3.61619575658691
6176	6229	3.61591599693192
6135	6160	3.61559609715121
6171	6233	3.61468734786021
7178	9349	3.61325187527079
6233	7311	3.61189705085896
6135	6171	3.61047091320997
51386	6158	3.60925766264119
4736	51386	3.60904266311863
11224	6205	3.60766351093446
51386	6164	3.60720328956813
3543	57597	3.60657201081647
6175	6205	3.60617774797973
6136	6228	3.60519670575531
6152	7311	3.60449671975348
23016	23276	3.6039750637717
10075	6217	3.60391793299882
6136	6168	3.60318268290297
6122	6146	3.60287671866274
147923	163081	3.6025104991318
10075	6187	3.60227733247053
6176	6201	3.60171848829925
7404	7544	3.59961859462849
10075	6168	3.59720450465565
10452	92609	3.59584107233772
6187	6233	3.59421059312867
6138	7178	3.59384879967254
6176	6209	3.59297113914292
6152	6209	3.59293180543564
6135	6223	3.59208130414274
6161	6193	3.5919608783488
6193	6209	3.58973182111405
6176	7311	3.58901963870703
6210	9349	3.58842650570458
11224	6159	3.58808469561754
26986	6176	3.58767330262064
6136	6188	3.58525288202807
6136	6141	3.58493058188528
51386	6194	3.58389541153596
283489	7027	3.58146450304207
1915	9349	3.58136002758587
6167	6223	3.58075006752343
11004	3832	3.57862240288829
6138	6187	3.57842369747481
3119	3122	3.57769259625764
6167	6209	3.57685869768644
1915	4666	3.57580092383556
10148	259307	3.57554609674504
6201	6217	3.57488833268036
6160	6191	3.5746287900717
10075	6142	3.57374528930998
10075	6147	3.57339778529598
23440	5396	3.57197620192745
6147	6193	3.5708256280076
3017	85236	3.56929527781328
6159	6168	3.56853493138528
4085	890	3.56697905920574
6147	7316	3.56419939501948
3336	81892	3.56393502570236
6122	6205	3.56380243513537
11164	8872	3.56346079828344
3554	6364	3.56262526768592
6142	6158	3.56247761619157
55863	84259	3.56091337154983
6188	6193	3.56086175691954
6136	6176	3.56064371773737
6167	6222	3.55919185588403
10075	6191	3.55674511951155
6142	6159	3.55578971695181
6136	6217	3.55576698323946
10075	1915	3.55568656242272
6160	6205	3.55483379278879
6194	6223	3.55404983966079
6136	6161	3.55387084566834
6158	6210	3.55251795243819
3017	8345	3.55170047178538
6176	6187	3.54947061730135
1915	6158	3.54746503630455
388962	518	3.54717260739744
6171	9045	3.54520798872434
6122	6171	3.54488485393716
6129	6159	3.54439740540112
6152	6176	3.54430188320329
6520	8140	3.54414974760863
10075	6229	3.54339861088913
57120	9439	3.54300046655135
4089	51320	3.54257483533251
6170	6193	3.54106602078291
6147	6167	3.54042044004533
6138	6147	3.53903155890709
4666	6210	3.53777105545335
27089	5441	3.53749890208415
27166	55651	3.53378598792552
6227	9045	3.53174816583154
6223	9045	3.5283399767996
6147	6205	3.52783635136688
6205	6227	3.52760581514674
23440	6364	3.52669335058595
6158	6194	3.52632915829254
6158	7178	3.52548563296599
6141	7311	3.52363138149464
6147	9349	3.52362577679398
11004	23397	3.52357821071634
6129	6152	3.52152802152011
4118	5396	3.52108495992869
6122	6152	3.52031048850136
6158	6188	3.51971302786566
4666	6201	3.51887270532473
6208	9349	3.51661431934123
284443	7562	3.51590192042723
6142	6160	3.5153212942682
6167	6187	3.51453990484518
4102	4105	3.50910438554663
27166	81892	3.50696442571573
5478	6188	3.50481994272356
6227	9349	3.50440721956732
6167	6206	3.50411943744344
150678	5441	3.50363467079387
28969	4697	3.50347512053686
6138	6194	3.5023028204594
4736	5478	3.50019278166191
6201	6209	3.49851726487216
3111	3115	3.49736727999062
429	5396	3.49719999483158
4666	6159	3.49713390499107
2983	6364	3.49641807702095
6135	6159	3.49464898670577
6136	6169	3.49211634572894
6169	6234	3.49138141028316
6147	6233	3.48960352282809
6161	6176	3.48944962730647
151636	54625	3.48930048665655
6147	6201	3.48744009846756
6176	9349	3.48601667225833
140738	6364	3.48483260088496
10112	9055	3.48337516954222
6141	6152	3.481745986713
4697	7562	3.47757930007907
6158	6167	3.47743351766826
4666	6142	3.47664090751847
6160	6176	3.4764667394181
6210	7316	3.47548726912294
6159	6229	3.47483852650722
6206	9349	3.47458816906122
4495	4501	3.47382014597847
11224	6193	3.47223650296954
55651	81892	3.47151835364279
4811	51733	3.47151111910131
6205	6234	3.46943199510558
283489	65110	3.4690461943786
126308	1465	3.46674503451433
6129	6169	3.46669278856897
6206	9045	3.46629728447059
26986	6209	3.46591505291136
79132	8638	3.4651083489983
6138	6217	3.46080123794761
6159	6233	3.45944617440744
6167	6201	3.45637868146584
6160	6228	3.45631620177315
6158	9045	3.45615232554951
6152	6234	3.45613611802226
6193	6229	3.45599187095918
6136	6201	3.45464128379679
6136	6146	3.45356374664289
6193	6234	3.45294915612628
6193	6227	3.45101647762171
1915	6201	3.45074024255529
10181	11188	3.44903917849807
4666	6208	3.44900289132104
11224	6138	3.44536146457494
6152	6194	3.44480898811458
230	5210	3.44469920118955
6152	6227	3.44423112057879
3133	3135	3.44397549167786
6201	6210	3.44365407541458
4666	6217	3.44205156232431
55082	55608	3.44149761221049
10385	11119	3.44120565625564
10520	284443	3.44029415921945
55143	701	3.4384509982371
6159	6234	3.4382832571655
51386	8665	3.43466190604698
6193	6233	3.43385721985956
6171	6176	3.4336553536969
6152	6169	3.4311766240628
7404	8284	3.43061630372143
79666	93550	3.4305209645876
7311	7316	3.42979438393772
6169	6217	3.42543901216751
3105	3107	3.42502340332857
6159	6176	3.42240032976199
7596	7769	3.41981705009564
429	6853	3.41927693300563
3308	79023	3.41661734916749
23440	4811	3.41640892046679
4697	5696	3.41631989087313
6136	6160	3.41094491573784
1938	3646	3.4059472013844
54739	55601	3.40587549907838
79921	9338	3.40021982153467
6168	7316	3.39991099283516
5478	6171	3.39888146105775
51386	6138	3.39704714368362
6160	6188	3.39616999478909
6187	9349	3.39521488168826
6136	6229	3.39450913642467
6159	6161	3.39287158715522
5478	6222	3.39274076485753
51386	6217	3.39271603096761
6129	6160	3.39220605996945
6142	6201	3.39103586708164
259266	3930	3.39065482048122
55140	55246	3.39051657653403
26986	9349	3.38696362306935
6158	6227	3.38693523287131
54625	83666	3.38506631398543
3178	6206	3.3839652740576
6167	6227	3.38391582608696
6188	6205	3.38257234572932
26986	6161	3.37996351408214
10075	6171	3.37838526805475
23650	4811	3.37710021894935
6201	6222	3.37664807758533
372	9354	3.37516698185051
10075	6164	3.37298451022172
6222	9349	3.37129328333262
5478	6168	3.3701999812084
51733	5396	3.36961990781788
6147	6169	3.36818354325161
285231	55075	3.36751914870132
10494	975	3.36746223030595
5478	6129	3.36533670360617
1915	6136	3.36021165525536
2983	5396	3.35879850975433
6160	6161	3.35787524117461
124093	84264	3.35760630557411
26986	6158	3.35617838170962
3115	3119	3.35590088622653
6122	6159	3.35301009993032
6159	6171	3.34382431663253
207063	9189	3.34263386951866
7768	7773	3.34097030106113
6152	9045	3.33758029439709
1660	6428	3.33637708018308
6159	6188	3.33614675095232
6167	6171	3.33563080752591
4666	6152	3.3347852080732
3437	3665	3.33083199224778
5478	6147	3.32785570757036
5478	6209	3.32343197162933
5478	6175	3.32159528612109
6122	6169	3.3196520368458
6201	7178	3.31820152233358
1915	6167	3.31571802797523
6138	6201	3.31570142674252
10479	93380	3.31481516133088
339324	57711	3.31155556559858
6122	6160	3.3087424639906
84967	93974	3.30863886414834
140738	51733	3.30850835464522
1737	26521	3.30668864908854
10849	6723	3.3047817188782
4736	6206	3.30302733229136
54906	79754	3.30117030777807
6152	6167	3.30069961314538
6171	9349	3.29997485757821
51733	5199	3.29930264275825
23435	6426	3.29900093278281
10520	5698	3.29736402841
390980	9422	3.29710520119656
5478	6194	3.29598193279297
689	9045	3.2953850588274
27336	9016	3.29345650252135
6201	7311	3.29088717982081
161823	9836	3.28713987176961
6222	6233	3.28417802365035
6136	6175	3.28395560735981
4666	6205	3.27785108454701
10381	10383	3.27648298865928
51386	6206	3.27460858750648
285231	5205	3.27212050906299
1164	6634	3.270356679823
6122	6138	3.27023483012329
6138	6222	3.26852654055463
5683	64983	3.26709111375926
29128	90381	3.26694847232739
3017	8334	3.26444725516306
10075	6208	3.26173190969041
23440	91646	3.26032578432098
4666	6171	3.25988341214062
10075	6188	3.25704333849657
1798	3145	3.25646998945221
10075	6152	3.2559258356892
6138	6234	3.25539457175536
6138	6171	3.2531938455176
6159	9349	3.24809746399409
1027	54407	3.24663807867615
65982	80095	3.24641841218395
4706	81892	3.24418108219631
10075	6122	3.2418253874362
10075	6227	3.2390391544061
6129	7311	3.23850391906212
55075	81856	3.23197221306871
6138	7311	3.22986155861506
3178	6194	3.22888374637702
6167	7311	3.22871692126024
3437	55601	3.22801442283728
139886	257218	3.22739873256812
1915	6138	3.22585305341522
6159	6187	3.22552841884326
6136	6233	3.22518630780687
26986	6229	3.22157257724322
6175	9349	3.2200982581231
6169	9045	3.21979715121178
6164	6206	3.21933579659431
6193	7311	3.21925233030052
6138	6160	3.21498883283688
10075	6228	3.21439601457489
4494	4496	3.2087334820238
27336	84295	3.20684914887858
23380	647135	3.20552743128516
1737	6392	3.20462080556708
6160	9045	3.20328247984608
10112	22974	3.20311271573216
6158	6229	3.20246479569155
6169	6208	3.20170857122435
6229	7316	3.20130244054059
11314	6364	3.19600653221888
4666	6222	3.19471948562438
701	890	3.19211902577754
2549	6641	3.18915083786955
3105	3106	3.1890838938278
1915	5478	3.18873182978551
3434	3437	3.18794700574984
6152	6201	3.18723232269341
6176	6222	3.18620412839873
3662	64764	3.18506426481825
10075	6209	3.18428821716668
1938	6122	3.18230349616419
6146	6194	3.18180057008653
51386	6142	3.1815396228522
2130	6427	3.18048094031344
26986	5042	3.17815985885256
11224	4869	3.17669939680237
6194	6206	3.17347132740682
29883	55140	3.17082498470552
10075	6194	3.17035351982658
6206	6228	3.17006421887052
51386	6176	3.16765077867972
26986	6223	3.16758328687699
6136	6223	3.16477140699059
5478	6193	3.1645186499836
2149	5396	3.16443423012479
115106	23093	3.16103795053158
55143	9232	3.16081990898956
23440	429	3.15970039144017
6159	7178	3.15828573377197
1465	51239	3.15802483942565
10426	3621	3.15554316473178
10155	5424	3.15174452582103
113130	8438	3.1514747466419
3115	3122	3.15108726432752
147923	284443	3.15000645381924
6152	6233	3.14679869708746
7767	7769	3.14587575157621
51659	6240	3.13833376605936
7404	8287	3.13623481057469
4666	6227	3.13194158681962
27089	55651	3.12964172699408
6167	6205	3.1283724005181
6169	6187	3.12616129822372
6136	6152	3.12575392731921
6301	8565	3.12515084040687
10112	55355	3.12307136795806
3111	3113	3.1196962140092
6122	689	3.11949746970459
6205	9349	3.1191642283494
6122	7311	3.11911911369408
6205	9045	3.1155275716814
285231	5143	3.11301926221153
6169	6171	3.11198348801577
26986	6142	3.10965034940957
57407	60592	3.10845090506069
3178	6129	3.1073355407422
140738	23650	3.10692065222879
56945	79714	3.10656944829419
6723	81892	3.10541320518086
26986	6208	3.1048697488038
7311	9045	3.10443858438256
6138	6176	3.09926661335246
4666	6187	3.09879381534826
257218	6575	3.09594695386491
4666	6233	3.09321120169273
26228	973	3.09242521045386
51386	6210	3.09046438947567
1854	9768	3.08862049805529
6141	6169	3.08753893076054
6158	6187	3.08665346347665
6233	689	3.08231315613238
51733	6853	3.07784557162254
6169	6228	3.07555351712197
140738	54434	3.06804008049126
51203	57082	3.06744202873295
26071	8933	3.06407555724332
6136	6222	3.06395996778996
6158	6161	3.06386266579244
56995	57583	3.0629326516053
10075	11224	3.06023365136212
57597	5896	3.05946074065968
3662	55619	3.05817108970902
6152	6159	3.05574648631134
6160	6168	3.05249828181318
6138	6141	3.05173286862922
8345	85236	3.05141991138436
6176	6227	3.05100670889097
6176	6193	3.05052259313854
23533	6364	3.05040429392326
6159	6208	3.04937391100135
6138	6227	3.04629307520564
391	5880	3.04022717089595
4869	6122	3.04010955270576
6169	6210	3.03853073279879
6136	6206	3.03783939113345
4666	6206	3.03684322752229
339324	7596	3.03568972722011
83460	84817	3.03535422453054
3182	6636	3.03516974457397
11314	5396	3.03296755433557
6201	9349	3.03211999014716
10075	6223	3.03136877346258
23406	931	3.02161330065875
4000	9518	3.02153561979085
10598	4860	3.02040143375213
51761	5896	3.01643927687975
6158	6222	3.01458090421714
1938	6135	3.01220946962323
51386	7178	3.01203086594651
10075	6205	3.00908260967377
6147	6176	3.00459237932674
10592	890	3.00408442782666
3006	8345	3.00323485713004
6208	7316	3.00231199313899
6169	6222	3.00070267729767
6138	6167	3.0005830349809
3201	3202	3.00044663779602
51524	63875	3.00013009705562
23161	9678	2.99879714302377
5478	6142	2.99873855108869
23139	88455	2.99851498613362
6160	9349	2.99668072537729
10437	942	2.99620791421737
51386	6205	2.99502940941638
840	9111	2.99238906323984
10456	4141	2.99035221879459
3925	4678	2.98950802486304
23180	51385	2.9870421709617
4666	6147	2.98504708580505
26986	7178	2.98351025172131
4000	6364	2.97985493742455
6167	689	2.97875274598617
1915	6160	2.97753752592936
159090	27336	2.97748698951792
3006	85236	2.97664043388382
6227	6233	2.97302668581175
1915	6169	2.97260020945668
55143	9787	2.96962377214917
80237	88455	2.96706745518206
6191	9349	2.96578596753542
5880	7408	2.96440953976921
6160	6194	2.96365759048381
10437	23180	2.96340148964326
5519	8065	2.96061234393576
147694	2938	2.96056892114668
23527	80310	2.95977117494225
4811	5396	2.95942274444148
10075	6135	2.95815480923434
26986	3646	2.95634806756347
5478	6229	2.95418207290683
3178	6122	2.954005704003
54812	8837	2.95265948408214
10075	6234	2.9498046133417
4493	4501	2.94861969143625
440	833	2.94814523885336
23246	51236	2.94783844448284
2961	5520	2.94433775723618
10632	9354	2.94309552484067
1915	6159	2.94144698872002
26986	6147	2.94072335458227
6159	6222	2.93945354779034
1834	90332	2.93883441242578
220988	3925	2.93844552072563
150678	4707	2.93620128678396
26986	6210	2.93615482600642
259266	7153	2.93464429240666
6146	9045	2.93127200078267
23161	4697	2.9304705849747
1116	23650	2.92993743531126
10969	51491	2.92903410139997
115106	25941	2.92641908161691
7746	7770	2.92507651424586
7404	9086	2.92130517911977
4998	6240	2.92079614600413
147923	9678	2.91869192966132
146909	7153	2.91849636930846
1938	6136	2.91843249377427
10479	27336	2.91595531580088
55843	6938	2.91086021673681
6136	6210	2.90949517705847
3554	5396	2.90879552622729
6122	6132	2.90871587035897
6141	6201	2.9087086697804
597	643	2.90779099642457
7768	7769	2.90606901285516
23406	3394	2.9052246352103
4666	6209	2.90423415561466
284443	55769	2.90043209931397
6147	6159	2.89663419436119
51182	79723	2.89555791872772
55210	83858	2.89265402155522
3662	8553	2.89139429454931
4502	645745	2.88980749105853
5228	55075	2.88810139827904
3151	3181	2.88646413329164
1000	2290	2.88502205472437
9232	9787	2.88488537573991
23406	5452	2.88168107205642
3178	6228	2.88104215123146
2983	429	2.88063865830632
26986	6191	2.8771663847537
6206	6227	2.87696273796853
4494	645745	2.8729897238553
6159	7311	2.87110815435886
4495	4496	2.87035794781306
1737	3145	2.86562144411222
291	92558	2.86532927827147
51495	90333	2.86516559255551
597	9308	2.86455877978065
11224	6158	2.86349997778171
23180	9144	2.8630697937445
5696	7562	2.86166072183223
23753	7873	2.85900738822068
27033	29916	2.85822613435516
11224	6160	2.85742344697336
23347	64863	2.85720406100456
65110	7027	2.85650543542564
26986	6193	2.85557101271016
3309	7873	2.84939404430134
22974	54443	2.84631362027169
5439	9551	2.84325813554362
6146	6203	2.84283151643977
26986	6146	2.84171430264394
2140	64960	2.84086087274576
55048	9518	2.83716086110791
140738	64109	2.83495196235126
140738	23440	2.83375943482704
518	81892	2.83345215715152
4688	54812	2.83245773597879
51239	51524	2.83052417266011
27089	81892	2.82753517285474
6129	689	2.82743552226022
6136	6208	2.82537065348908
10075	6136	2.82040059084333
3421	6748	2.82002379222909
6483	84687	2.8195225320526
51386	6203	2.81655260970705
4736	4869	2.81551737349161
3181	57570	2.81128214673253
54880	994	2.8067629945075
140885	25861	2.80459971998567
6152	6205	2.80351518843195
23440	51733	2.79869846634033
51491	81892	2.79518000038718
6223	9349	2.79353437911867
5440	6921	2.79342511357915
2617	440	2.79147530575794
26986	6138	2.79137247358813
200879	23650	2.78471148578983
1879	695	2.78292807398038
26521	9354	2.78285977966787
6169	6194	2.78255885345081
10437	9144	2.78147669073254
1645	1646	2.78093899567509
518	522	2.77892522671492
115416	4967	2.7763707337866
6158	6171	2.77429995941819
6136	6209	2.77160603648033
6136	6187	2.77100287589561
2100	23224	2.77004142943465
6136	6205	2.76997848829545
1033	9232	2.76659806700024
5478	9045	2.76611250822125
4118	4811	2.76445740674825
6135	7311	2.76313138902188
6192	7404	2.76298914094838
1938	9045	2.76247220862046
26031	51225	2.76241533457795
6169	6176	2.76234153639051
4605	53335	2.76185248882017
83461	890	2.76181671004997
10520	7562	2.75719258380358
6188	689	2.75613912087073
3182	5902	2.75483881978792
55143	991	2.75378518822241
285231	81856	2.75377593191824
7769	7773	2.7504161870029
10075	6169	2.74929251418314
6169	6209	2.74873822080492
1051	4141	2.74777324969223
51362	57120	2.74565295530672
23075	931	2.7436653703342
80194	84317	2.74262107410439
6206	7178	2.7413340186691
28969	54664	2.73936189579029
196383	27033	2.73925694983981
1435	64919	2.73872778657805
6160	6234	2.73849995255768
23406	81793	2.73688773245534
6147	6158	2.73586617912829
6159	6175	2.73285283953017
202018	4602	2.73281151978678
6167	6193	2.72786583486624
55140	55174	2.72488675507653
3006	3017	2.72226674890353
6122	6203	2.72138418354368
4017	5724	2.72011358346071
10426	55608	2.72001786609215
4666	6175	2.71979023845335
3554	6853	2.71276272102851
1349	94056	2.7112014137922
5478	6122	2.70968451688974
6159	6228	2.7079557285017
51386	6234	2.70607942297943
23075	57162	2.70551549577319
26986	6187	2.70501500769441
26986	689	2.70454534575476
4086	8739	2.70255780510618
7852	80183	2.7006018863061
51386	6167	2.70014829543288
2793	51225	2.70005677375369
140738	429	2.69992846239836
144455	6667	2.69973038854973
5926	79665	2.6995874541497
23650	51733	2.69814703712564
22828	9589	2.69787621679872
10236	1660	2.69456474961055
6191	6201	2.69333734455871
4736	6132	2.69205630359815
79622	9978	2.69134978882157
6158	7311	2.69129170440989
6188	6206	2.6891198289137
1646	23533	2.68715182428054
5228	81856	2.68579921756819
10927	29799	2.68297790210857
11314	6853	2.67822477878061
6160	6210	2.67803026021778
891	9787	2.67799897199058
6158	9349	2.67717435605246
7562	9678	2.67618138069657
79084	79622	2.67426583343448
6138	6223	2.6715333876752
6240	79075	2.6663154512479
5984	6240	2.66175303238719
51386	6193	2.66158997049693
701	9133	2.66149913526621
6908	9589	2.66112636955808
1915	26986	2.66063600916281
55215	9787	2.66039255451502
54540	84726	2.66015173166733
7773	79673	2.65678669674395
5396	54434	2.65547777731059
10112	10615	2.65499968238151
54664	7562	2.65472379117988
6205	6233	2.65005658371934
1938	26986	2.64193318935047
51386	6191	2.63863807354027
3106	3133	2.63848642114245
3146	5757	2.63593047224381
597	958	2.63435214792875
9584	9847	2.63158733383149
4998	84250	2.63037656389825
1915	4869	2.62894705723931
5321	894	2.62889792947397
26986	6132	2.62831930445123
4052	9481	2.62703210356347
6129	6146	2.62695926024163
10733	79733	2.62585181034729
1063	899	2.62545588649507
83879	9459	2.62407972696887
4686	9128	2.62237441973855
113130	79733	2.62158809482519
6136	6171	2.61983818463841
4666	689	2.61967430797346
116092	8480	2.61174409246245
3988	840	2.6087178289998
391	7408	2.60717136105197
23649	79019	2.60302204317277
6159	6210	2.59957961765293
23650	50509	2.59892820655618
6364	64109	2.5987261366551
3065	80237	2.59834380117817
129401	3336	2.59661596504167
140738	55048	2.59261073069477
2822	7915	2.59032627933612
113115	387103	2.58957179179688
51142	5425	2.58949713030224
374291	4701	2.58857815018583
23095	9655	2.58796372104315
11314	429	2.58599024411538
2073	55608	2.58507731284022
51021	8520	2.5849007024902
79697	90333	2.5814525684492
23511	6418	2.58126780793272
4830	5245	2.58072551521908
5698	7562	2.57614052748593
27033	3726	2.57402005921592
6169	6227	2.57296165368697
23180	50618	2.57235010447665
10432	1660	2.57131121941178
4000	55048	2.56910831528584
9063	9352	2.56873241344774
51733	91646	2.56842806882972
6152	6160	2.56388420421
26959	90864	2.563492416341
26986	4666	2.5614621144937
4118	51733	2.55803713043677
27335	4707	2.55710032002372
4602	9315	2.55707286966769
257397	6197	2.55679780201461
516	81892	2.55482303118825
219285	54809	2.5543821378358
6205	7311	2.55343645690659
11133	117178	2.55205936766894
1063	259266	2.55043786553243
2983	6853	2.55040894863253
7637	7699	2.54950932146829
27086	3899	2.54755012239755
25909	64216	2.54641600139064
79930	971	2.54367341728347
3308	339487	2.54305498307336
285855	9533	2.53807999519165
55055	890	2.53755577338755
57535	89766	2.53699493517279
11064	7181	2.52800278267524
10075	6141	2.52686783648728
10075	6175	2.5266278096548
51125	55290	2.52394136146082
55215	6240	2.52316606714833
6201	6223	2.52162396215481
51142	5683	2.51933774576486
10492	23195	2.51810134571528
200879	6364	2.51622348828871
51507	7165	2.51612625815671
2140	5724	2.5133667044215
147685	80095	2.51313988370946
3178	689	2.51293132145947
701	9787	2.51193604086767
389203	84967	2.51044993387436
6159	6209	2.50763405011191
3017	8357	2.50698997317056
11314	2983	2.5068647515958
10534	2193	2.50621259601576
51386	6233	2.50592229394878
6138	6159	2.50202558460118
11339	55055	2.50200397894635
6141	6206	2.50145382212503
6206	689	2.50144739161887
26986	51386	2.50001642510352
2549	4299	2.49690778785334
3646	6136	2.49620771974469
6160	6217	2.49555951905601
51053	7884	2.49408046372486
25839	80010	2.49094019366694
10075	4666	2.48831593097515
10927	165	2.48734516508639
6193	9349	2.4847904470568
1649	833	2.48464890111339
26986	6171	2.48398244704423
115106	4605	2.48104150818874
6136	6158	2.47823108547796
4695	5441	2.47426773419282
4869	6136	2.47325071988848
10139	7165	2.470643623317
604	85025	2.46915121080053
3482	57583	2.46861176898493
6194	7311	2.46733741042949
10580	23580	2.46210138146905
4869	6201	2.45879942766366
10520	4697	2.45825230421511
54664	5711	2.4581173806099
2549	5264	2.45656645191029
4809	81892	2.45632691925283
51386	689	2.4528697130644
6160	6208	2.4515672148333
3336	516	2.45129574328843
219285	24138	2.45102442908811
10728	51371	2.4495230001154
11224	5478	2.44916531380578
55143	891	2.44543093830484
51386	6227	2.44273796838781
55355	9493	2.44007790110811
4495	4502	2.43741144722443
1349	518	2.43021612713823
54407	81539	2.43017300361428
147923	84775	2.43003388300057
3107	840	2.42565725729299
10580	63027	2.42316107691689
6059	84135	2.41912179223444
26986	7311	2.41537615254345
6158	6160	2.41505333935264
23126	4209	2.41340114541273
10580	23533	2.41316912791823
140885	6367	2.41315774471922
10075	6167	2.41309860827882
3429	3434	2.40779946887336
23440	4118	2.40634849682671
6160	6175	2.40634344043089
2237	7884	2.40580587141105
6856	939	2.40497268376393
890	991	2.40435302909349
226	3939	2.40197097127267
2224	6307	2.40029715703714
5711	7562	2.39868255594973
1938	689	2.39819062583574
56265	81888	2.39681450214781
1465	5880	2.39298501621446
2537	3437	2.39085481457819
11274	55601	2.38982163233401
4666	6138	2.38516757714784
3646	6146	2.38459729109507
55055	55706	2.38259930524099
6176	6206	2.37937210359213
1660	6426	2.37874143938915
4670	5902	2.37783304274996
391	9144	2.37611100205477
4869	6175	2.37610762619945
199786	3899	2.37558216390642
4869	6152	2.3751423224074
2237	23649	2.37331231578014
10236	6428	2.37279884988602
22870	23640	2.36995158688452
6159	6160	2.36991973570732
5205	5228	2.36939204825072
10671	5520	2.36937430495927
284309	79744	2.3663020495062
140885	55083	2.36501342660319
10109	25940	2.35986485626874
6169	6175	2.35901497572865
28969	57037	2.35829814522402
153733	51320	2.35817529859961
6158	6206	2.35817078783373
51569	80209	2.35697003627974
4087	9063	2.3528836688166
56255	7029	2.35187958412918
10376	3151	2.34924609425623
57120	81847	2.34853654480017
55854	84128	2.34490691314436
11169	6240	2.34329264412475
5478	7178	2.34073123199917
6152	9349	2.34022113585319
498	6633	2.33679993743863
6003	80310	2.33591525758279
54904	9070	2.33206564954085
55274	84148	2.32833034323559
121512	80183	2.3237203341376
4201	88745	2.32312350128785
10023	93058	2.32043244260198
11062	9512	2.31975166790099
3178	6135	2.31955749410682
25953	93974	2.31953423631667
4869	6234	2.31877740536902
6142	7316	2.31808790540508
5478	6223	2.31625303877963
3148	55355	2.31607839781096
64109	6853	2.31514072603701
10443	90634	2.31479298691186
6136	7311	2.31228433750097
4087	83608	2.30888751007299
339324	92285	2.307321372655
55165	9585	2.30716218669918
91646	9628	2.30575575639981
3065	3932	2.30353667326567
5478	6234	2.30312310309674
6352	6364	2.30137796502968
8668	8891	2.30000869783607
1512	25780	2.29709552894837
57711	92285	2.29599796106698
4697	5277	2.29544568842629
54793	9	2.29490078040183
219285	3431	2.29473230194966
55341	79572	2.29410893979505
23590	79723	2.29395172066031
3543	5896	2.29368482847858
22882	55784	2.29304160761703
342892	84775	2.29134270590457
51386	9349	2.2892680173958
339324	7767	2.28924577827884
1633	29802	2.28912398914535
10075	6129	2.28864275599626
23016	79714	2.28641638213435
6169	6205	2.28609421899003
3094	6633	2.28600150255836
6146	6167	2.2850621503678
51386	6208	2.28291816889031
79685	9794	2.28239199651689
6217	7316	2.28104621414649
145773	4643	2.27936134516814
1031	55784	2.27771064677471
64062	79596	2.27670349700487
3161	5427	2.27562121936254
10598	8668	2.27523783792495
57082	9493	2.27311241883022
1633	83540	2.27227832572911
701	891	2.2722238787408
11314	23440	2.26886183124091
1786	55706	2.26872256583857
6132	9045	2.26562611045312
23650	4000	2.26399872297875
23753	7353	2.26316049399762
6853	79591	2.26179280890677
2760	2885	2.26081413327659
22974	6790	2.2586979512806
6152	6193	2.25836080809562
6201	6227	2.25183020956116
29883	55174	2.25139860812367
10075	9349	2.25046283565411
1393	170591	2.25014946333323
429	51733	2.24931571221906
5143	90338	2.2475606636636
1739	205564	2.24620260311687
11235	1465	2.2461213793359
3135	64108	2.24552013534436
5478	6201	2.24507944614275
6136	6147	2.24470771927044
6631	6882	2.24224554582969
5427	55055	2.24160390988031
5396	64109	2.24120806086869
5199	6364	2.23766667503035
3181	94239	2.23705985813456
10197	5245	2.22904828062735
4033	79930	2.2278306656884
51524	54949	2.22780702618233
6136	6138	2.22759796608848
1938	6188	2.22605121391071
51203	51496	2.22593908437822
2531	9525	2.22539034570106
284021	29802	2.22355524318775
6136	6227	2.22141170652527
3433	55601	2.22112275820359
140738	4811	2.2189945245465
51386	6160	2.21794512563636
4869	6208	2.21780416936318
1719	23421	2.21768515846329
27032	84275	2.21454846159401
27314	5452	2.21113570756035
23161	54664	2.21108221097047
125058	8535	2.2110769184458
1786	22826	2.210619719644
5708	59343	2.2088871358365
26284	55731	2.20800832230561
195828	29128	2.20717881458964
11083	9584	2.20553357287488
11004	55355	2.2013821463612
140738	4915	2.19921256757759
1175	59286	2.19830031782532
11314	64220	2.19657849295238
1998	56262	2.1962456725544
6138	6209	2.1961496859634
10437	25824	2.1936362733225
6138	6169	2.19241011721386
339487	93974	2.18896433843304
4495	645745	2.18729200923362
4915	6364	2.1864342727594
23421	55055	2.18631737023704
80315	9144	2.18282091753889
26986	6205	2.18099315825643
4000	51733	2.1766834955453
3621	55608	2.17545927294233
4716	4809	2.17533896304849
23440	23650	2.17402612996546
4194	6667	2.17300420680808
3145	9354	2.17263927029985
4670	6428	2.17022289135151
10964	3434	2.16989285094245
6223	7316	2.16979263239508
26986	6222	2.16854371244408
6477	6667	2.16614697975467
1349	388962	2.16599054568246
10664	10949	2.16358821601887
3665	54739	2.16354797090938
5205	55075	2.16170414586765
1938	6234	2.16107527369725
10575	3329	2.15805666639523
80820	93974	2.15801298317729
6160	6187	2.15707530978709
51668	8045	2.15678490590813
11083	54963	2.15578642087691
196383	85463	2.15502957478276
51512	8438	2.15470468828445
10112	55143	2.15470130420506
3178	6176	2.15285415974927
2983	51733	2.15250582887158
1051	5106	2.14912372271883
2651	92558	2.14772324958822
6160	6171	2.14753382581002
5478	6161	2.14579234464688
10512	948	2.14497179577496
10919	7917	2.14326480071877
150678	27089	2.1425892853769
221184	323	2.14153177242902
199786	2549	2.14057426039542
10075	6170	2.13992256508128
221400	9481	2.13958888912567
27034	29087	2.13823780543948
5478	6141	2.13785097156491
3107	3133	2.13784451934139
5696	5711	2.13470123370913
5714	92609	2.13441463532934
11164	509	2.13224527692973
4493	645745	2.12834083682907
3184	9987	2.1275026217179
26469	92856	2.12341294051975
2983	3554	2.12275482080607
57120	5980	2.12144811456763
56255	6477	2.12121192000254
23484	51669	2.12110520296914
51386	6229	2.11964078388469
3646	5042	2.11720920007803
10014	6667	2.11646240820609
56262	7220	2.11602078257594
54434	6364	2.11587244015937
5520	7486	2.11139962246603
5636	80820	2.1113227805828
4000	5739	2.11077352487111
23650	6853	2.10988708839595
55143	9133	2.10686433817709
1063	7153	2.10654514463974
11274	54739	2.10609225549213
51100	51635	2.10350261152768
23421	84455	2.10320579020607
1938	6129	2.10183896371758
203228	79886	2.10100480284853
5902	6636	2.09854709234385
51024	5439	2.09522826825477
54915	57403	2.09499827599313
10236	6426	2.0939967550897
6159	6227	2.09389205174569
10969	81892	2.09317288149919
10520	5696	2.09224610851395
400569	83460	2.09181048816572
1390	339487	2.09013768718275
25994	51073	2.089794181602
140738	91646	2.088679243295
10920	84340	2.08850768836275
1938	6159	2.0878743836029
2617	8565	2.08753380162955
1435	30061	2.08733104773623
10520	9678	2.08624802258503
23362	4086	2.08523561520231
10594	55421	2.08518042169096
2047	3570	2.08500724357997
64109	91646	2.08477129568975
26986	6227	2.08413286088167
122704	81892	2.08371375651706
139596	51248	2.08346540744294
327657	80310	2.08343988514902
27089	27166	2.08283525384094
284443	54664	2.08263977765053
3394	5452	2.08157220087911
4869	6188	2.07914818285654
27166	388962	2.07871287904436
23580	2983	2.07233116331924
29078	84154	2.07176871019951
5441	81892	2.0705531972576
51606	6917	2.06862276771845
10594	50628	2.06426134377642
6352	6853	2.06041915393071
3065	6883	2.05876091845994
3638	8226	2.05862907538353
3437	6772	2.05825205196131
4869	6135	2.05625315054273
195828	7398	2.05564405376583
1051	11260	2.05399497204406
55055	9768	2.05360476431204
157313	54793	2.05311431181131
1965	6059	2.05175455379208
613	7029	2.05167843233711
4869	6176	2.04769589354288
11314	6352	2.04723688708804
2537	3434	2.0458261739849
29799	388969	2.04454274102889
150684	4694	2.04279608706725
54518	9459	2.04144882636737
4172	55723	2.03987638944283
401505	440574	2.03934414055612
6160	6222	2.03853412000479
25824	9144	2.0372227138669
522	81892	2.03680580981319
2537	55337	2.03659804727006
10056	8891	2.03602220441897
2120	4299	2.0327624321398
4172	5902	2.03216546995038
4869	6217	2.0281625636705
23650	5199	2.02414294655497
23554	4921	2.02330265455816
10969	1965	2.02035743019457
53335	6850	2.01999000050963
3308	389203	2.01972264641864
5711	9678	2.01940180241947
6160	6227	2.01679492844023
388962	81892	2.01518193571117
25957	9439	2.01345774112762
51491	6723	2.01324528697594
4811	6853	2.01302372202045
6206	6217	2.011819243986
55246	55756	2.01104503953205
604	80237	2.01029455743734
159	25909	2.00937934443042
4811	50509	2.00865039426009
3431	3437	2.00444458830623
10988	55785	2.00328816566264
6158	6203	2.00284234395576
10969	84135	1.99845562592651
388962	56902	1.99840892521778
3178	6158	1.99815618435132
4709	84817	1.99581103599755
6132	6188	1.99556263831545
3726	57556	1.99394030721459
57325	9220	1.99354017285704
5441	79622	1.99327837432145
22974	332	1.99272443582235
516	55651	1.99123021480733
65110	8451	1.9885306502754
1662	55863	1.98823029370944
38	7905	1.98705432548276
1938	6167	1.98692221951565
3932	80237	1.98651532222164
6136	6191	1.98621348545499
10376	3146	1.98482690073828
10487	5880	1.9819590938671
4064	973	1.98111811242149
4204	6901	1.98069081029085
3178	4666	1.97995777641864
9	90459	1.97981253742233
3178	6205	1.97934489509096
5478	6233	1.97824839046152
372	56912	1.97678116730296
140738	50509	1.97568511692351
2140	4968	1.97067791291899
3157	6307	1.9706544911982
5111	7884	1.97016908323343
8239	9282	1.96768236151387
23276	51287	1.96764835404341
26995	9128	1.96712506784117
54861	9759	1.96634958382418
3437	4939	1.96451694679473
11130	5558	1.9641665075888
6119	6240	1.96415101962982
3161	9787	1.95992269368423
132299	2021	1.95886415640266
83787	9551	1.95870067401407
64960	81579	1.95786133963433
255967	7402	1.95739404533888
3308	51318	1.95608682230448
162655	3925	1.95571546828658
4736	7316	1.95295385612543
4000	8795	1.95293377929299
23404	9128	1.95293348088987
11274	5610	1.95157100149643
327657	80820	1.95143188728124
1435	7102	1.94962497697424
11334	51081	1.9488454343588
259266	332	1.94710636132884
119559	7905	1.94661383519404
22974	55355	1.94467190690744
10664	29105	1.94402216831471
51175	5980	1.94300778329341
2938	339324	1.94287181522397
3145	56912	1.94071025959305
23650	4118	1.94058663283759
516	5441	1.93906060134763
10426	7174	1.93802511994891
284443	56242	1.93679653902676
1435	80005	1.93619460262547
2936	2961	1.93580438378546
6169	6223	1.93484361114986
119559	38	1.93423737930961
6142	6206	1.93385129436905
890	9787	1.93082777164419
84259	8882	1.93027819848634
3543	7155	1.93027479989322
10987	9166	1.92822190094405
22878	7572	1.92633841069457
221184	2549	1.92572160793539
2222	3157	1.92279550370697
124460	7746	1.92245652924861
10189	7533	1.92198618749198
51154	51491	1.9210370967445
10426	8874	1.92037797654104
55251	81847	1.92010604700845
6169	7311	1.91829977576878
4968	9232	1.91743354199138
1662	8065	1.91642091134014
23139	27345	1.91638795233746
11340	5994	1.91547576722648
26986	6152	1.91494997573592
6147	6160	1.91334910802487
126308	51239	1.91333407226605
2961	8797	1.91315729205239
10112	332	1.91166546723737
54893	90799	1.91145283068143
23047	55835	1.91075847941841
147923	342892	1.91019942825301
7311	9349	1.90952595701071
6856	93550	1.90909871419333
50628	56919	1.90862415907616
27166	4706	1.90849536596431
10969	3336	1.90534477996524
5199	5618	1.90283856021804
6132	6167	1.90238196285639
22882	401548	1.90122421153002
84248	84859	1.89618640464243
4194	4919	1.89526488003739
221504	84922	1.89456485610584
51287	79081	1.89425500873573
10426	8451	1.89419300088418
23580	63027	1.89386681352316
23276	89845	1.89348325446243
4998	9768	1.89320062838626
2537	6772	1.89297402767858
11124	23421	1.89190760355401
140738	2983	1.89081176805913
4299	8994	1.89006402310359
113115	29074	1.88838753826344
10615	55355	1.88786858264061
6159	6194	1.88487974133397
3308	79714	1.88342021059367
80349	9377	1.88269673070905
1938	6201	1.88244667495822
4702	4706	1.88227623941433
5684	85465	1.8822699919546
121260	9144	1.87938617861717
1889	54812	1.87850201180267
10235	9535	1.87345025775753
38	51239	1.86950276348804
25994	84259	1.86936939271878
115416	51373	1.8680996018308
55559	8260	1.86793903191904
22807	56255	1.86719464145735
26986	6203	1.8670220955102
57570	94239	1.86686726261225
26986	5478	1.86671799818469
2237	5985	1.86487514836143
23650	54434	1.86483740240544
1642	79073	1.85973890768617
51138	64960	1.85928169452566
6129	6132	1.85904837997264
1111	23310	1.8574575420159
259307	57823	1.85639807308445
54434	65264	1.85175979612987
286336	84958	1.85101285558865
23594	55071	1.84807994140222
3049	7082	1.84733619336472
2936	55756	1.8469691251745
10075	7311	1.84618741924516
28985	5631	1.84514735240138
5042	6203	1.84476963734015
11171	113251	1.84419527205446
10197	5718	1.84370367266326
55619	8553	1.84309093378844
6132	6135	1.8424322285852
1662	25994	1.84149105300419
79132	85441	1.84115084367342
6233	9349	1.83723814967152
340348	958	1.83679749468976
6206	6234	1.83530843418183
4869	7178	1.8349431185665
4000	4811	1.83481663250076
6427	6428	1.83395953774354
3978	8438	1.83343443309722
1975	3646	1.8313026922499
152137	3662	1.82801853111156
163081	199704	1.82587011002248
4118	64109	1.82561249805392
23224	4603	1.82488027719762
1786	51659	1.82487683926115
6853	91646	1.82454030597391
51693	55651	1.82249671998952
51386	5478	1.822003770497
6203	6206	1.82109282032744
7334	84790	1.81859547932983
6421	6432	1.81854861161409
3156	3422	1.81839521121846
10827	9604	1.81824684862161
6477	94104	1.8177843011663
79056	960	1.81670855697012
6136	6193	1.81621064059213
6169	6201	1.81598113684016
6159	6223	1.81423959896207
8520	983	1.81246275335562
5690	79622	1.81174895259244
79921	85012	1.80824379408279
146909	8438	1.80696950149662
1616	203068	1.80615852812304
6159	6217	1.80419685239541
11334	140735	1.80315773470784
160	4849	1.80237544355646
2633	8542	1.80096844336474
3178	6141	1.80046244956578
10452	10849	1.79850839538751
26986	6159	1.79739583583651
64983	908	1.79704135448028
4736	6146	1.79595192211055
51024	9551	1.79411944311691
8899	9972	1.79354279673461
51386	6168	1.79325523333838
10198	220988	1.79164020053291
2189	3835	1.79021413247225
3146	3148	1.78844462820678
6772	94240	1.7871178397697
6203	9045	1.78697894682485
1786	79075	1.78598416212834
55723	6241	1.78568209828592
26973	60496	1.78547131584213
10189	10432	1.7836736720447
3554	51733	1.78363534847097
259266	9493	1.78168614954043
51386	6136	1.78086557756079
147339	9352	1.78037887321782
6641	7421	1.78018640887343
404550	8739	1.78010279976828
10437	400916	1.77827996784732
4869	6233	1.77772257818894
51497	6790	1.77764783931855
55601	5610	1.77577931867582
2149	91646	1.77559059204232
1915	51386	1.77555541681349
494143	51002	1.77294967796688
200879	4811	1.77147010754647
3052	5160	1.76975600778742
3832	79733	1.76900583718237
3554	4915	1.7664517263713
4172	6240	1.76603050880237
23533	2983	1.76582886362103
114908	329	1.76559954967174
126549	401548	1.76498628146602
22806	55205	1.7646177509889
25928	64919	1.76217145732838
7556	84775	1.7616945810181
23308	5211	1.76141503752502
5134	5689	1.76036232686313
3113	3119	1.75970895543729
51434	6996	1.75869348337875
3914	6853	1.75819720139967
140735	51081	1.75742454516325
4869	6168	1.75736163411745
6201	689	1.75617281912637
4494	4502	1.7558125204977
701	9493	1.7557588109058
2635	834	1.75408912225119
1063	29128	1.75407519065015
10112	701	1.75404521757735
10443	1389	1.75214340322835
115106	84064	1.75127783090341
467	55509	1.74834622205358
4782	55332	1.74788053513858
135	26191	1.74521455408571
284309	90233	1.74488155755855
11274	3433	1.74415585203477
25957	57120	1.74306858530117
11004	150468	1.7413374555178
23039	29883	1.74116127259136
25941	7465	1.74083332166934
1031	23421	1.73742755644743
200933	54965	1.73668770317019
126549	55071	1.7363289226335
2193	79080	1.73489514853625
151050	375743	1.73458623523984
23649	4172	1.73128098812177
55818	665	1.73124044340419
5478	6158	1.73024857601039
3161	890	1.72903138307392
4000	4921	1.72754006401469
10075	6160	1.72742481080796
51386	6146	1.72622114407169
51438	6364	1.72538503733209
26973	84259	1.72451438871117
3105	64108	1.72348794651422
1612	85027	1.72209370644808
100287932	25994	1.72193315471231
339324	7769	1.7216749843119
400916	9144	1.72141806639727
57761	83667	1.7208991002858
11222	6059	1.72085112106814
27166	516	1.72036469206544
1062	9493	1.71686124217593
6228	689	1.71360425874645
1326	3732	1.71336658255004
4299	9575	1.71289252509748
144453	5896	1.71152542643774
6152	7316	1.71111052971087
284309	7733	1.71099689343817
23097	25957	1.71099056791754
51693	6636	1.71044826050104
57623	8837	1.70825798126633
10952	90701	1.70731994071976
2189	55355	1.70686313416075
55795	8451	1.70600498382275
2885	9380	1.70493670293382
10426	2073	1.70493598203256
5199	91646	1.70464436862326
3148	55746	1.70461272604145
27258	6637	1.70440786074981
1465	391	1.70282321820909
219927	51287	1.70092100038437
4089	57724	1.70082781387219
3148	3151	1.69960395614814
2954	3065	1.69913236741853
3930	7153	1.69873553060093
26502	90864	1.69863063520318
6194	689	1.69829349995281
11314	23533	1.69816748170309
6160	6233	1.69705416801594
8318	990	1.69687336727404
57465	7705	1.69561017566862
11184	25780	1.69467870199574
4706	51491	1.69352970413088
54443	55355	1.69341505812211
6352	6624	1.69081751528268
1869	81928	1.68889607283653
65110	8881	1.68795316426581
6138	6205	1.68727794322067
6146	6164	1.68643459134231
159	64216	1.68617952521992
104	2321	1.68489003725143
11224	7316	1.68434690850198
51747	5826	1.68387971681675
11314	4811	1.6834357024913
10927	375743	1.6816559780713
1116	5396	1.68160506980387
22985	6625	1.67929917491044
23533	4000	1.67827094715753
27295	64788	1.6760255569708
10155	26121	1.67521739336135
11314	1645	1.67516281587557
3178	6164	1.6750809357708
11161	4717	1.67501961158753
10520	5711	1.67403151529719
3437	5610	1.67364589691523
147694	57343	1.6731337804528
11212	55290	1.67160044972094
1946	2983	1.67153410830278
3925	7153	1.6709477864235
10095	10437	1.67065251878287
1915	6206	1.66940212090786
375743	56262	1.66898438045798
5636	80310	1.66857096320867
1349	23788	1.66701711473871
5441	55651	1.66677837292798
2936	5520	1.66665547071417
23276	84769	1.66581584303728
1649	57761	1.66343284044621
1786	79019	1.66312213949919
890	891	1.66304006640807
695	972	1.66273180246353
374403	9459	1.65826406567573
2617	833	1.65816265359008
5478	6138	1.65668134829973
6136	6203	1.65535752836275
4869	6129	1.65534273933181
55759	56902	1.65511338172267
10598	51287	1.65487728412377
11169	4436	1.65460473896805
144455	9124	1.65403486006495
4666	517	1.65307561912388
23180	25824	1.65234178514486
1349	5160	1.65214743051481
140738	79591	1.6511017035932
10885	9255	1.64682166991617
10580	5396	1.64657867211514
23753	25824	1.64648160892385
23533	5396	1.64528187598719
54904	55290	1.64438066514445
4809	79833	1.64436977421355
4869	6142	1.64206323251042
6240	79019	1.6418212105828
79026	894	1.6407338222722
3178	9045	1.64065421302064
5160	94056	1.63971962878789
140738	2149	1.63709320918947
6206	6210	1.63540740536105
286530	3932	1.63464442661519
1571	23440	1.63362919815261
1915	7316	1.63326271394948
4191	7532	1.63228895925134
51142	55744	1.63172563001923
10236	4176	1.63151553741132
388962	516	1.63023597822669
3006	8334	1.62893837181115
11235	51699	1.62890233182336
158405	54799	1.62860922425141
389203	54431	1.62594960720732
5696	6890	1.62592052248062
10664	3925	1.62561468236957
1870	195828	1.62543567640875
11004	55143	1.6253319289627
6152	6158	1.62428986527088
492311	5813	1.62421420796106
22826	4968	1.62354600608408
6741	79023	1.6209761805644
23016	51073	1.61923830991901
147694	79744	1.61902073683761
25941	6480	1.61832937824144
55863	60496	1.61768344612633
23533	429	1.61540936144929
140901	54915	1.61457528911676
23649	6240	1.61340526195448
11339	701	1.61310177463896
23161	28969	1.61277971165765
11329	7738	1.61202918040789
50810	53346	1.61179763207295
1063	146909	1.61174901380216
5696	9678	1.61141255886677
10318	55669	1.60980625226152
1938	51386	1.6097006095434
23397	890	1.60944433995298
51239	63875	1.60912261957012
6227	7316	1.60629047198451
51144	8797	1.60560075540982
144453	2549	1.60520248513046
5720	5721	1.60366427202601
5701	7979	1.60295408339453
3707	51225	1.60268981497989
54431	93550	1.60235788911304
2760	64771	1.60214255739698
202018	5897	1.60137272275061
284098	51388	1.60132616328239
147923	54664	1.60032664684916
3604	51733	1.59974816310225
4869	6194	1.59906925042151
148789	4299	1.5988556334051
28974	6183	1.59863388444248
2149	6364	1.59811082717008
4915	6853	1.59602550356234
55388	5985	1.59469290532841
5048	51009	1.59293049541926
3014	79172	1.59290616495657
4809	79622	1.59285313180933
4791	5971	1.59223256487919
195828	9134	1.59044252792825
10520	54664	1.58969910924324
25804	92856	1.58967751536371
4811	63027	1.5895783899961
3482	4299	1.58895649391879
3336	6637	1.5859318310837
899	9700	1.5839033867795
151050	1998	1.58063406560722
170591	51302	1.57944514164433
6234	689	1.57731735648903
1349	27166	1.57722774629754
27089	51693	1.5772275370653
54542	57704	1.57599186038321
23774	29799	1.5758002930847
6138	6152	1.57516098408045
54469	64848	1.57354473405889
23347	9984	1.57305478975861
1465	23180	1.57298840664332
1340	7386	1.57217573776046
152137	55619	1.57146461063159
55769	84775	1.57131024781653
3600	4921	1.5700306393425
10055	7112	1.56940970414144
6132	6136	1.56880081155952
339324	55608	1.56848410420157
10383	5707	1.56532646927796
3646	6122	1.56445611468836
51726	5708	1.56276957864881
54434	6853	1.56232170334122
55852	9655	1.5623139192274
6364	9518	1.56102337840023
516	5245	1.56066947970524
115106	55215	1.55936408359376
254394	85313	1.559002760919
23276	84259	1.55872691469747
51386	6170	1.55756586955382
441631	5396	1.55656239702813
79744	80110	1.55608712349071
7637	84924	1.55506390978615
1196	27005	1.55411595518114
54535	6941	1.55312864742182
400954	6480	1.55293670415466
10615	22974	1.55170947892477
10964	3437	1.55170196930884
23276	57804	1.55142303421319
10915	3181	1.55138914080797
51491	54931	1.55079606915623
2961	5580	1.54990627373254
6164	7316	1.54967963676668
990	993	1.54925156949835
3146	55835	1.54798913012748
7411	79184	1.54719794879977
7639	91120	1.54476580119958
6191	7316	1.54282994825159
27071	57162	1.5410497253668
10075	9045	1.54079743709053
2073	55082	1.53950395261745
51236	65094	1.53931365251335
5516	55756	1.53834511988483
3487	79656	1.53826206980095
2804	54464	1.53821359355171
23590	51182	1.53810876726085
146206	286336	1.5378331550136
10193	54407	1.53774970967076
1116	6364	1.53691614366226
3178	6203	1.53687979551423
84967	9099	1.53596811185186
4811	4915	1.53519491508018
56938	8553	1.53500801531085
3646	6129	1.53320971069175
3052	79135	1.53247605962132
1633	4311	1.53220762342561
4869	9045	1.53172585027278
8517	91966	1.53145181640924
55785	80310	1.52971407851914
10095	10096	1.52934487571401
4000	4118	1.52822944080718
163081	284443	1.52806624584856
10915	11198	1.52734388511906
10379	3665	1.52710077836034
81793	931	1.52474870889654
54808	84307	1.52396929674104
80010	9735	1.52393032586881
55795	8881	1.52242695674725
10318	391	1.52212076563923
5888	890	1.52189315099972
23276	3423	1.52139941963529
11314	51733	1.52089773000971
6146	6228	1.5202114805832
400916	50	1.51992114712755
115416	5683	1.51905203378453
221400	51302	1.51899518836474
197135	84166	1.51853527982332
4118	6352	1.51783502751354
6206	6208	1.51729357384634
23533	64220	1.51662582108546
5902	6428	1.51520386469754
219285	64761	1.51093339579648
3423	5580	1.51056049078583
51073	518	1.50964239915174
25901	25957	1.50905200826884
4998	890	1.50879597156298
4869	6187	1.50593405200337
25941	84064	1.50583151089119
6203	689	1.50556250037873
51124	9352	1.50452537126265
4697	5698	1.50088650105505
22984	84172	1.49969454554942
57700	81566	1.49838135925598
51659	890	1.49720065517862
10782	84146	1.49650843618362
22828	6908	1.49597606867971
6146	6206	1.49425307116659
23533	6853	1.494177797408
3720	4299	1.49287185480348
147923	55769	1.49286918531799
51491	6059	1.49223385352055
79744	90233	1.49100060942142
57705	9770	1.49060947047599
54469	55638	1.49058872018511
115426	29896	1.49009556517388
6169	6233	1.488399413972
332	54443	1.48834183582036
1798	372	1.48755995787943
56647	84833	1.48742723969082
60496	8065	1.48573910179729
6667	8395	1.48496507884583
292	51253	1.48493156592631
202018	56255	1.48463262680825
26521	3145	1.4827696766668
23635	7155	1.48264259710849
4666	6223	1.48218503390572
23649	51053	1.48112942718951
3554	64109	1.48096302848211
200879	999	1.47921016157771
51320	9019	1.47872722802962
26986	8665	1.47805098943994
26521	5805	1.47768737593353
6491	79733	1.47701545661978
7409	84957	1.4767434952459
10112	83461	1.47621730327925
29123	64718	1.47601163044273
54807	730051	1.47338456100867
3726	7111	1.4726398280866
150962	92558	1.47131525219092
3554	9518	1.47119964763238
27292	56902	1.47093899716251
199786	9214	1.46982073618774
7178	7316	1.4691739751893
55197	84064	1.46855615444288
9133	9787	1.46783363331708
55274	9589	1.46717972925697
10580	140738	1.46634344456377
5478	6135	1.46583549279288
4000	5396	1.46545672319615
3570	6367	1.46534216113246
3600	6352	1.46526670820973
50717	55870	1.46473805613151
3178	4736	1.46451512210174
10782	2938	1.463371344911
10109	84769	1.46213017291512
84946	9774	1.4618546655991
51429	8553	1.45630566561568
3182	9128	1.45512519836354
4904	6633	1.45404398379655
23580	4118	1.45308275543081
38	54733	1.45306260195456
51512	7153	1.45112186003162
165	57605	1.4500730588616
3131	4332	1.4481918039427
51053	5111	1.44698042790974
153733	23596	1.44690913207597
4809	5690	1.44649402667975
54469	85025	1.44590885933893
3899	80183	1.4457693129486
51386	6209	1.44559927852808
90355	9124	1.44531310377737
51362	5980	1.44496250452118
5427	6240	1.44478192659269
4089	57577	1.44470612736499
25813	81892	1.44458140354883
283489	8451	1.44388740403027
4811	91646	1.44342034018894
5368	5452	1.44293080287906
3570	4642	1.44237946893008
147923	284459	1.44217566128228
3932	939	1.44105150195638
6165	6201	1.44058192521846
10236	2130	1.43990493284754
11051	865	1.43921482359763
1965	51491	1.43836637947398
10384	3135	1.43815624632841
55205	951	1.43813142875674
28232	57504	1.43738980756214
4172	90381	1.43686777017383
5478	6191	1.43624552630614
51629	55163	1.43598012962805
10189	5558	1.43554981184561
116461	6897	1.43461168805881
10409	931	1.43282202989902
64960	8668	1.43041232973433
4707	7277	1.430026405984
3646	6135	1.42990523121672
10585	80851	1.42979719509549
1051	6520	1.42825354784939
10449	337867	1.4268845284875
126308	3707	1.42618212970643
10479	9016	1.42614632504619
51747	90799	1.42529707650037
10112	11004	1.42525418319504
23774	5826	1.42522353971383
1043	26228	1.42480735037712
26100	80345	1.42453735111469
10849	55003	1.42452722135202
195828	9738	1.42448476520472
5717	7296	1.42401123600216
6164	689	1.42307789259612
400954	97	1.42263460130825
55208	8874	1.42175828949283
51296	931	1.42169855564698
6193	6201	1.42151967916402
6175	689	1.42119923318226
6760	6875	1.42056345901638
2796	5108	1.42048081407029
84775	9678	1.41961294962085
2961	64114	1.41879510419371
7130	953	1.41751661417133
10611	79837	1.41725639047508
219285	6772	1.41673219907337
23435	6428	1.41651917561267
55508	80830	1.41488004222793
9655	9767	1.41469202023182
3646	8665	1.41449191451633
4141	5106	1.41446488049752
5478	7311	1.41350718340834
1195	57396	1.41269502168438
115701	4616	1.41257423107655
51291	57410	1.41167892502321
7572	84307	1.41155637262167
10198	50809	1.41076592169204
114825	51320	1.40879959534854
4087	9352	1.40834894479079
27292	2966	1.40719076114343
6138	6158	1.40622932336489
2305	899	1.40519807939816
6193	6206	1.40485058496296
23180	391	1.40481334053209
51733	55048	1.40447103725181
1938	6233	1.40433923545163
51386	6223	1.40429597217904
51659	79075	1.40181153577177
57666	9214	1.40174938073777
11274	3665	1.40103769141288
359948	8553	1.40092513988549
3554	8740	1.40079211403848
51073	51287	1.40045258760661
38	8065	1.40040919679827
54205	8891	1.40038778421292
55847	7277	1.39972148741236
284309	2938	1.39910501479951
3662	51429	1.39819606975447
114825	153733	1.39571524141523
5358	6853	1.39485779695263
23224	80237	1.39465583739537
4191	85865	1.39142365692746
8451	8881	1.3912506132596
114884	54469	1.39092531423762
4869	6228	1.39069279395213
161823	7456	1.3906607439552
26986	6206	1.39012302046321
5441	79084	1.38907612957513
3184	3930	1.38798104094297
51386	6161	1.38524934434779
1649	83667	1.38443425095369
11198	6428	1.38382119040422
147923	4697	1.38355316073308
701	9232	1.38333796852887
4064	57121	1.38323454147281
10465	891	1.38285090274762
79666	80310	1.38277660027837
2633	2635	1.38173489474468
57605	7048	1.38092839857563
57605	7097	1.38038853991785
3336	84135	1.37988492162279
23753	3309	1.37978127797963
23440	5783	1.37970042195862
6634	6636	1.3774849588746
23126	54520	1.37734360934326
1938	6194	1.37585370250574
115416	51142	1.37492587235749
3543	5897	1.37418645298375
139886	56850	1.37412994601334
10282	9988	1.37378305296039
942	958	1.37353283366917
3336	5684	1.3724158623704
10248	10534	1.37120539253116
10333	81793	1.37026527175692
3178	6175	1.36999767470856
123263	3308	1.36973740874654
1645	64220	1.3689528404597
2549	84166	1.3687372032932
5906	9144	1.36840584187072
513	7284	1.36837083290121
8493	94104	1.36824715755647
56912	9354	1.36802065385486
10426	65110	1.367800263207
2898	9378	1.36710927071251
429	91646	1.365575682072
5984	6119	1.36550272366625
144453	57597	1.36480654575782
79968	93323	1.36459767761473
54664	5696	1.36284866487803
6132	6194	1.36152854457294
3726	824	1.36123822759589
51733	8795	1.36063929463262
4919	7011	1.35934403113823
55055	5888	1.35930570803797
10580	441631	1.35884144205664
146909	259266	1.35787187326215
115752	55070	1.35636751291668
51088	80008	1.35472609973575
23774	6659	1.35453707057954
5937	90355	1.35444323216866
25953	80820	1.3540154953288
113130	23649	1.3539693328061
3178	5478	1.35376695234774
4921	6364	1.35328704065373
26228	79666	1.35273087012141
6921	9166	1.35176746927613
55208	8451	1.34955949104143
6160	6223	1.34770057867627
342892	7556	1.34693667478798
1633	5888	1.34679670294084
5478	6132	1.34668224632698
55363	93974	1.34657144993226
1854	4998	1.34561457129321
55355	8438	1.3441796888854
23560	8872	1.34379695378326
51569	55254	1.34363507847038
10096	10109	1.34329378369143
200879	6853	1.34274122948599
6136	689	1.34068177127366
11314	4118	1.34014026670035
23533	5328	1.3397704969398
3113	3122	1.33942218718109
23440	23580	1.33843257571642
8763	9841	1.33793826412081
6160	6206	1.33790180754924
10592	57405	1.33644679004717
10959	29927	1.33572066412536
28972	58515	1.33384922627831
284615	84265	1.33331184415904
400569	84817	1.33295853433771
10714	4172	1.33225290431976
1798	26521	1.33150048200103
1645	23533	1.33149811825918
10606	3336	1.33146084460191
147694	339324	1.33047742612093
8347	85236	1.33047258647686
6146	6188	1.3300880123296
100128731	150678	1.33006390161913
1435	25928	1.32959530543359
23075	5218	1.32886431270559
1063	9700	1.32780671572429
11264	64407	1.32666975748345
6209	7316	1.3266057037781
6748	8260	1.32654839748504
10437	11184	1.32548418479049
27166	4717	1.32540913041809
51747	54799	1.3253789889428
165	23596	1.3243445793136
55055	9787	1.32349420527749
10514	55720	1.32347908096231
23533	9628	1.32229221027646
3151	5757	1.31891062386522
51733	80380	1.31842992075869
2870	51239	1.31712945364323
1033	55635	1.31712684893988
123263	518	1.31673855608214
50	518	1.31643501373035
4939	54739	1.31638572871743
11314	3554	1.31571593400304
4736	689	1.31221437556537
3621	65110	1.31138425548567
541578	7411	1.31134584510207
26469	6598	1.31089833816813
10561	3437	1.30859404101968
23239	84064	1.30836216554433
4830	516	1.30804653970745
8665	9045	1.30695447495024
23596	9839	1.30652359074441
10538	64332	1.30624127001632
6160	6209	1.30567670014659
126549	22882	1.3048046552614
23075	23406	1.30298934131079
6688	695	1.3022229864208
4603	80237	1.30113724692816
1443	2688	1.29999996856587
2796	91694	1.29992478407565
259266	57082	1.29988075211329
23774	90799	1.29894226567592
5516	9	1.29758078515763
85441	8638	1.29751944121583
2983	4915	1.29716040625645
3146	3178	1.29578514463492
2537	54739	1.29533926046617
29799	9315	1.29531736979517
1737	1798	1.29375511474927
4915	51733	1.29293574287058
55274	7957	1.29286060454281
5452	55205	1.29251519387001
23774	8019	1.29103415019188
1462	2983	1.28791347912903
5111	64785	1.28762568870328
148418	5567	1.28742464590312
26031	9263	1.28740469971033
440574	4709	1.28673361482143
27166	5441	1.28603444783639
7153	9493	1.28472606863849
541578	8517	1.2843994495521
55608	8451	1.28382902158726
16	833	1.28360568358671
196792	50624	1.28213218309541
10671	7486	1.28086257050556
2149	3554	1.27914728152881
54904	7994	1.27888460770658
2537	5610	1.27735803414996
79682	84722	1.27614536888514
5520	9	1.27529450532332
8065	84437	1.27458572948917
3560	824	1.27371851222802
2961	5516	1.27333921618675
25959	4086	1.27249761540885
10109	10437	1.27249178463973
221302	51362	1.27178613332457
140738	5783	1.27151411365469
7915	8437	1.2713548997084
23650	64220	1.2705403690408
127687	9553	1.27051551828201
10072	23788	1.26980389425488
6132	6217	1.26958129261327
53335	6925	1.26829252303736
3181	6626	1.26819179761904
84888	9937	1.26726510184273
10465	51138	1.26627913033064
137964	54904	1.26614179794665
2335	5396	1.26611683458166
10198	4602	1.26497974759329
1649	440	1.26483286374976
139596	90736	1.26344256731933
10682	50814	1.26258280439941
55171	5708	1.26246648103143
6632	6636	1.26219835311313
3978	5426	1.26211122554502
115426	283337	1.26205529149342
205564	348793	1.26170859561825
51258	83461	1.25928256039517
27143	6856	1.25820045127617
55108	90864	1.25810601621922
10561	3434	1.25737848823175
10671	55140	1.25732189653226
23533	6352	1.25671014192325
54934	904	1.25522791768213
4605	55071	1.25428162332114
10557	8559	1.25377654669053
55103	973	1.2528959354021
55075	90338	1.25246862445119
23504	6364	1.25179694326111
10333	135	1.25171086687614
3482	387921	1.25093890457006
6392	8882	1.25058645152158
286257	55746	1.25048637327846
2120	9124	1.24988026763822
23533	441631	1.24903465427369
144453	4086	1.24860429071345
54741	840	1.24838262249782
388962	51073	1.2483069763757
10380	57804	1.24816500579901
6138	6193	1.24728857323245
50814	9131	1.24636121824015
55795	7174	1.24619583666985
23180	5636	1.24611054693244
7402	905	1.24558796185228
10456	2617	1.24512068935262
1299	54097	1.24440318138014
27095	84967	1.24302185941051
22974	81610	1.24265962181647
6175	6206	1.24219994013161
23421	57544	1.24219759295558
4666	6158	1.24156683356854
23650	64109	1.24117818720483
1645	79591	1.24021368349899
5048	51763	1.24017960537794
11169	5984	1.23897213880853
23224	8419	1.23804585114116
1027	7402	1.23799943221825
1936	8665	1.23789363538429
23016	3308	1.23678210478753
10557	22931	1.23621143999025
1645	23650	1.23585746814731
283578	389203	1.23531580036052
4726	6636	1.23370245118711
51073	79714	1.23273499914078
22948	4726	1.23129447372054
27253	56776	1.23099869551808
6119	8520	1.23048829544079
211	79714	1.23013466781111
6132	6175	1.22855692813316
11212	55140	1.22721241076065
27258	81892	1.22698754722043
23654	414918	1.22589094631314
55103	7832	1.22574482311898
1603	518	1.22436354611249
163702	695	1.22390877962692
55723	8438	1.22348981266485
51377	5718	1.22316303527604
28232	4603	1.22183926295284
121260	126308	1.2218347541515
10949	3925	1.22072623173265
6845	975	1.22042263439738
6772	85363	1.21945676360123
3665	8638	1.21725314538366
57504	820	1.21550654694602
10195	55486	1.21485902504834
10487	4835	1.21472792089022
22852	4603	1.21421026827094
54741	79792	1.21415662475477
51761	5897	1.21404740675792
6160	7311	1.21336548716949
6135	6203	1.21277334097991
114826	4927	1.2126295203044
3151	94239	1.21250798334523
5906	80315	1.21200912529948
10964	9636	1.21196514975428
140735	23276	1.21193390398557
10036	55732	1.21176049426043
58515	7873	1.21117751514275
118487	8520	1.20913516182201
23533	6624	1.20826521733828
29799	7738	1.20778401577978
126308	23180	1.20673396587501
51276	84671	1.20656387101531
4709	7277	1.20623558543278
56255	6667	1.20565318863178
10384	10385	1.20508126695419
25771	3394	1.20488908345665
79733	8438	1.20475922615273
10575	4528	1.20375687471229
64109	9628	1.20311029776689
3178	6188	1.2031061460153
3148	9493	1.20302367853836
11329	57472	1.1990122873099
10671	11212	1.19887427479868
25778	55501	1.19886600193842
196383	259307	1.19884734767885
55178	708	1.19795043625743
3178	6193	1.19587045269821
3936	7408	1.19475007414661
5684	81892	1.19309177308576
5880	79958	1.19224274139926
6774	8837	1.19100942912834
6132	6201	1.19046271308696
3554	4811	1.18984873990019
2936	5516	1.18964659647114
1662	54733	1.18928172519465
80237	85025	1.18864697495766
10384	3134	1.18804413911134
65110	8874	1.18750367311411
202018	5896	1.18458833426516
27345	51701	1.18350997516692
375743	57585	1.18345149625668
26271	9589	1.1815691311292
2237	51053	1.18115012837281
11021	832	1.18044021008989
3151	6634	1.17943789431823
55630	8733	1.17916994449681
196528	54407	1.17898296459526
4792	7128	1.17885626311867
1739	54965	1.17867922528035
10148	4794	1.17684635347878
23650	429	1.17681876820911
3720	4602	1.17672203314579
57129	81892	1.17565572878025
29796	389541	1.17521020992868
22974	259266	1.17504688446872
25879	81034	1.17343809756054
11314	5783	1.17324607339812
3932	79037	1.17274049027326
3109	3111	1.17263338865218
4706	51073	1.17246230848815
79714	84259	1.17230635670253
284309	55659	1.17190498897553
4666	7311	1.17157859805644
10380	10603	1.17148494021873
1803	79188	1.17025163053985
1938	4736	1.16995069995501
3841	57120	1.16902169008657
7768	79673	1.1689604767742
3146	7270	1.16674327388201
4288	54892	1.16587010160503
285855	705	1.16479078964162
55388	79723	1.16344530117174
4299	9124	1.16329214572044
518	84885	1.16261158524384
196383	29916	1.16158314517727
60468	8739	1.16083790756688
126017	55422	1.16063801352384
140901	9584	1.1605460062129
11314	23650	1.16050063927063
2130	6428	1.15925765726712
3516	4792	1.15870876547445
51343	56928	1.15845118693574
4068	64919	1.1576180796546
4998	55055	1.15748207677662
10443	7402	1.15662077997137
6132	6228	1.15660481631924
2961	7486	1.15604503572383
25780	25940	1.15557346575772
55216	79796	1.15542475292808
3835	51203	1.15507972598794
84957	8895	1.15442742392499
6633	6636	1.15303020247937
51138	8891	1.15281011274539
6932	85461	1.15200125149589
4678	7398	1.15097864496447
5434	79622	1.14936446778173
3932	65108	1.14749305322782
3782	51225	1.14653940944763
2140	22826	1.14564994901618
5101	79690	1.14432369750903
7570	9846	1.14419181403204
200879	3855	1.14413764655702
3336	5245	1.14366976933663
24138	64761	1.14288330170127
57157	85025	1.14276109817342
26589	64963	1.14214881675515
11224	6206	1.14197616498252
10592	5427	1.14171025255828
2047	6367	1.14064992032925
3052	84061	1.14021474098209
10487	1465	1.1383386064556
429	4921	1.13819666715005
1660	55746	1.13807887526248
100287932	23753	1.1370971194565
3621	55082	1.13643081946197
2961	55246	1.13641056631378
6129	8665	1.13529233516246
1952	57519	1.13469524128444
1027	4194	1.13466831576558
23596	4299	1.13252352083553
10534	91893	1.13160632135066
283209	9644	1.13125540385835
60496	84259	1.13077665939427
6642	8766	1.1305465035244
55690	8398	1.13045405022056
4052	51302	1.13005463053586
54443	55143	1.12951858089713
10458	10580	1.12936528107873
7572	84064	1.12851669946066
126549	4033	1.1277356138463
230	55139	1.12740019692277
55876	83719	1.12729071834117
28985	3251	1.12576585605013
5610	6772	1.1255639118692
3914	6364	1.1252077235044
3181	4678	1.12317259272666
3161	54962	1.12265267813893
23533	51733	1.12250919444477
388962	9801	1.12233958639462
10987	5440	1.12218200072022
11343	140885	1.12186057338189
113115	51534	1.12138662676004
10056	10969	1.12125347835625
23649	2491	1.12124297580859
2305	9700	1.12095243793306
203547	55559	1.12045658320862
51068	9373	1.11979791843578
5520	55246	1.11920516399556
5079	972	1.11906744201742
83460	84316	1.11810356029315
221302	9474	1.11802323971007
3434	9636	1.1180159759085
10075	6176	1.11606257303716
115416	6119	1.11550194829446
10112	9133	1.11504577894126
23180	4248	1.11482253588336
23440	6853	1.11471565003761
51438	85439	1.11449581909089
10642	55466	1.11399429563617
10615	3835	1.11392580014872
6845	8226	1.11367381745748
377	84975	1.11360570086133
4678	57570	1.11254542212922
11119	11120	1.11232438140522
51733	5618	1.11140559114738
1870	580	1.11089909591311
123263	23276	1.11077679554664
6477	7029	1.11053274850684
51073	81892	1.11018133908648
126074	6843	1.11010804314252
29128	84733	1.10924951946358
22974	55143	1.10907226913584
23139	57804	1.10794688945843
57465	81575	1.10752927999118
259307	55669	1.10698402734482
55140	5520	1.10679368252815
10580	91646	1.10614868917618
1660	64434	1.10606830377489
84335	9040	1.1049864445299
4869	6164	1.10438511219113
11314	91646	1.10386314182214
51534	8504	1.10305270738271
3732	391	1.1029253382386
10200	6636	1.1020676806351
10172	80095	1.10145098538086
147923	7562	1.10046197480263
4726	81892	1.10025968617673
4064	8875	1.10013910852121
6158	6201	1.09978047499025
1390	374618	1.09924722322863
5452	81793	1.09917832224359
126074	93974	1.09904334860388
55082	65110	1.09725628812573
1122	80110	1.09695604589954
55756	9	1.09676059992276
166968	373	1.09638383693005
1462	3554	1.09607917874724
1938	8665	1.09598527224527
50813	85437	1.09598434090361
116028	1633	1.09577965673911
23533	23650	1.09520291771432
4047	55669	1.09485966263408
3421	60343	1.09389618268357
4172	84250	1.09365135058875
57711	7596	1.09363882895453
240	26228	1.09236854690765
10635	26271	1.09233640604161
25792	54540	1.09208334228754
22875	79837	1.09206461407967
11314	50509	1.0920522325682
11338	5424	1.09172225289327
121260	7408	1.09140990675346
5143	55075	1.09136453136505
113444	84769	1.09123875572795
1116	64109	1.09107026530121
23212	81034	1.09085408817578
27005	54540	1.09063690430415
27314	92558	1.0888262082969
23440	50509	1.08804733824838
1870	7155	1.08741714438013
144453	202018	1.08736676349398
10733	890	1.08716347598214
5434	6199	1.08716153953911
200933	348793	1.0866821789488
51377	84259	1.08559741537242
57804	7277	1.08545878502578
2896	9618	1.08524874918436
11343	6367	1.08517227929267
51726	5718	1.08475012711
2146	4678	1.08458387289701
57570	6634	1.08448051825925
3213	3214	1.08377835698107
10452	6723	1.08315035507546
51427	8437	1.08291674220671
372	5049	1.0822869245777
115106	53335	1.08196262394785
10109	5580	1.0818129418536
10209	55249	1.08159028636805
2961	55756	1.08100583660135
1340	59286	1.08093302471936
5396	5783	1.08027647323187
375743	51747	1.07994723170772
51373	79833	1.07980056896641
2107	84135	1.07966356461523
100293516	730051	1.07929459670297
26271	91687	1.07917489527607
10487	7408	1.0783199810751
203228	9373	1.07773277030828
10514	5216	1.07770912587753
3832	9585	1.07762582419344
5971	602	1.07761301976601
55140	55756	1.07698457947901
259266	890	1.07694897921307
1649	6520	1.07643782232108
10075	6193	1.07511777187967
137695	253943	1.07294665851488
5049	56912	1.0728822773058
6168	6206	1.07281476942205
1938	6176	1.07245611167289
5228	79939	1.07226681193848
23440	3554	1.07225239304519
10987	6921	1.07195288195401
6132	6164	1.07191888847652
3146	3151	1.071917152183
26986	6169	1.07173675452169
5438	92609	1.0714220273741
4000	6853	1.07119270882266
257160	372	1.07036541482223
3434	54739	1.06863925475059
6132	9349	1.06671845209158
10346	3665	1.06607681188983
6170	6206	1.06549282600719
1387	663	1.06496124745349
3930	55746	1.06433629269403
7284	81892	1.06429960205853
23774	3543	1.06421835794771
23650	3321	1.06415565676491
23203	26995	1.06412900715501
389541	51024	1.063149157287
56242	7562	1.06305812793791
3925	4801	1.06287139133674
22994	23252	1.06255262767335
10055	2146	1.0624058482168
10189	5902	1.06187344946731
55322	64083	1.06123660848702
26469	27345	1.06023691818326
10262	51107	1.05953853749181
23277	708	1.05855136446571
83461	90417	1.0581425678024
10120	4650	1.05761742325556
54625	5720	1.0566312132874
28998	5440	1.05414375910935
2590	3662	1.05345519928272
23369	84733	1.05307711873424
10318	7107	1.05249915281861
3433	3434	1.05234426699787
10580	6364	1.05227933578467
51121	54106	1.05118430226477
100128731	7277	1.05095185691934
11319	54788	1.05001383387469
1051	57761	1.04921180356402
6132	6234	1.04887339912041
121260	23180	1.04865936933656
1786	6240	1.04833043710751
158	54433	1.04794688118762
55355	991	1.04768008917124
10615	51203	1.04725199937026
359948	3662	1.04714799808191
2189	9700	1.04712582057387
3717	9819	1.04674142147087
23180	79873	1.04647057371346
29035	6301	1.04538400085124
4172	4998	1.04523368710188
22807	50854	1.04505141958423
64919	9452	1.04463793774447
11314	140738	1.04460415580369
11004	890	1.04423785964212
10437	135	1.04391768291152
10036	55723	1.04349516755153
113177	126308	1.04290422709944
7029	90634	1.0411646142244
29760	5079	1.04065331917463
79788	84671	1.04062510954004
80310	80820	1.04037107818057
23435	9555	1.04016254882266
26168	50628	1.03921401687722
4869	6171	1.03918937518601
6205	6206	1.03870670436429
79744	9422	1.03844054679345
25813	64960	1.03823158957274
284106	388962	1.03804817033884
29896	6667	1.03738513843308
7770	84924	1.03639522406826
6667	9839	1.03596433334341
4869	7311	1.03577994314724
3720	7182	1.03461278159388
1033	604	1.03427649211604
1965	54931	1.03315340547754
10437	346389	1.03252166196081
6141	6159	1.03249307328535
25824	5636	1.03248750752264
57082	701	1.03203135191497
3855	9039	1.03178703709888
54963	54994	1.03120036403881
4967	64960	1.03113049091049
55706	84455	1.03105895804459
5888	83461	1.0308524403598
51362	51534	1.0304091602931
10194	284273	1.0300313917032
286205	51747	1.02994129102492
23440	64109	1.02993462381344
5610	8638	1.02940188064306
415116	60672	1.02764908092654
515	8668	1.027330632554
4204	537	1.02672145662462
10424	9842	1.02649354668277
11100	5424	1.02616277376382
28227	55755	1.02576766753691
51117	81605	1.02485142551858
9124	9516	1.02470226689657
85027	85329	1.0246057977833
400451	5396	1.02401722583362
6367	8837	1.02317005030909
56242	7639	1.02301711823511
401612	51661	1.02300984361114
80146	9778	1.02298451797732
10036	1854	1.02168849449438
51733	9628	1.02119353445365
3433	54739	1.02075065426854
64960	8891	1.02059542821755
51053	79019	1.02042516476028
1946	429	1.02039230952487
1869	3978	1.02038836056282
3178	6217	1.0195993723776
158405	375743	1.01868787783405
4000	429	1.01861611476081
2335	23650	1.01747254442306
2109	25824	1.01701419718703
5441	65003	1.01578593610457
54812	8744	1.01568424074789
54906	55363	1.01496081262795
388962	5690	1.01454390172269
10168	7584	1.01378398960379
28969	84775	1.01319666439719
25913	54556	1.01229583984178
57804	9294	1.01197968413722
4173	7374	1.0114678525235
3394	51296	1.01143061502351
84295	9016	1.01134711911565
126070	7562	1.01124324662632
6132	6209	1.01031952316779
23397	3832	1.01019490533767
332	55143	1.01004247261434
55619	7159	1.00937015205356
1027	90634	1.00796700097493
330	602	1.00765523574986
1938	4666	1.007526583084
4255	55743	1.00726126194776
3554	5358	1.0066945294475
57038	57226	1.00593755210036
26157	837	1.00555807755521
440574	5307	1.00517838893257
3298	57120	1.0049279364839
5435	5441	1.0048000298477
10772	7398	1.0036215393448
55082	7174	1.0030309451723
10148	57823	1.00240699150694
3600	57630	1.0022687317818
11062	5001	1.00207706039777
1979	23234	1.0019121852438
170591	9481	1.00158685226701
