1277	1278	2.89107600976629
4621	70	2.89054341543843
58	7178	2.89016970798404
56902	988	2.89002155187339
125893	988	2.88936488675683
125893	79867	2.88922526522552
2944	2946	2.88911731761177
79867	988	2.88892555587473
1559	57119	2.88881520903604
1278	6678	2.88879494294772
1278	1281	2.88879140675847
55567	79867	2.88877259181705
5458	57119	2.88868046389746
125893	56902	2.88856888641801
56902	79867	2.88773846560426
6693	79867	2.8875141730543
1559	8671	2.88734725808397
2346	8671	2.88725680878718
1281	6678	2.88715894790217
1645	1646	2.88713684884195
56902	7172	2.88698992141566
4626	70	2.88688739498626
1290	7846	2.88674267488994
6159	6161	2.88598476669079
4210	56902	2.88549810172775
55567	56902	2.88545099005923
1559	2346	2.88500336593498
8034	8434	2.88451917598854
2597	7125	2.88447556907827
55567	988	2.88421697054007
7849	80036	2.88370710181921
1559	5458	2.88364443844477
125893	3077	2.88286685314154
125893	55567	2.88268686959708
1559	3449	2.88244761163593
2346	8034	2.88221036790478
7172	988	2.88180240655443
1462	1601	2.88176625830094
3077	80036	2.88027286521006
2916	59340	2.8797631719228
1539	90485	2.87964831375967
6160	6204	2.87786644661822
1559	64693	2.87722707240479
26253	26648	2.87719470888138
1559	84722	2.87709429630902
29907	79867	2.87707875466703
1559	3664	2.87706235776139
1277	1281	2.87658409268448
1277	6678	2.87636582271344
192683	56	2.8756929650478
125893	6693	2.8747416858749
1559	56	2.87423285575106
1158	7178	2.87391027886534
1559	80036	2.87359727751852
55567	6693	2.87334622652425
10745	57119	2.87260284553231
125893	7172	2.87244013219401
57119	931	2.87165564351761
4983	55567	2.87164121271197
4210	55567	2.87155158181477
3113	3122	2.8715430676294
2057	57119	2.87143050900334
10763	70	2.87123212263552
10745	192683	2.87104213419896
125893	80036	2.87079223750662
3849	5675	2.87019897817114
1278	1290	2.87007431305015
7475	931	2.86998010908127
6147	6228	2.86862566773955
50832	7475	2.86853198609174
55247	797	2.86757411276068
192683	7348	2.86686587559341
4210	79867	2.86657288905592
10376	203068	2.8657660637425
57119	8671	2.86569000844234
4608	70	2.86522156572847
6457	7172	2.86483562572061
11031	1462	2.86392699342515
10763	4621	2.86350811495545
1291	1292	2.86336718484754
4632	58	2.86332588647103
1462	7846	2.86311309850637
4640	7849	2.86277492152834
55567	7172	2.86225932888436
2057	51236	2.86213809739301
2346	80036	2.86206710889711
1673	3077	2.86203578112864
6457	8671	2.8619958490932
4493	4502	2.86155018628429
3449	56	2.86081762649472
192683	946	2.86068170002407
3664	8671	2.86063528635413
55567	80036	2.86029583188214
125893	65988	2.86003214810571
10745	5675	2.85959067216977
1290	1293	2.85950705981704
1293	5478	2.85936453342925
2066	7745	2.85921958441962
56902	8034	2.85798903800157
56902	6693	2.85722922345468
10745	59340	2.85692007464733
3077	90485	2.85678276603947
4648	50489	2.85664266028658
149628	2057	2.85651530699099
5892	931	2.85636718930295
2916	946	2.85635201521725
56	9293	2.85624156994864
6189	6222	2.85607186950997
5675	7475	2.85567514607078
1559	27345	2.85498867274496
29907	6693	2.8549391087836
22847	59340	2.85485567356202
65987	7849	2.85482778779977
10745	2057	2.85301259672772
5458	931	2.85236646993796
56	7475	2.85163737923859
4824	5678	2.85109437300952
1559	5137	2.84997641137599
11055	57093	2.84919325907164
23657	64693	2.84906993015342
10745	2346	2.84891280930897
6559	80036	2.84878193023083
56902	80036	2.84766318875901
57119	6457	2.84745457013384
156	2346	2.84718909556025
64693	931	2.84709118013735
6147	6171	2.84623766552869
56902	8434	2.84608552576477
2492	4321	2.84522446919643
6159	6209	2.84499619590377
125893	4210	2.84455068151525
23354	57119	2.8445329912793
1290	6678	2.84384593289163
56	59340	2.84372963423328
4916	5678	2.84284489734564
2492	5137	2.8424356020185
6139	6158	2.84235949034653
4210	6693	2.84191877504509
3664	57119	2.84157925095386
1673	57119	2.84119292858864
3449	4916	2.84100594059211
1638	479	2.83983441741604
4496	4501	2.83920566961551
80036	8671	2.83907858828403
1281	1290	2.83898985029908
1559	55613	2.8388806650206
56	59353	2.83868781384394
10913	125893	2.83850811145775
1539	988	2.83826770032208
131566	26253	2.83665318822155
64693	8671	2.83607824100602
55567	8034	2.83605022983874
10745	1559	2.83600437398912
10745	1673	2.83558416129126
4321	80036	2.83553196461329
22847	56	2.8347760278483
4321	56	2.83423049212973
3077	56	2.83295285626304
10529	55937	2.8329521041937
1462	84617	2.83265682274252
1278	5118	2.8326501043384
1559	156	2.83222014668408
57336	79867	2.83176309318493
51236	57115	2.83138857236654
2346	5458	2.83079019152168
192683	59340	2.83078663455463
7348	946	2.83025678397323
1559	4321	2.83007063128105
2057	23354	2.8298289763636
203068	84790	2.82932419098676
10485	10745	2.82851642414865
59340	7475	2.82842821011543
2798	4111	2.82676491383784
80036	8034	2.82668892867862
4621	4626	2.82609040094643
1559	1673	2.82602450084871
11031	7305	2.82581040895576
149628	1559	2.82535582964402
125893	90485	2.82534139881518
3449	5655	2.82467213512553
1559	8034	2.82385997367511
10745	2916	2.82352186846469
2492	56	2.82341694702848
125893	3455	2.82317270989827
3077	55247	2.82211416604302
10745	931	2.82105196689802
56	5678	2.82100637094355
1293	302	2.82012027123297
4321	6847	2.820080162336
6147	6208	2.81976870210246
57119	5892	2.81880011967583
23133	883	2.81876945658622
51236	5137	2.81874625781528
10916	4608	2.81860372245616
79867	84705	2.81850310028299
149628	57119	2.8177037091358
2492	84722	2.81442255991016
10107	63827	2.81438268226159
149628	8671	2.81396685464453
6133	6189	2.81348003517421
1539	56902	2.81255785972619
59340	946	2.81226342774428
2197	6159	2.81150638339097
57336	8034	2.81127433349882
6147	6189	2.81022186390336
3107	567	2.80958270356973
149628	2346	2.80876057792051
10745	56	2.80841201252413
156	8671	2.8083818506691
2346	8434	2.80815583430581
51236	931	2.80810474770781
6133	6134	2.80760994993775
5358	857	2.80733286249654
1539	3953	2.80728571358039
10107	5655	2.80597970487102
50832	56	2.80590254116202
56	57119	2.80573579265662
11136	6857	2.80488305510119
5275	57119	2.80438274917543
57119	64693	2.80425547236565
6160	9349	2.80419829691777
1278	1293	2.8036560368539
1559	79794	2.80290195670996
10376	84790	2.80254623906853
10219	729230	2.80251448492936
156	5458	2.80111145102017
2197	6161	2.80027695410171
1559	7752	2.79976235291604
5458	8671	2.79973142784166
1378	80036	2.7997108614914
3449	3800	2.79965271392658
58	7125	2.79956591587233
1436	7305	2.79873218052962
1539	323	2.79823187239654
2066	26253	2.79804571494126
5675	59340	2.79761383824637
10219	1559	2.79729744701055
10826	2057	2.7961016638531
5137	5678	2.79562539692205
10219	56	2.79528539730443
29907	56902	2.79377943444312
5678	946	2.79364312098599
6568	79697	2.79266568616473
6160	6222	2.79202102798165
3122	7805	2.79151323313855
11136	56	2.79041732930084
4210	79818	2.78903947674397
55777	5675	2.78896170509736
10075	7178	2.7883299327041
2346	57119	2.78823848715267
10219	5795	2.78798936033913
1277	5118	2.78721055779868
149628	1673	2.7865542899634
22847	3449	2.78575315511257
10485	325	2.78478446941476
26986	6122	2.78422696826461
10107	4916	2.78385063507232
22847	26253	2.78378880011383
149628	64693	2.78327052606577
3077	5795	2.78303951291779
51236	8671	2.78279405457033
3111	5655	2.78249325034293
10745	7475	2.78221687485447
729230	80036	2.78095064774195
2346	55567	2.78045360689558
1559	771	2.77997243374732
55567	9907	2.77981698683875
1559	3938	2.7781310555077
1673	2057	2.77774051306724
27345	5137	2.77622863282636
26253	4321	2.77542131098488
3077	3953	2.77464794173145
10476	7388	2.77449136030111
5678	80036	2.77383041658751
50832	59340	2.77358600235793
11136	7475	2.77210204714483
4916	5655	2.77178825248884
80352	8564	2.77127360438265
10745	5892	2.77123783847201
11136	7179	2.76967270554473
3077	4824	2.76952675113598
56	771	2.76948821126198
219	84436	2.76902874748408
2346	56902	2.76900141692404
125893	1539	2.76849218023413
1340	7388	2.76819942777679
5140	931	2.76751573986718
4608	4621	2.7674194677663
23521	6160	2.76733171265811
4210	8034	2.76731501913047
4640	5678	2.76700504572073
57119	8034	2.76607980281834
4494	4501	2.76581294992437
57615	7172	2.76540532988227
1559	2492	2.76509406241681
51236	7475	2.76439141118305
7849	946	2.76386828718424
2057	64693	2.76337744078838
59340	79794	2.76307586040379
57119	84722	2.76287362222908
4916	860	2.7625969506031
6134	6161	2.76176229591298
2057	5458	2.76110654697736
5140	7475	2.76048165807436
4632	7125	2.75968770914029
3106	3107	2.75940565070432
26253	7172	2.75937732355754
1539	79867	2.75904073807529
131566	1559	2.75880420451493
4640	80036	2.75847147361506
1539	2346	2.75804783670744
80036	988	2.75674186962002
10505	7068	2.75662176931645
1158	58	2.75603306673736
57115	6693	2.75561860481817
1293	7846	2.75551664210156
192683	325	2.75297592589257
3077	3356	2.75231054378293
6693	80036	2.75104841888298
4916	80036	2.75093119680679
2810	57119	2.75060534559508
29907	55567	2.74968360878396
10219	1673	2.74944717914743
125893	2346	2.74933456375592
3077	84722	2.7489485421688
6693	988	2.74866889816803
2916	7475	2.74851263953141
6134	6189	2.74612188870113
51236	64693	2.74497615452229
6539	9837	2.74422629197863
1559	22847	2.74391930473702
5458	64693	2.74379811950428
55567	8434	2.74158865250819
2057	7475	2.74096828937204
1559	5275	2.74094023947603
3449	5678	2.74083929161371
64924	988	2.73994202367088
5678	79819	2.73967425167039
80036	90485	2.73831573452212
10826	57119	2.73816948248718
51236	57119	2.7366233277858
2492	55613	2.73639969697958
3084	56	2.73588794772629
125893	3356	2.73396952467479
1539	7172	2.73378019427436
129642	7849	2.73048557529139
65988	79867	2.73009089164502
192683	5678	2.72981838346069
1559	931	2.72971408537791
79867	80036	2.72951946474146
2057	931	2.72920595258908
10219	64693	2.72852942336051
10475	4626	2.72722416634864
483	84617	2.72657873290381
10219	5030	2.72624301306477
64816	80036	2.72586177933948
8671	988	2.72430089048215
3077	50832	2.72426263830809
2765	56	2.72306810285525
6457	8434	2.72216512528013
156	57119	2.72176268141992
1539	55567	2.72148893714134
1539	1559	2.72124505900889
302	5478	2.72058515596601
10169	5411	2.72012474264596
5346	9370	2.71897745325707
7846	84617	2.71853728040595
1548	56	2.71837622696921
1559	2798	2.71813993444479
4210	7172	2.71799363199516
1293	6122	2.71761366550679
2916	5675	2.71757539783309
5678	7475	2.71751495544164
3849	7475	2.71419318279251
1281	5118	2.71404922488242
192683	2916	2.71248564878915
2346	946	2.71234965012459
3122	972	2.71213896558994
55135	7849	2.71066959960566
11136	1999	2.71061064481645
10485	1673	2.71000135176433
10745	156	2.70936551986801
2057	3849	2.70900511383101
4824	80036	2.70892644886223
2566	7172	2.70796742447631
56902	90485	2.70758973037386
8034	8671	2.70574712932857
1290	5118	2.70208420034687
2346	79867	2.70170082072342
1559	4916	2.70109838459324
2916	79794	2.70021690519179
1436	1462	2.69841223661286
29125	8495	2.69841167057441
1673	56	2.69840134103891
4916	80329	2.69836304173693
2057	6457	2.6982855086012
10745	7849	2.69755816361485
2115	7849	2.69583621290613
26253	6457	2.69330602049816
3449	4321	2.69320255852854
50832	51236	2.69264469445926
3664	64693	2.69104183788257
26256	3449	2.68949464249263
90485	988	2.6888082299586
1539	84705	2.68858146758929
79794	8353	2.68842625172826
22847	8564	2.68827353607653
2346	988	2.6861917719545
4589	55567	2.68440666005843
3077	771	2.68407560155389
59340	931	2.68386955862421
23354	80036	2.68362079543731
23093	729230	2.68245670550839
1559	5140	2.68211603233696
57119	80036	2.68208884954272
2057	5892	2.68123504653512
2057	946	2.68070606717159
10745	946	2.6797567812441
6699	79697	2.6786317218401
11136	22847	2.67548672277343
10107	323	2.67537557321829
56902	65988	2.67500133272348
10745	4763	2.67297979710983
2346	797	2.67290047529909
10913	27035	2.67227181228724
6147	6222	2.67213360483605
2492	4680	2.67208968217111
56	64693	2.67180855162669
79867	8034	2.67150098213553
5275	64693	2.67129543452287
2346	7172	2.67044562055573
192683	2904	2.66973431730841
3849	931	2.6694867693623
1559	5678	2.668388977029
3568	479	2.66796851271251
57115	699	2.6676369519144
1559	51236	2.6676052413718
6165	6204	2.66504339255197
5892	8832	2.66434273268304
5137	56	2.66349274125924
2904	59340	2.66329531441154
55567	57336	2.66308955647731
23657	57119	2.6630620323523
22847	5678	2.66047164835269
302	9168	2.65765113355692
23521	6159	2.65606603747046
1869	7225	2.65516699822019
129642	5678	2.65512980252228
55777	56	2.65475964136463
2057	3664	2.65415503075865
56902	64924	2.65379375847329
5140	94104	2.65223175571124
3626	946	2.65168328385089
125893	64924	2.65163301939376
10376	292	2.65119372212428
192683	3449	2.65106990802606
131566	4763	2.65105832048543
6657	931	2.6497138112587
6156	6205	2.64884493841725
11136	83734	2.6486901573529
2346	59340	2.64852554459768
11264	2057	2.64846580027785
84705	988	2.64747563924896
6857	771	2.6462830703793
4321	5678	2.64579962225248
10075	58	2.64507146152384
10095	6282	2.644504027277
10219	3077	2.64386305164149
125893	8034	2.64164783227877
3953	80036	2.64102189173092
1559	729230	2.64076121137288
1559	3448	2.64052313026954
1358	7849	2.63994056861977
2066	4321	2.63946086228979
5118	6678	2.63916059619464
23208	5724	2.63821498620809
10475	70	2.63813604175875
325	56	2.63716888007882
1539	3077	2.63625186629659
26253	3448	2.63619699884187
11174	479	2.63423959003589
11031	1601	2.63315457497897
5795	883	2.63287221042665
8434	8671	2.63259658245216
2916	931	2.63213673842697
1559	23657	2.63173121781452
1289	1290	2.6310509811418
10485	59340	2.63087568294873
65988	6693	2.63077154104043
2057	8671	2.63023724820408
2916	3077	2.62748104992701
1559	3077	2.62744913792774
129642	56	2.62699325039062
3449	8564	2.62520137074746
2798	57119	2.62496480470437
26052	6699	2.62481507231204
2492	3449	2.62464430596407
64693	79794	2.62414607890869
10629	5046	2.62302179194892
11031	28959	2.62289824457747
50832	931	2.62081740299958
1058	80036	2.61989317265915
57115	8034	2.61966045239965
10913	7849	2.61807164645223
23491	956	2.61806028211544
1548	4824	2.6171841570181
4210	988	2.61714768953408
57119	8028	2.61589208092097
29907	988	2.61571001581773
56902	79966	2.61214270658689
10745	8034	2.61018220474778
2346	6693	2.61006593950548
2346	3077	2.60961497641699
26230	64066	2.60953776575952
2916	50832	2.60867232610166
26085	60676	2.60815384570576
22854	56	2.60682304084974
1539	80036	2.60544207722031
125893	57115	2.60515305085707
55777	7475	2.60484297217757
10219	55	2.60383288254703
292	5478	2.60301744019938
1673	5030	2.60248969286395
5137	57119	2.60216418150522
10219	771	2.6016366413745
26093	3816	2.60092737105539
4321	5137	2.60023271987984
57336	6457	2.60013479430359
26253	9331	2.59989456070436
2798	909	2.59974488768001
3449	55613	2.59961993094638
65987	80036	2.59876620920464
6134	6222	2.59633761478437
2904	56	2.59610123841946
6847	80036	2.59554071827141
1673	3953	2.5954007161222
56	931	2.59492198249105
2916	7348	2.59434118772683
7172	8034	2.59422464359971
3938	56	2.59389903302788
5795	8671	2.59264916904235
1673	6857	2.59115239598846
10107	3449	2.5878422609292
10745	5458	2.5867272025237
10485	192683	2.58642807887108
4210	4983	2.58554630171204
3105	3107	2.58544059112482
10745	6857	2.58444015758584
11136	5140	2.58032602384724
5140	64693	2.57980369312458
3851	7849	2.57926595542587
26253	8564	2.57899483114609
51236	56	2.57857770451576
1673	64693	2.57777392194158
3077	7849	2.57765728552107
22847	946	2.5773190539587
3449	7475	2.57616628410815
2572	57119	2.57450271746756
149628	2810	2.57209322691672
1559	7475	2.57206776792252
5137	80036	2.57192249726812
1327	4695	2.57176694569857
56	5675	2.57127365216275
56	6657	2.57097270850522
80036	84722	2.57094299446186
10376	5478	2.56999011447329
10136	3077	2.56946100905673
5137	8671	2.56689531449235
5678	65987	2.56609158982112
1559	59340	2.56583644760929
1559	4763	2.56518754370339
10745	7348	2.56441624962495
1358	3568	2.56407286657512
1539	26230	2.56407176957967
5678	7849	2.56399900411572
3779	5030	2.56370944661993
1638	9907	2.56092478876086
10095	1462	2.559116349752
192683	4763	2.5583952580936
6457	931	2.55802449863598
1559	26002	2.55796603539982
23657	8671	2.55666288049222
1462	7076	2.55596801612841
10095	483	2.5555892153382
4589	7172	2.5551656254305
3442	5678	2.55412638655667
1158	2597	2.55403724838967
11004	3077	2.55367074936455
11136	4824	2.55323740417762
1462	84790	2.55231613664686
2057	7849	2.54973516142583
4210	80036	2.54649416637669
2057	51619	2.54624786109311
5140	57119	2.54617489286148
10826	51236	2.54587412211056
26253	5137	2.54538181123356
6005	79370	2.54509911090808
5458	771	2.54328374741407
84617	84790	2.54184625031605
4824	771	2.5413967030429
3105	3106	2.53987403287999
2916	56	2.53953214779606
2566	26253	2.53834783633269
192683	7475	2.53735421261121
7475	946	2.53587460585999
2346	6457	2.53565466410564
10107	10219	2.53547918470305
26998	3626	2.53513163205478
3849	51236	2.53488692847329
2346	2572	2.53343340926962
10385	80741	2.53308304198085
292	302	2.5329089805555
1559	2810	2.53246220703698
5275	5795	2.53244260673729
10529	946	2.53181923894749
1537	2805	2.53115180961481
5675	6579	2.53111030812953
6147	6191	2.53033629468546
3077	988	2.5300228161205
2572	80036	2.52902054916101
10485	946	2.52882360957356
22847	9350	2.52863336951932
3449	6847	2.52756496742724
6160	6165	2.52650580559641
2066	55937	2.52618315739295
1436	1601	2.52580841264777
26002	64693	2.52575079078307
1436	64231	2.52560490569197
26253	6699	2.52510584599314
1442	5655	2.52480091059077
3568	9907	2.52458784050265
6156	6208	2.52320619000606
1673	80036	2.52159923189549
2560	5675	2.52085948741338
56902	8671	2.52013250644862
10916	9168	2.515141267624
2066	6847	2.51359706598394
55135	65987	2.51250633891499
1087	3077	2.5123537993479
729230	797	2.50920562154005
10219	8495	2.50902912292761
1673	8495	2.50812886297625
2057	988	2.50748339141124
323	59353	2.50653574211848
57119	8434	2.50619846963095
11136	4507	2.50604361527836
4321	56902	2.50599339634181
149628	3664	2.50495905075968
2346	2810	2.50349262493155
56	5795	2.50294010589607
26253	3800	2.50250567868982
4632	7178	2.50112000995771
3441	6671	2.50073568045032
55247	7172	2.50003902960885
10107	5618	2.49979135465251
3664	5140	2.49950562966885
55567	9576	2.49923044087372
149628	80114	2.49883112899687
4293	5140	2.49823168450519
5140	79000	2.49814413790252
4824	56	2.49615080106036
3077	59340	2.49578836641212
10745	6457	2.49501773641533
7172	79867	2.49495298592987
4210	9907	2.49301369321467
149628	59340	2.49226548378559
3851	56905	2.49081716861275
6457	988	2.4906220132185
1537	27335	2.49046005449352
55567	90485	2.48916087358672
1350	539	2.48823501246116
5458	7475	2.48795092369441
80258	946	2.48737174773366
149628	51236	2.48712561857815
4288	80036	2.48649765672948
374291	4728	2.48617746143037
2057	6857	2.48553004094714
5275	56	2.48440109432827
2057	5675	2.48366794578736
7172	80036	2.48328241589896
51236	946	2.4829815679381
6159	6205	2.48218126801266
1559	4293	2.47996606449056
11136	192683	2.47967020568836
117178	5892	2.47816531037871
2057	56	2.477591894783
2810	8671	2.47758803655914
1281	4060	2.47702916008352
4267	6275	2.47647088709073
2798	931	2.47509292991562
1277	1290	2.47404814905585
57119	7475	2.47350680798885
2492	6699	2.47321142824913
11136	3449	2.47285750305982
7172	90485	2.47215085407883
50832	57115	2.47169499442284
22847	7179	2.46955903568049
5458	5675	2.46923402354591
57115	79867	2.46856322501617
4321	4824	2.46773287153243
3077	5675	2.46544745716552
60676	80036	2.46452022631615
1462	6282	2.46326786243649
10745	51236	2.4627970919085
6191	6229	2.46239785549058
10505	3449	2.46164594751551
10745	23354	2.46084666292856
10730	5110	2.46023023193926
55507	8888	2.45926131359349
10485	79083	2.45918810242906
4507	5275	2.45912705468665
22847	26002	2.4587254009517
56	79794	2.45849343908523
1539	64066	2.45826415085801
3449	5137	2.45781786576197
11136	2492	2.4564017825156
149628	80036	2.45575358195451
10745	8671	2.45494388336151
56902	79818	2.45352056910138
4824	54363	2.45347097420874
2492	50832	2.45306910011449
6915	79712	2.44895285441017
3106	567	2.44785985801751
10219	325	2.44746086211694
10136	55247	2.4470422125165
56	84722	2.44610371728549
1559	6857	2.44596219716186
29091	729230	2.44517639847451
1549	3448	2.44463948603524
729230	8671	2.4432095023155
79867	8434	2.44289651334709
79966	8434	2.44287739987831
8671	931	2.43979084427262
5030	5795	2.4373818554785
1559	3953	2.43728151368482
5204	6146	2.43386254643697
1462	7305	2.43248766795494
10476	1329	2.43245168249367
1559	26253	2.43081694581617
1290	4060	2.43074498993794
65988	79818	2.43064840271732
149628	5137	2.42965510751685
149628	5458	2.42947763574874
125893	55247	2.4277135515036
4507	50832	2.42702482329388
3568	80036	2.42576914719343
80036	9907	2.4246158218613
2569	9576	2.42279216941586
56902	57336	2.42272317986717
1378	4640	2.42264809248972
192683	6857	2.42213704356551
6579	7475	2.42049677662431
2560	3849	2.41971302898466
4507	64693	2.41953242300519
27345	8671	2.41869342089189
26253	59336	2.41823674256328
2346	729230	2.41770908635582
3449	55937	2.41758687851673
22847	64693	2.41732807819742
65988	699	2.41705474578157
51619	946	2.41626186001264
7475	9848	2.41599553705476
3113	7805	2.41537706367857
1549	26253	2.41393608771059
3568	7849	2.41375919037853
22847	4916	2.41292708786579
64924	79867	2.41283194411944
3077	56902	2.41252661742859
10485	3077	2.4115428569605
2558	5858	2.41144024410067
56902	6457	2.41138793061683
2798	7475	2.41120108208195
4356	80352	2.4074488060647
2492	26253	2.40585786728802
10219	5275	2.40521765160222
64816	988	2.40516858692711
156	4763	2.4049543154071
7348	7475	2.40426165790689
1559	5671	2.40328680595001
56	80036	2.40158683304729
2346	2566	2.40007110373118
11031	7846	2.39964048968338
23208	55635	2.39858241154956
26256	55635	2.39790222889141
57336	8434	2.39757840248084
26253	8671	2.39712294243523
1559	192683	2.39645752533613
56	81624	2.39580814712216
27345	5458	2.39554849321284
56	946	2.39527393631026
6189	6228	2.39459002416767
10745	2572	2.39396145140988
10485	2346	2.39365104370097
7172	8671	2.39316962754206
3077	729230	2.39269484741784
1559	3800	2.39252918595277
10745	2798	2.39217512253306
8034	988	2.39200561597167
10485	7849	2.391814753669
302	7846	2.39168126033158
2916	50489	2.38829034497014
26648	79170	2.38755849373687
4046	9168	2.38664651904693
10505	56	2.38634849883241
1087	57115	2.38561217331325
55567	7849	2.38546652793106
2904	55937	2.38425473856471
50832	946	2.38417268527919
1559	7068	2.38253299928941
2798	540	2.38200203733024
2798	4507	2.38048015554483
56	8360	2.38025791675037
10629	4916	2.37988260478022
57115	80036	2.37965805228404
10219	8671	2.37963061867814
1549	3698	2.37905472463171
22847	9134	2.37889962649186
3077	7172	2.37865365145798
23657	55613	2.3785502079139
1548	2904	2.37781723089589
2904	946	2.37615883034909
26253	59340	2.37486167795988
10505	3441	2.37382046849723
3449	5140	2.3736432169145
7076	7846	2.37340819643416
1539	8034	2.37300897653086
7076	84790	2.3724271247118
55567	5795	2.37221567015302
5883	79611	2.37211192951879
55247	57119	2.37198765987161
1539	84722	2.37080517678364
29091	8034	2.37046174604391
129642	2272	2.36988164627157
10913	6693	2.36874984036879
3449	64693	2.36825186548436
4321	84722	2.36825043761795
1559	9293	2.36789138901175
10745	3077	2.36719894972625
23354	3664	2.36711291455229
4916	7849	2.36544048594864
3441	79170	2.36461461170016
10529	2904	2.36423602219543
2798	80070	2.36308032498796
56891	6336	2.36271119028335
2057	80036	2.3598850595262
64066	80036	2.35702267352919
192683	22847	2.35598931274605
131566	22847	2.3550994508309
3077	4321	2.3550084032289
1559	8028	2.35304461005752
1559	797	2.35275149516109
6134	6208	2.35230180227264
1638	26093	2.35202483785092
3451	9293	2.35128136168798
50832	5137	2.34754334708127
57336	988	2.34546441998366
10745	80036	2.34421985508005
125893	4824	2.34399350579861
125893	63928	2.34380296986539
22847	5137	2.34192149567939
6159	6191	2.34172293434091
79858	9071	2.34119809583527
55613	80114	2.34088141669821
26253	931	2.34069284182976
27345	57119	2.33835591526447
1559	23354	2.33793386331577
55937	56	2.33668049396407
1462	483	2.33566364884651
22847	6857	2.33373006219763
2346	64066	2.33309595253819
4763	56	2.32921505473314
23354	8671	2.32913253217458
26253	7745	2.32840939602706
23208	65987	2.32833255846017
5275	54866	2.32782642359923
56	9350	2.32731310686865
1559	50832	2.32512244794408
10162	54865	2.3239706838497
1539	4763	2.32371494613189
6209	7311	2.32327641195707
11022	56	2.32319662935712
5140	79794	2.3230669396083
22847	5140	2.31944783878609
149628	56	2.31819263394462
6875	988	2.31737612047286
26256	3568	2.31731783578385
2798	64693	2.31661921828468
2346	4210	2.31581468244341
4507	80070	2.31511912034673
479	79616	2.31398102655356
22847	3800	2.31395915442315
2346	4763	2.31378355329726
10529	23120	2.31212623029984
192683	4824	2.31014872430034
64693	9293	2.30817137542334
57336	65987	2.30803680788687
1673	29125	2.30755607968263
55567	79818	2.30436236914522
5140	6857	2.30406824187019
22847	80352	2.30316178921863
5140	56	2.30287793327272
26253	80352	2.30058132521835
10475	158471	2.30047402371073
5892	7475	2.29991794580155
2115	2916	2.2992431954679
1559	50833	2.29862462124107
2904	2916	2.29710958385287
22847	50832	2.29495515099957
6847	8671	2.29415027700921
3077	59353	2.29361389160105
5223	7295	2.29183523691719
325	5795	2.29178078521765
125893	7849	2.29165276825819
10107	80036	2.2912764113358
22893	84436	2.28857914476638
1436	712	2.28715774415439
192683	26998	2.286498090688
5458	6457	2.28608595506608
129642	1358	2.2803969543895
10527	5537	2.27975095124918
4210	65988	2.27865005290447
1673	2346	2.27827006636969
6693	8034	2.27762074235785
1638	5678	2.27583231014275
50832	64693	2.27483153374674
3449	51236	2.27388921483191
5678	7348	2.27388258460809
131566	3441	2.27318968572905
22847	6847	2.27057892273027
2346	84722	2.26879405815713
10044	79370	2.26804641914491
6911	84302	2.26583396448021
7046	80352	2.26476075163097
6005	7172	2.26420706631609
4763	6801	2.26398600678958
125893	29907	2.26395719748024
55613	64693	2.26335404430003
57119	59340	2.26280168406229
1559	2916	2.26203199896267
4507	56	2.26111812681352
323	988	2.26000146486358
1463	4321	2.25751378544328
1559	56902	2.25714117137248
2569	4916	2.25659412884514
10107	4824	2.25633407206293
2057	59340	2.25410484142521
11043	3449	2.25095929061621
4321	81624	2.25078204875425
80114	8671	2.25002887821219
1281	1289	2.24941980567014
57115	8671	2.24851822194041
3077	946	2.24746487962906
4763	5671	2.24728215582098
2492	7475	2.24649357607244
29125	6013	2.24494421973937
1278	1289	2.24425244260416
149628	325	2.24404933367328
1673	55247	2.24382153487029
3449	55777	2.24343877650639
55777	9134	2.24329972502784
2057	2346	2.2425788422383
6564	9187	2.24254485565313
10107	1378	2.24058340126338
3448	79697	2.24041674599519
22847	9293	2.23973074976318
26998	56	2.2392011250096
11136	50832	2.23836206316206
57119	9837	2.23711891514883
10505	26253	2.23701960209
1559	6568	2.23621963173654
10164	56	2.23611731413159
3849	57119	2.23581757378892
129642	4824	2.23437207230544
2560	797	2.23427415685729
10916	6122	2.23415266963674
57119	64066	2.23383578797058
57119	6005	2.23314776188906
5892	6857	2.23266844035051
1673	2810	2.2307925535024
3849	5458	2.22949899578494
56891	7447	2.22887397582693
5675	931	2.22807981035984
1559	2057	2.22704213567145
64924	6693	2.22697303126344
883	988	2.22683108680711
7172	8434	2.22562515674133
2492	55764	2.22416284482003
51236	5675	2.22344421648704
6457	8034	2.22341947579212
22847	7475	2.22249711881712
29091	56902	2.22169297366048
10044	56	2.22151741573098
2798	6857	2.22142778603859
79697	931	2.22113101719083
1462	7805	2.22110500472727
1559	325	2.22078681380294
1559	5795	2.21795402559349
3664	56	2.21747307442471
10219	5458	2.21722443051413
3568	9487	2.21714609563985
51236	7781	2.21594842467744
26085	92086	2.21552484134435
2346	55247	2.2145091757941
2676	5618	2.21277657466505
64066	988	2.2125568289185
56	6857	2.21214984124167
50833	9293	2.21130739218119
1983	8669	2.21002680930769
10219	23093	2.20946768746366
5275	8556	2.20871445499439
26253	3441	2.2083230106883
23354	2346	2.20826436841929
55247	56902	2.2078438439275
1539	192683	2.20690803644283
5275	6457	2.20589169269334
10476	1340	2.20477359782772
1436	7805	2.2030176654767
10476	4724	2.20298250431063
1158	7273	2.20114518180342
3455	79867	2.20052502065116
4321	7172	2.19934376496355
357	50832	2.19896775447868
1329	1340	2.19848136089664
4916	9576	2.19758517722273
22854	3985	2.1970457005244
10913	7179	2.19687281084946
156	6457	2.19670333808424
57115	57336	2.19571507366066
5137	57115	2.19444244970695
1539	6693	2.1920420207629
149628	6671	2.19138331619574
1559	6005	2.19019611924254
23491	9134	2.18934537818947
55247	771	2.18909027164147
10505	6699	2.18894647307651
3800	57119	2.18789256070623
22854	9293	2.18669064456165
4210	7849	2.18549474971377
5892	59340	2.18466811686267
29125	3077	2.18351673887301
6857	7179	2.18328357588145
22854	5137	2.18174234788623
5678	956	2.18093335909098
22847	8671	2.18055566767402
2066	4916	2.18009935151565
149628	55613	2.17959496006719
10107	56	2.17815600290148
6291	6915	2.17808455994257
5678	6847	2.17670683609578
10745	10826	2.17659518885989
55247	729230	2.17527447758968
3448	80352	2.17356887348157
10745	55777	2.17349921870325
10044	3449	2.17336152563735
1549	4321	2.17331437611349
149628	27345	2.17250904043745
55567	64066	2.17130118787788
26253	7475	2.17113786646445
4321	79621	2.16762306923939
10107	5678	2.16511824985969
5046	55937	2.16343918154889
7225	7752	2.16222488630116
26532	6013	2.16181417408639
192683	57119	2.16168061656933
26648	3441	2.16152960911495
8673	976	2.1596646376082
27345	3664	2.1583444457066
5795	64066	2.15763774165684
1029	6693	2.15576916618625
125893	8434	2.15538846503031
1559	6847	2.15493245499638
3448	64693	2.15413828449168
1539	1673	2.15343000984619
3449	8671	2.15340170412978
10376	60	2.15149058521661
1350	1351	2.15123223129449
1768	5655	2.15041832690567
4210	64924	2.1499306282656
2057	5140	2.14978099748884
1278	6122	2.14872886663853
1288	27445	2.14814921187068
3077	5046	2.14801135514539
1539	57119	2.14752102025148
1673	325	2.14634418687242
5795	988	2.1452939273087
2798	5458	2.14318126496935
323	5655	2.14190889780144
10826	5675	2.13728845299011
3664	4293	2.13408845158469
10721	956	2.13368217404036
125893	8671	2.1328836781839
1029	10385	2.13250350128636
325	771	2.13068221567358
56154	5655	2.13058890010238
10913	3077	2.13054251690311
10044	2916	2.12807617643168
6218	6223	2.12688872523622
9187	9907	2.12654204182342
26253	5892	2.12616043546546
1358	23208	2.12565473625468
51236	5458	2.12532849044941
23093	3077	2.12423242041758
3449	3664	2.12314296880732
64066	84722	2.12144659525977
56	956	2.1214277091382
1813	6693	2.12016606625325
6209	9045	2.12003771675863
4589	80036	2.1196281338189
125893	57336	2.11836507013495
10219	80036	2.11711952938315
3938	79794	2.11608127430574
55777	84302	2.11472458673823
10219	29125	2.11456173653725
11004	56	2.11312861183668
10219	57119	2.11301247735751
5892	6457	2.11282862079864
23208	4829	2.11248520861907
3077	64924	2.11246679973661
129642	2115	2.11241055196401
156	2057	2.11171246917977
10475	10763	2.11145947589833
192683	5140	2.11013976879065
10044	3938	2.10979355389884
5444	6801	2.10976485867344
3664	79621	2.10905835262207
10219	125893	2.1060782055612
57119	729230	2.10362575037755
2904	5678	2.10337549385233
7076	84617	2.10324694053521
1638	4640	2.10263115249084
4916	55937	2.10121222676505
4829	5083	2.10030270167927
10745	11237	2.09907334710955
56902	6875	2.09776256878641
27299	4111	2.09743873642944
57115	988	2.09578934605272
1559	8556	2.09537772074258
26253	56	2.09497160063355
2566	55567	2.09440787563287
173	26692	2.09431297042991
23657	57030	2.09244700996115
2572	5458	2.09192754179265
10745	771	2.0918175973095
2057	4507	2.09161510030707
51236	6671	2.09049286109789
1673	59353	2.08981783607773
3664	80036	2.08959211209368
129642	5140	2.08948725653526
55613	57119	2.08903034762093
7172	9368	2.08896447615282
57369	7849	2.08894727415482
4824	51438	2.08439258001749
7849	9786	2.0816398870502
79867	90485	2.08111055375355
3356	63928	2.08002377026729
6189	6208	2.07970361012241
29063	55777	2.07959775672077
51236	5678	2.07869231418114
4640	65987	2.07812246208393
26093	60676	2.07659843144119
55567	8671	2.0735170931425
2904	860	2.07237010999012
22847	79794	2.07165928528368
26253	6847	2.07147546878057
5444	55764	2.0710605115526
2798	50832	2.07067663495395
4507	7475	2.06765813322054
771	79794	2.06528472846585
192683	988	2.06519255329461
2798	51236	2.06485903510471
6275	70	2.0640384159539
3077	4353	2.06199462045289
7846	9201	2.06105105660334
84722	90485	2.06044734430629
3718	4824	2.06041322109592
5458	8034	2.06027974832433
3105	567	2.06005435562091
23208	26256	2.06005269002185
4983	6291	2.05789867235808
7179	80036	2.05768095299815
10085	5678	2.05758565151358
11004	55247	2.0567492208666
11031	7805	2.05652423561255
1350	7388	2.05643216443752
131566	8556	2.05642672173949
149628	57115	2.05474716983357
302	6122	2.05291816822993
301	302	2.05252425217942
3698	7745	2.05176765240532
22854	6539	2.05130637300068
149628	988	2.05092409234477
6161	6205	2.05091621930247
3441	3698	2.05083020906745
1673	5675	2.04977126547477
3356	4824	2.0497248769843
4293	57119	2.04936117379407
3077	9071	2.04865416135631
10896	4640	2.04831806556895
192683	222658	2.04719243098296
4916	946	2.04644314086635
1559	81624	2.04510755303103
2346	23657	2.04290761912515
4193	55635	2.04273030475832
4046	84617	2.04203582471814
29091	84722	2.04199305376425
2346	5795	2.04112199210006
1673	771	2.04049110649787
55613	56	2.03988389890423
4824	883	2.03984434336591
5137	956	2.03980922926389
56	8564	2.03922114295224
4321	57119	2.03875389868686
57119	797	2.03853120199905
323	80036	2.03778866250031
192683	3077	2.03616032602991
5675	57119	2.03595534770104
2810	64693	2.0346731419979
10629	7068	2.03421570081991
23120	5678	2.03278342074415
6147	6160	2.03250156273325
6156	6161	2.03070579487781
23657	56	2.02955906136669
10529	5046	2.02779763382468
2346	57336	2.02694486599925
356	4824	2.02468477106459
156	64693	2.02328030765782
26052	6568	2.0221440274523
10044	3448	2.02167569262636
10637	6801	2.02109825946662
3568	4640	2.0194477807331
10745	7179	2.01741656795273
1358	55567	2.01681330357389
1559	5444	2.01575260629281
1559	4680	2.01512846563313
4983	9576	2.01273698868263
4321	8671	2.01216041288989
5678	59340	2.01134317141539
192683	357	2.01020092025195
3077	55567	2.00917765863523
4824	64924	2.00912514262582
65988	7172	2.00820183245097
4210	5675	2.00741994610511
1559	64066	2.00715778426977
192683	7172	2.00698456265557
26253	57119	2.00541880057985
1510	79170	2.00263777679512
10219	50832	2.00254203513327
57336	7849	2.00183632688617
149628	79794	2.00183314532197
3718	6693	2.00166637375395
1999	79979	2.00054915071526
3111	3938	2.00053785219575
1537	374291	1.99971408518964
63928	771	1.99833048696933
2560	55247	1.99819008362215
1559	59353	1.99751002830067
59340	8671	1.99736757893666
1290	1462	1.99477398611441
10485	57119	1.99310068300909
1559	23093	1.99163070082625
10096	829	1.99141940967724
11113	1559	1.99122929476171
6665	92086	1.99122060422723
116984	9837	1.99105512018697
5137	81624	1.99072513546301
10913	80036	1.98994529658488
6857	946	1.98950616020138
2566	80036	1.98940363598304
325	57119	1.98864319899361
3448	55613	1.98853661803877
3664	6857	1.98551232410211
6161	6209	1.98354031452976
192683	2765	1.98340178173481
10107	9576	1.98263779031439
56902	7849	1.98184743948729
2810	6457	1.9813795388913
57119	79966	1.98099887386941
1559	3442	1.98071008448442
771	81624	1.98066026737012
2572	931	1.98041647560509
3568	946	1.97998000962635
10085	1638	1.9797626119601
51533	80036	1.97945637975843
3849	55247	1.9770069291635
3106	3135	1.97665054362216
125893	6457	1.97574735411904
79818	79867	1.9726643979081
1559	946	1.97122470485542
5137	771	1.97110106868922
1277	1293	1.96997958857458
1559	323	1.96717117623893
149628	26002	1.9661146320547
4602	931	1.96608494663658
5030	83464	1.96579031282273
11237	5675	1.96486496445913
5140	59340	1.96269922817947
50832	5678	1.96260402829244
23657	79966	1.96233699600201
357	5140	1.95956422092288
5137	79621	1.95897738430759
192683	81697	1.95825719317464
192683	6657	1.95733512831595
5046	5795	1.95611848635592
2904	57096	1.95582470636503
23208	7849	1.9554772226131
26998	931	1.95491926479199
3119	3122	1.95337179368852
1559	55777	1.95274148081851
156	3664	1.95244570943482
65988	988	1.95139746554455
60	84790	1.95126326354823
23133	5795	1.95095826233281
1559	3084	1.94934564940502
23657	64066	1.94860788599516
3077	5678	1.94824220850232
3568	5678	1.94802162696233
1559	79966	1.9462782410076
5137	9293	1.94603973591939
5678	9071	1.94589800842875
4210	57336	1.94468954141441
10505	2492	1.94263679843183
5110	5887	1.94224961279278
1378	3568	1.93999925509198
11107	64693	1.93994240945918
2566	6847	1.93568006716644
57119	988	1.93533842162819
1638	60676	1.93307968612747
11043	2904	1.93295256809933
10505	1559	1.93151996961756
26648	5892	1.9312341635747
2810	5458	1.93017866434971
26253	956	1.93007279365174
2346	57115	1.92964917878531
10629	80329	1.92867344249296
11264	3664	1.92752875730691
192683	2057	1.92485839393071
192683	50833	1.92377721485959
51236	59340	1.92347197661873
2115	946	1.92325088070651
4824	6847	1.92083307409926
5458	5892	1.92065972007965
1510	2492	1.91817654132706
79794	81697	1.91796214466268
6440	9187	1.91678802832745
10219	22941	1.91655057215482
192683	5795	1.91597383606697
4704	4708	1.91588037993399
11237	771	1.91582879608219
156	2810	1.91540394251943
301	7431	1.91435979834859
23657	5458	1.91391496705211
11318	4824	1.91361845664278
3698	4824	1.91249364126586
323	4916	1.91224023466826
22847	931	1.91103759089437
2822	79794	1.91035057427453
4983	56902	1.90972957190877
2891	80036	1.90845612036781
6847	79370	1.90834532465857
26998	80070	1.9081218565057
26253	54866	1.90698121596263
11004	149628	1.90662430222961
2492	79621	1.90645083400303
5275	5458	1.90613482373633
2346	51236	1.90600091249311
5140	7179	1.90590742513674
4680	5137	1.90505035288688
22847	3938	1.90466263685417
11318	55937	1.90378811764029
129642	4640	1.90308714968391
1549	9331	1.90271174086927
1673	59340	1.90015402513786
131566	5137	1.89928250488644
6168	7178	1.89926119173716
59340	6568	1.89859869855195
10745	63928	1.8980722167442
6135	6633	1.896445687252
3448	4356	1.89644152758346
50832	6857	1.8950259178708
23336	477	1.8948093623857
23521	6223	1.89451974117303
2346	6568	1.89434686098485
5458	9837	1.89347231643353
10745	2810	1.89286556218091
2014	302	1.89255840514186
5444	8564	1.89254932136754
192683	7849	1.89253959746392
219	55567	1.89167271713673
50833	59340	1.89161276839128
56	7849	1.89086248236472
1358	4829	1.8904395371318
26002	55777	1.88988767215214
6122	9168	1.88820569347321
64066	7172	1.88810682067573
2572	729230	1.88730900469927
11113	56	1.8856858471173
6208	6222	1.88502027958698
1293	8406	1.88395859408005
192683	3084	1.88186386131936
4193	9883	1.87992194332451
1559	79621	1.87920092488383
3077	8671	1.87885499875856
10745	131566	1.87819524249575
3105	3135	1.87793369090498
5458	6568	1.87785296305823
2512	9168	1.87564070685769
10044	1559	1.87525773265751
23086	5678	1.87494150378481
5458	79966	1.87417694403918
10107	3455	1.87248484833522
3449	3938	1.87154957230966
56902	64066	1.87135838444593
1559	5675	1.86870075224284
3938	80036	1.86803546861927
2765	57119	1.86741915019371
10107	5275	1.86685538556246
1378	55567	1.86622780230451
3449	9293	1.86539659915738
3800	4916	1.86476533788416
149628	81833	1.86452583614299
2346	931	1.86429072374426
1134	70	1.86400163505811
771	931	1.86378124670563
4916	56	1.86318672846707
1673	23354	1.86283035211364
10745	5795	1.86253885643767
1350	4697	1.86216164006606
57119	8832	1.86209465666946
22854	50832	1.85957084706158
5678	6291	1.85733413545042
6275	6277	1.85663366122531
2346	3664	1.85638954295981
2346	6375	1.85636138740349
2346	90485	1.85616745922454
129642	80036	1.85579045833187
1549	56	1.85538911389938
11031	1436	1.85531999607291
1559	7179	1.85518182355693
2346	79966	1.85496195917367
6147	6229	1.85492377910594
5892	7447	1.85479477394748
1463	56	1.85471299844676
3077	6857	1.85442806059091
8034	84722	1.85345293484074
3449	57119	1.85322408629815
192683	3626	1.85219456878961
11237	7172	1.85218436952958
10529	50832	1.85216124595943
125893	1673	1.85164894029408
3077	7252	1.85149061967697
10485	23354	1.8511534630811
4210	64066	1.85101700955976
2916	7849	1.85026858520866
11136	129642	1.84697729662939
60676	64816	1.84615165293837
5444	56	1.84604609101358
149628	3077	1.84529000572752
2891	7849	1.84383899425634
131	50489	1.84330684744106
26998	9293	1.84144335324645
3449	80036	1.8407072906539
325	3664	1.84011279696606
55247	57615	1.83809425007408
3800	7475	1.8380315587716
131566	8564	1.83793535322232
11043	1463	1.83773991761172
10485	2057	1.83608604778814
55567	6457	1.83474680048072
6133	6208	1.83433076190359
10826	27345	1.83391863585703
80352	9331	1.83325184220439
192683	79794	1.83264141606286
8671	946	1.8294276965398
6005	8671	1.8289332339831
1293	6678	1.82785390307121
3077	641	1.82680484751998
2822	55613	1.82650484284973
2904	4916	1.826431008031
10745	5140	1.8264111161257
5675	9947	1.82541187945256
23208	4640	1.82347049490378
1539	4916	1.82311962957709
1559	22854	1.82185795136574
2346	325	1.82128330363079
64693	7475	1.82103412132649
51236	6457	1.82086784372088
79867	8671	1.81794805143472
10214	59340	1.81766946560446
7179	9848	1.81761601293961
5204	6166	1.81644912668118
3760	80036	1.81619586035924
2492	51236	1.8160064257663
7475	956	1.81568670774808
2916	5140	1.81530793475463
50833	6699	1.81479346601025
50835	55784	1.81440076835054
3455	56902	1.81438672526177
1638	3568	1.81330107149086
3670	4887	1.81265792857348
3953	84722	1.81241503511147
10164	5795	1.81201205871048
4824	63928	1.8119886536196
55567	57615	1.81156268316314
729230	8034	1.80951765201695
729230	8434	1.80913580064444
1548	192683	1.80823517054407
6291	6693	1.80728063599088
1638	57402	1.8058496227211
11043	6847	1.80498428573995
6160	6187	1.80421156309728
125893	5795	1.80273945460788
1087	90485	1.80132542109039
5795	83464	1.7993279977163
3938	8671	1.79872508247686
1378	7849	1.79856435002914
55937	7849	1.79849562773863
7305	7805	1.79765846183031
57119	7172	1.79691407283622
8434	988	1.79674121296187
22847	4321	1.79650592671846
2115	3568	1.7958246628268
10803	7179	1.79576645467029
2916	357	1.79447690560143
10485	80036	1.79416589294886
1277	1289	1.79385678929551
51236	883	1.79353669316546
3455	53616	1.7928401385885
60676	7849	1.79142055084057
57119	771	1.7909737990948
10219	5675	1.79080194576346
1763	9331	1.7893879772004
3449	946	1.78894379932688
1358	80036	1.78809044356811
156	80036	1.78707522931283
55567	64924	1.78514510438979
192683	80070	1.78504750159864
10107	2048	1.78472859793163
3448	55764	1.78452690045182
10095	11031	1.7834029080207
2566	56902	1.78175468263516
2066	22847	1.77955652134532
5655	79794	1.77944413519565
50833	8671	1.77728759011531
2810	3626	1.77725737546777
3449	79794	1.77694576729437
125893	7252	1.77466213608037
2916	6657	1.77418723117329
156	2250	1.77393118828763
3664	7752	1.77382482463678
10745	5770	1.77305316724648
2066	988	1.77286422595741
10219	51236	1.77257005811004
79867	9907	1.77235878170889
5678	771	1.77181910389777
23093	80036	1.76993677460028
56	80352	1.76988658004187
4824	9071	1.76929264158307
10745	2904	1.76883623829192
11237	192683	1.76876194912886
149628	51619	1.76503020446936
2566	8671	1.76367255273611
3953	6559	1.76259721018066
2597	58	1.76122100771909
1638	3772	1.7608752030106
1638	4824	1.76077815576319
59340	8564	1.7606005830609
1638	4916	1.76018647811983
26998	7348	1.75979800016817
23742	6911	1.75884437829121
3568	55567	1.7586869694671
6847	988	1.75868224765609
54853	7068	1.75864256407375
5030	771	1.75577009309236
2066	4887	1.7551764580759
10085	2915	1.75374069268751
2891	4640	1.75290572067459
4111	57119	1.75282564947921
5458	56	1.75274649653667
149628	23354	1.75257011009989
4824	5655	1.75247008595137
149628	729230	1.75113565744247
4626	6275	1.75045879245077
10485	5795	1.74960273666281
3451	79794	1.74825063903505
2891	3664	1.74811670330284
2057	3508	1.74799912709711
10044	64693	1.74613744548492
3800	5137	1.74514826056688
56	8671	1.7447199802989
56	6671	1.74443300016305
10745	26998	1.74374518988651
22847	2916	1.74266197117753
1378	64816	1.74261400896552
10745	57030	1.74180651742201
3448	990	1.74098112056413
131566	56897	1.74043273588628
55613	55764	1.73997124979307
222658	7475	1.73986348443178
2810	5030	1.73947942170868
79794	931	1.73911695764683
3664	51236	1.73766218155229
125893	64816	1.73610005344049
4983	6693	1.73512695315289
22847	2904	1.73411601642297
4633	58	1.73354010784558
10219	83464	1.73258139882275
192683	7179	1.73245484331684
2492	4824	1.73119748763939
11136	3077	1.73070307250417
4983	9118	1.73055321980013
2246	84302	1.7285941873676
64924	90485	1.72807490958666
5795	6657	1.72804612377295
3448	50833	1.72734245371009
2066	3698	1.72592387188993
1539	29121	1.72463035746559
22854	2492	1.72407864202433
3444	5678	1.72354758699144
57402	60676	1.72311646346851
3356	6915	1.72187808450914
11136	5678	1.72133255990259
8360	9071	1.72111263230204
156	23354	1.72091334231997
131566	2798	1.7207542130889
323	3449	1.71894568475142
22847	54363	1.71811555939317
22941	6616	1.71617653944824
192683	931	1.71530676321967
11167	2200	1.71483145104535
3938	4293	1.71430871390736
5678	57119	1.71429582590839
3448	6699	1.714152164976
3760	729230	1.71311902288149
192683	4916	1.71187421493017
2765	59340	1.71177953907455
2842	50832	1.71116751499386
2057	3449	1.71045267959517
55247	8434	1.71044964532049
23657	931	1.70972438447758
11004	771	1.70849524678377
10107	1539	1.70798378174039
84722	9635	1.70729655702853
219	4210	1.7063311732608
4824	4916	1.70593748383233
65987	9071	1.70516640163149
4640	6915	1.70514789407264
1378	4983	1.70506296948157
2066	79170	1.70433170354788
3849	59340	1.70353843564587
11031	4046	1.70336594139602
3824	5140	1.70215737271004
51236	988	1.70194071359766
156	79913	1.70192846231482
2057	2810	1.70166866783207
29091	80036	1.70053058976285
2798	79794	1.6997407747156
1289	6678	1.69967120231364
10095	7305	1.69959871000817
11136	80036	1.69957246360132
51619	59340	1.69952857326891
10376	302	1.6994406452147
3664	5458	1.69706250591985
11004	325	1.69696694479783
1559	8434	1.6965815961303
149628	8028	1.69289060596045
4493	4501	1.69028277522284
192683	6699	1.68918262622395
11136	5655	1.68889681844422
2765	64840	1.68845038569388
55247	64066	1.68813477603981
3084	57119	1.68804612681608
22854	27345	1.6880353409715
1282	1284	1.68738398990149
2001	56	1.68736971871702
29125	80036	1.68736365893787
10107	8556	1.68628008429146
1768	55613	1.68431207689132
149628	5030	1.68415928374725
11136	1548	1.68005044421801
4111	6857	1.67996241848654
1559	26256	1.67945600311653
4824	55937	1.6794551525894
10234	7846	1.67943262089204
2572	59340	1.67918235210186
23657	7475	1.67701205581231
59340	8034	1.67579231275972
3698	79170	1.67440877711126
883	946	1.67435254085557
931	946	1.67401129833397
5137	7781	1.67222240460028
3448	3449	1.67144361705255
55777	5678	1.67131341061101
57336	80036	1.67117859458169
2904	9350	1.67103429811562
26998	946	1.67083039612047
54853	80114	1.67078558287828
4210	65987	1.67014330165731
6282	84790	1.67004094968682
5137	55613	1.66987929794463
357	59340	1.66970035011152
2798	3448	1.66932628063933
1559	5030	1.66860851543714
10745	5678	1.66789909873103
2566	57615	1.66630429021399
6801	7475	1.66540695274498
479	9907	1.66243089817695
55247	80036	1.66146420314162
219	79867	1.66125924590076
80036	946	1.65853704566075
79915	9907	1.65815134931861
2798	80352	1.65679124724279
2492	9331	1.65628116005494
1289	5118	1.65515041663869
2528	80741	1.65404368935529
29091	7172	1.65397202691086
4983	9907	1.65355957890184
3664	55613	1.65311829350848
50832	9293	1.65289165540199
11264	6671	1.65286731260858
5275	8671	1.65257035921869
2057	7447	1.65188439343644
1559	6699	1.65143069879989
10529	55507	1.65125424917456
55247	988	1.65109380884157
4640	4916	1.64916328911302
2904	8360	1.64752680319401
8284	8653	1.64706538353496
1559	2572	1.64705845834039
7388	8802	1.64684775220518
51236	55777	1.64664366777565
10721	1999	1.64517493642301
51236	8515	1.6451721889556
1394	92086	1.64442106346125
57119	7225	1.64434328044753
27335	7384	1.64420812136144
6693	7849	1.64393349308393
3938	946	1.64358604997602
131566	2822	1.64340841871336
2916	8688	1.64221674392421
27328	54863	1.64181128209527
23208	3568	1.64170751162217
302	84790	1.64130849236015
3111	3449	1.63863097407224
1549	26648	1.63823531636924
2810	8434	1.63743218190103
2822	5655	1.63412911262538
70	7076	1.6334810404726
26002	3084	1.63322254956545
4321	5275	1.63307968259706
5675	5678	1.63255792005505
3718	6556	1.63050917584327
3448	79802	1.63003703946594
22854	55613	1.62912210037473
3800	51236	1.62779674422912
55613	79621	1.62718606662739
70	84617	1.62493776903491
63928	7172	1.62347352455337
2346	5137	1.6233610130099
4111	80352	1.62332373608066
26253	6579	1.62272550015344
23120	5655	1.62253029687334
2566	8034	1.62237259281699
10219	797	1.62095977816434
26692	4160	1.61948942862275
7125	7178	1.61868738914132
10075	1158	1.61762803364227
50832	80036	1.61759299170899
1559	55247	1.61579861025742
479	9487	1.61477601034687
3448	4321	1.61326030663365
56902	64816	1.61305951264474
1559	7225	1.61042413379231
10485	3568	1.6100874279853
22847	956	1.60862253886458
4323	8495	1.6068500687808
140290	2520	1.60677778801425
3953	90485	1.60621724050597
23305	479	1.60606420871775
10085	3568	1.60369356387364
6194	6223	1.60351531274396
3444	8556	1.6031620693881
2810	699	1.60188164286836
641	83464	1.60163753822356
6160	6218	1.60019287759942
1029	55567	1.59831233301842
156	931	1.59831183419378
26230	3077	1.59823122513866
2346	2916	1.59776029780352
192683	771	1.5965180621711
1462	26509	1.5953847573564
4824	59340	1.59481711138893
323	5678	1.59479986705817
308	7846	1.59462022550869
2346	771	1.59455892612282
3442	79794	1.59332083707367
10505	1549	1.59299436887151
3772	79616	1.59260679249415
50833	57119	1.5924995823055
540	7475	1.59231530632215
5275	55613	1.59158317717882
4111	8564	1.59123392744855
3356	9071	1.59066347837105
64066	7594	1.59019843383266
55937	5858	1.59017942652826
23657	5275	1.58971935983694
192683	990	1.58945576232015
3568	3760	1.58893565052874
26253	3449	1.58728279805245
6857	931	1.58653279516269
3455	80036	1.58636603374367
302	4046	1.58517245446739
2566	9331	1.58503634919744
55135	80036	1.58485208433077
4640	55135	1.58476875599482
11113	5892	1.58341165092085
51236	797	1.58317284374735
2916	55937	1.58269987754703
2346	7475	1.58268835706647
2346	3953	1.58261445097508
2057	3077	1.58159140617254
3077	323	1.5808509523368
3448	6005	1.57978407241576
2572	7172	1.5782548531783
5137	7475	1.57760422945178
6171	6189	1.57749121742086
3441	55613	1.57717071912663
26256	80036	1.57679072463798
192683	55937	1.57617082921982
26648	80352	1.57595533713364
59340	6857	1.57512832390536
55937	5678	1.57473977678635
6160	6223	1.57458426154436
1673	3664	1.5742517919701
1634	7431	1.57407764536723
6133	6222	1.57347644696436
5678	79979	1.57159708115268
2066	5046	1.57054646279065
6693	79818	1.57038876774028
10219	55247	1.57015107614433
125893	64066	1.5664758656663
6568	79794	1.56642165321253
2572	8671	1.56623829579984
10745	3449	1.56623481164215
1462	302	1.565831021116
1559	2904	1.56486607939204
26509	9201	1.56435609291046
26256	3800	1.56421846017951
2916	3449	1.56416700065669
11167	1290	1.56182329577447
5030	51297	1.56075931857732
5892	7172	1.56012046788488
479	7849	1.55962803229413
125893	3718	1.55867894040622
2566	4824	1.55594440753092
5795	797	1.55465304547195
29125	3779	1.55397577907895
149628	3779	1.55344422799041
59340	6657	1.55338137220639
5795	79867	1.5521590586279
1087	56	1.54945426551392
26253	56891	1.54756250070167
57115	59340	1.54659776272429
1087	80036	1.54547063221721
10529	11318	1.54519889414722
4829	9187	1.54451976537141
1559	5655	1.54320719256598
80352	9350	1.54154240654312
5360	9168	1.54059262909048
192683	883	1.53994965958775
116984	2492	1.53878799137118
2346	64924	1.53838231875708
1673	5915	1.53766970939601
22847	8360	1.53704939110566
931	9837	1.53686034634421
1999	5655	1.53678311973105
23354	27345	1.53546157013699
55937	8564	1.53409353645172
2916	4916	1.53302278701697
6699	7475	1.53071582910649
3490	7837	1.53003999443424
712	713	1.52931694569323
10745	81624	1.52853780480583
4824	946	1.52649192205477
4608	4626	1.52642374108417
3664	50833	1.52640710108975
479	55937	1.52533662489636
5795	946	1.52426318584997
11043	56	1.52365287060683
23491	5678	1.52363699283349
10044	55613	1.52277551847714
10107	3444	1.52263426021908
3849	946	1.52145262597944
7001	7384	1.51929487872966
7805	7846	1.5177637843115
2492	3448	1.51751006560993
4640	55567	1.51635640162665
1293	26986	1.5161852295159
6857	7475	1.51584334505316
11031	51338	1.51573928189748
1510	54866	1.51371801949723
3938	771	1.51193176380918
23072	55567	1.51168325146297
4916	8638	1.5109535751336
2566	55247	1.51024687365247
50832	55859	1.51011019142351
2798	84722	1.50974052746317
7475	80352	1.50961223455601
3849	56	1.50918835657563
1559	80114	1.50866591836253
4111	771	1.5077903040709
2810	3077	1.5077199237754
1525	3084	1.50715784031962
483	7076	1.50687326299572
23086	3449	1.50646508370749
5137	84722	1.50499209314586
4763	63928	1.50450472679719
26002	8671	1.50447640397898
10202	3690	1.50429198885426
4602	5458	1.50409431963366
59340	80352	1.50310662488328
2569	7849	1.49879322951033
60676	8688	1.49833818356736
56902	57119	1.49790518882601
323	8028	1.49779322598958
57119	6857	1.49764369559859
3442	5137	1.49675325019326
771	9293	1.49668643720151
5458	55247	1.49622949366095
4321	988	1.49580684664551
5678	59353	1.49524167454024
10317	1559	1.49506324742884
192683	2346	1.49435114087874
10745	22847	1.4941550026349
23657	6657	1.49393105840383
325	6657	1.49330788756771
29125	4323	1.49211430048538
10384	3106	1.4917697137309
3077	325	1.49170781181147
64066	79867	1.49145947284926
2346	29125	1.4909902111049
1394	6665	1.48756057321013
4640	9907	1.48674157263593
57030	59340	1.48615144880553
50832	7781	1.4861303536263
64816	6847	1.48495591798118
56	5671	1.48277973840007
22847	4824	1.48208479601125
6204	6218	1.48148725695581
1673	55859	1.48057940878774
84722	8671	1.47922206242481
3953	5137	1.47869699458944
26002	8353	1.47741052481629
308	8406	1.47703023547641
50832	84722	1.47579997183568
1768	5140	1.47429926415285
131566	771	1.47168271992412
2566	57535	1.47109366733559
6847	956	1.47108957274255
1358	5083	1.4710107141128
6161	6208	1.47054090112884
8028	988	1.47007424421836
10219	149628	1.46977706183524
11136	59340	1.46970761711774
2492	3441	1.46946230159764
131566	57119	1.46914847246576
131566	59340	1.46788359684503
1378	2624	1.46615215593545
1673	4507	1.46601833681737
3449	6699	1.46436435492399
23208	55135	1.4642853571055
10745	80352	1.46365885848514
3077	55361	1.4622994758162
64693	7179	1.46168126014246
51338	929	1.46151951581421
6192	9086	1.46108968125265
1673	192683	1.46108203249716
64693	8556	1.46071238428333
22854	81797	1.46052571874724
5137	6847	1.46047399886729
125893	4321	1.45900846648855
51236	5140	1.4588643328611
6693	84436	1.45863502094972
4046	929	1.45710660498496
6699	931	1.45593490771357
10745	3626	1.45574723759549
10529	5678	1.45574016805609
2597	7178	1.45560209737036
10913	65988	1.45529763953618
2805	50	1.45382383180246
1559	3779	1.45370045528168
5678	56902	1.4532522045966
2057	57115	1.45223176394287
10107	3111	1.45080583155868
6693	6915	1.45002745991057
1378	3690	1.4496281916199
10745	7172	1.44905859140094
3356	7849	1.44890876180529
3356	3824	1.44890111221194
29091	3077	1.44870951845001
10745	50833	1.44825524045979
219	6693	1.44781010986136
27445	3849	1.44687556849812
10044	5140	1.44682111760539
22847	51236	1.44640964132368
7274	81697	1.44590888405779
192683	5675	1.44568609602072
4640	56905	1.44443120253802
23521	6147	1.44427626746165
3851	65987	1.44404947412792
2346	57615	1.44380769785169
3084	7475	1.44246034243663
325	5030	1.44068219317975
10529	84302	1.44044925111784
10485	7348	1.43941986424724
1378	56902	1.43818266137623
1548	55507	1.4375554846822
11136	946	1.43675411508278
3800	5678	1.43653492686635
50489	59340	1.43643903921044
1824	9760	1.43629292663504
29125	50832	1.43602967301741
3569	50832	1.43499236253533
1673	8671	1.43468203501848
56902	797	1.43350240989204
3455	5655	1.43277148003608
357	946	1.43260717660931
6693	9907	1.43216783373751
149628	55247	1.43207960710135
3448	7046	1.43181244340087
26648	9331	1.43132602224481
1638	7007	1.43012351586243
10485	2115	1.4300290206607
2346	29121	1.42977135026932
2810	4973	1.42966188940207
1358	23093	1.42869485513958
10826	5458	1.42858421420906
2057	771	1.42777455489387
5950	9370	1.42698122728695
5675	64924	1.42601302512295
6657	771	1.4256783484114
56	6801	1.4253360407604
10826	5140	1.42519792294073
6187	6189	1.42487551398419
1559	4507	1.42439074518382
22847	80036	1.42363835772346
129642	7475	1.4234420653651
3800	5140	1.42327711778763
302	8406	1.42296925684582
22847	5671	1.42211129329438
27345	3449	1.42091591835379
3455	6693	1.41881516414863
156	56902	1.41876853700192
80036	9071	1.41853196248506
3356	6013	1.41850843456912
4046	6122	1.41846858918058
23086	5137	1.41833537010421
4321	4916	1.41832275571169
79368	80071	1.41797661419414
56902	65987	1.41734504771255
2346	4824	1.41671551655823
4111	80070	1.41619288870447
57119	7348	1.41560136863534
26230	90485	1.41443532169429
11136	1559	1.41402476143476
8284	9086	1.41331795202528
64693	6568	1.41326759953287
1673	5458	1.41285487160339
50832	5140	1.41222336947704
2798	771	1.41115058719585
1673	5795	1.41044002765856
3449	50833	1.41031570461596
4602	57119	1.40990534898598
4640	5140	1.4082501176918
23293	9331	1.40759193623877
3077	79867	1.40755476036824
11136	7849	1.40571051467558
10136	8671	1.40516838919502
3448	56656	1.40515347806437
129642	3077	1.40485504661512
1548	23120	1.4031938238908
374286	771	1.4030835941956
10107	1559	1.39937267175518
10826	1559	1.39935347697849
192683	26253	1.39930089450574
479	4824	1.39911874092406
771	80036	1.39871280054203
55777	80352	1.39822765539177
23657	3664	1.39714467658993
10485	2904	1.39676218433825
4589	56902	1.39599876208768
10485	149628	1.39546302257946
79966	8034	1.39470876175773
5458	797	1.39465904818563
2572	7475	1.39449457540379
3442	51236	1.39439721734507
192683	6847	1.39418903493697
1559	6671	1.39399026164405
4824	5795	1.3930253359735
2822	3111	1.39247207287211
292	9168	1.39224507565901
2492	9293	1.39132385053377
1549	7068	1.39117513413276
26648	2913	1.39083864686251
1813	2204	1.39050048145141
63928	79913	1.38922497458503
3077	57119	1.38917535020712
4824	55567	1.3884928237172
64693	79697	1.38769506287445
1442	58495	1.38692330775001
2492	6847	1.3866891847048
3077	65988	1.3866652666996
22847	3664	1.3865603946713
55777	5671	1.38650895859646
55361	57761	1.3848161249152
6564	7849	1.38407134244637
27035	9576	1.38332357910661
26648	8618	1.38330228857724
2492	4507	1.38278906953048
10745	325	1.38132200570261
11136	4321	1.38130687194821
117178	5458	1.38108780980658
10745	26253	1.37929620077157
4824	5137	1.37926004668035
10529	860	1.3773119296518
11136	8360	1.37623458948486
713	7305	1.37612026736152
129642	5795	1.37588452721308
10826	23354	1.375804205294
10044	946	1.37501184862132
26253	988	1.37476307178028
1539	6559	1.37454637849304
6699	9293	1.37383478330931
2798	56	1.37344236671087
10637	3853	1.37291522836626
131566	56891	1.37240423306807
4210	9576	1.37156331096168
50489	6657	1.37144822209692
6657	7348	1.37101626053978
6222	6228	1.37091048740891
57615	8034	1.37043498380565
1525	8034	1.368726700165
5675	7046	1.36842309259701
57119	946	1.36833547794212
6915	9071	1.36681845382247
6217	6229	1.36657465005194
7348	80070	1.36641349041213
2346	7849	1.36619466056666
56	64924	1.36565070948442
5478	8406	1.36410555072444
26998	357	1.36263010649105
26093	2676	1.36246156710369
59340	7179	1.36200217953921
4046	70	1.36182294058309
192683	5655	1.36138887876378
5251	9293	1.36128289813518
10529	7849	1.36093775456147
4983	8034	1.36036367976928
797	8671	1.35840356933796
2765	3084	1.35780682573434
2346	3938	1.3576116034881
11004	51297	1.35703576728745
1559	6657	1.35629482111296
59340	59353	1.35580299067117
10745	5137	1.35575174250021
4210	90485	1.35566545438278
29125	771	1.35519532483651
1548	946	1.35355286148958
131566	5444	1.35099369537309
59340	6699	1.34929531023038
129642	1999	1.34858026176549
5165	9293	1.34784030349363
10529	3449	1.34694122084388
2057	2558	1.34568046707241
26253	5675	1.34534438019605
5675	64693	1.34494034555178
70	7139	1.34484219965309
1539	4210	1.34368144576263
117178	6616	1.34320573874234
1539	23072	1.34254086956319
10107	5724	1.34084251924097
3853	9837	1.33955464927476
27288	55334	1.33834183290758
5275	84722	1.33740707399268
149628	3953	1.337182856166
8360	9350	1.33599638164062
3853	8995	1.33595525427573
23521	6187	1.33579148768856
3455	90485	1.33567206869742
1549	2066	1.33564715655748
3851	80036	1.33499700890757
2810	729230	1.33436326755149
10505	81624	1.33378937465245
1673	8832	1.33354859102956
29907	4210	1.33173295873653
3084	9293	1.32957545582387
1548	59353	1.3294851122804
55567	65988	1.32918287162954
56902	729230	1.32696339706421
6898	9187	1.32668957016004
2492	3698	1.32590473611518
11107	1559	1.324814780201
54866	94104	1.32424485014586
1539	55613	1.32386321837843
7849	79867	1.32374340501596
1378	9907	1.32256906641872
2346	50832	1.32163693440196
10077	4824	1.321513796952
7846	84790	1.32040895215134
10107	63928	1.31978080595591
8564	9331	1.31948043922867
10826	8671	1.31909982409735
129642	4321	1.3189003371502
55247	5795	1.31779140560818
2057	2798	1.31697675664042
11004	1559	1.31660758953458
4680	55777	1.31560027939618
125893	84705	1.31546568722404
29063	7475	1.31519793607457
10107	2676	1.31488979406806
22847	771	1.31421224940649
3449	956	1.31411302145373
26253	51236	1.31330294435769
29091	6005	1.31302023785249
3664	5275	1.31295740561835
1462	960	1.31099722930201
4916	956	1.31073422124718
1539	6005	1.30967814498138
3938	59340	1.30960037011713
2904	50832	1.30866432080561
149628	59344	1.30829840497037
1559	6457	1.30766259935149
192683	3356	1.30734477640363
26052	59340	1.30668170456889
1548	59340	1.30611067633871
5795	59340	1.30602308506346
10913	988	1.30547884593975
3938	57119	1.30515251710327
55361	84779	1.30510387554907
79794	80352	1.30502861676411
1510	51236	1.30194650636913
26648	9901	1.30090132769724
131566	56	1.2997885949298
10916	4621	1.29938928279908
11144	534	1.29922523316709
3442	56	1.29790398074059
5671	6801	1.29756683554133
59340	80036	1.29693368552368
26648	931	1.29550346242238
3084	5137	1.29512375165212
5655	5678	1.29408273266623
2057	7172	1.29341693313144
3077	64816	1.29254082153197
325	441151	1.29179253799339
4321	7475	1.29082958541603
22854	6857	1.29010201080135
1539	23657	1.28945601276758
11043	55937	1.28892494675797
1539	56	1.28890004269396
5795	7849	1.28856501145754
4697	7388	1.28747114504762
6801	9293	1.28692644879115
2916	80352	1.2866852910904
10219	2346	1.28499473925522
1673	2115	1.28454565107074
1544	8434	1.28328871533556
5068	5137	1.2831777750094
2204	6693	1.28150225716649
5458	84722	1.28105429299966
3851	4640	1.28101182144979
129642	946	1.27903642229426
4763	7172	1.27882107552465
50833	79621	1.27642196976782
131566	3448	1.27420628599665
4353	729230	1.27387381171728
1087	84302	1.27366875711509
10044	79794	1.27275235099972
6568	8832	1.27221875979752
4889	50832	1.27105830285287
192683	8353	1.27092579376066
51236	5795	1.27057436232618
5137	6671	1.27049652483443
5678	81624	1.27008930437324
11318	54865	1.26993988922836
10745	84722	1.26908692657307
26998	59340	1.26842303953659
10219	3800	1.26756162362637
1378	3938	1.26689831168259
4916	56902	1.26688994857144
192683	90485	1.26668017042822
11043	192683	1.26659537166659
11031	929	1.26587859119336
55937	5618	1.2657591204364
11031	483	1.26454014571469
81697	946	1.26351829046257
170960	90338	1.26324033657533
7849	9907	1.26267148262666
4321	64693	1.26187552904394
50613	56	1.26144994432109
6147	6205	1.26123410145006
2066	2566	1.26088390878524
3077	55937	1.26043552371187
57119	57336	1.26039595552638
5458	7172	1.25972972243104
2001	3449	1.25937229455616
3938	8434	1.25880419095041
1601	7846	1.25872792851697
55247	79818	1.25867255914388
79012	9118	1.25851858798631
479	4983	1.25778346822751
5030	641	1.25771185362417
1559	7172	1.25745376755986
64231	9332	1.25707018426935
4711	9556	1.25646344569798
10219	8028	1.25576646533661
22847	23305	1.2552460289063
10745	50832	1.25513185465157
10745	3664	1.25481883487186
56902	5795	1.25390106918097
125893	883	1.25388128286835
11136	2057	1.25261320336129
946	988	1.2524663706444
4626	7139	1.25174223476911
10085	7849	1.25153079204042
26253	79370	1.25135253105164
57119	79621	1.25039184715913
10107	54865	1.24899202048764
10044	22854	1.24865365542196
54866	56	1.24818927337035
6277	84617	1.24788388279463
5675	8671	1.24780158490865
29121	988	1.24701444612601
3448	55777	1.24667879540657
7849	8688	1.24661199141378
6157	6187	1.24627266651348
325	80036	1.24111738864726
3664	956	1.24008287243691
771	9331	1.23993183822392
699	7252	1.23914962316445
2492	79170	1.23911337957254
3851	79413	1.23883099250902
83464	8495	1.23812678403602
55613	6671	1.2372501503209
38	8801	1.23680952933627
325	8671	1.23668186089655
23120	4824	1.23650275619359
149628	1539	1.23627504408702
6277	70	1.23623686090635
10745	1579	1.23547470456115
55567	57115	1.23529629270041
22941	59353	1.23428390298387
59353	80036	1.23341779490043
55613	8671	1.23332948795957
6191	6217	1.23311166323838
4983	79012	1.23267598446403
57119	7849	1.23194799432884
55507	6693	1.23056393242798
3664	3779	1.23038641688385
156	1673	1.23033287123494
26585	8434	1.22852651518052
325	79794	1.22771797117921
11174	59340	1.22723206559333
80352	931	1.22485661049505
2765	7172	1.22403419021583
4824	8638	1.22388586738806
10044	5655	1.22373235160553
479	5618	1.22272530034719
116984	6539	1.22106731550736
10107	11318	1.22014248837632
1087	1539	1.21941109624397
80036	8434	1.21930075609596
2904	9071	1.21898800938901
1293	292	1.21887242867893
51236	55613	1.21853997261829
4824	988	1.2182403419065
26256	4193	1.21792222098739
6457	79867	1.21701645112648
2891	4293	1.21684963197315
56	64816	1.21638407627363
10763	4626	1.21571969149014
10485	125893	1.21540470057146
7475	9293	1.214825772565
26986	302	1.21395258233002
2346	3760	1.21146539220991
119	1394	1.21033985715192
10913	4210	1.21003155660205
23491	7849	1.20983817177902
55937	9487	1.20967957718858
11043	4321	1.2078453618577
26998	2765	1.20738306690075
129642	1559	1.20729429230839
3356	771	1.20714645594939
3077	57115	1.20603554765598
2346	5675	1.20531706947634
26230	7172	1.20527878003105
57115	883	1.20490731721123
57615	8671	1.20422652726167
56902	57615	1.20281700148747
6187	6206	1.20189174101789
325	988	1.20145397990336
1463	4916	1.20024928883478
55613	6801	1.20014698393779
2916	4763	1.19984190501893
2492	64693	1.19923979788337
4680	50833	1.19898754234783
1673	23208	1.19853176423198
56902	9576	1.19756370434848
129642	2057	1.19698813234641
11264	5349	1.19685376839412
84436	9907	1.19667449184099
4763	7475	1.19635307337349
7846	8406	1.19623855646328
2569	860	1.19601043810682
55937	7475	1.19600837817489
1406	9392	1.19563629272485
1340	8802	1.19527906000002
6157	6222	1.19500790816153
1768	22854	1.19444858714189
23354	51236	1.19431435111241
2250	64066	1.19412319807414
5892	7348	1.19411889760013
3779	9293	1.19392413985869
1378	3816	1.19373945178322
57615	8434	1.19356271490652
2916	8564	1.19333447747048
10745	6657	1.19273703353858
1340	27335	1.19191198935444
59340	64693	1.19155364266118
26253	50833	1.18991213579593
2492	3077	1.18971850942097
7475	8564	1.18956240013426
3938	931	1.1887815306256
11136	90485	1.18812527420685
10475	4621	1.18778434991551
5678	57115	1.18704523807946
10107	5795	1.18535866450829
26998	7475	1.1847336845952
2572	8034	1.18347683310134
6159	9045	1.1831395924623
22854	23293	1.18286526947054
6693	79712	1.18267685575562
56	8034	1.18210466036155
325	6568	1.18189631138578
2810	5275	1.18172960542793
6857	80070	1.18123323530553
26253	55287	1.18102018193076
3449	4293	1.18024411537937
23491	4210	1.17881977197028
11136	3824	1.17844503335956
2115	23354	1.1776658584488
55764	56	1.17657125194933
2904	4824	1.17406066619643
22854	3441	1.17363093808544
7305	929	1.17296307222912
56902	6005	1.17254539332035
10219	63928	1.17227220384982
26230	84722	1.17216663767424
4763	5458	1.17187603232808
6677	6857	1.16986627925843
10136	80036	1.16945367517744
1358	2115	1.16913473395977
57336	6693	1.16904140067808
2346	4589	1.16875062993639
79867	84436	1.16826734249624
6457	64693	1.16694533805511
55507	55937	1.16692483678696
3077	6693	1.16668739883028
22847	6699	1.16638468339363
10529	3444	1.16507569357277
23120	3444	1.16480202165357
5110	7411	1.16459130447033
11004	56902	1.16454859744566
26998	57119	1.16340299367716
7849	988	1.1629726779377
11264	51236	1.16274235899967
1638	54865	1.16225376909056
55361	8495	1.16221679507023
3077	79712	1.16209448020051
2492	3569	1.16203342208133
50832	79794	1.16090507903999
1539	8028	1.16008158054095
10745	11136	1.15950151845101
2566	4321	1.1583882266569
4640	57402	1.15832946022501
5458	79794	1.15795981701964
323	90485	1.15717600600667
55247	5675	1.15713012100117
286527	57615	1.15666407586494
27345	7752	1.15615271265497
55777	946	1.1560908473672
2916	7046	1.15594410963566
129642	696	1.15570167789742
5216	5479	1.15486728392775
4824	54865	1.15455255003022
1087	883	1.15380522468357
6005	988	1.15272250475966
5655	860	1.15261556199886
7179	7475	1.15258092833656
6699	8564	1.15226828823642
10410	5360	1.15178118840071
4507	57119	1.15167872134936
5046	90485	1.1516419607102
4288	6910	1.15080481628582
5678	990	1.1504968343516
4293	79000	1.14970782772377
2810	946	1.14942430410464
2810	80036	1.14933707695482
1559	9837	1.14924170887321
325	5275	1.14753999160481
11136	5137	1.14749068902075
2057	7348	1.14725621789401
716	718	1.14511149711177
4589	729230	1.14474966020929
11136	26052	1.14363067972449
301	3122	1.14326081814746
479	55620	1.14189903529074
10745	125893	1.14062812201133
2057	23657	1.14042234211077
10107	55937	1.14008700005005
6699	79794	1.13928081376266
79966	8671	1.13911517092642
4916	5137	1.13879586753723
2916	64693	1.13772520388763
22854	4321	1.13644356016563
5618	6915	1.13637086506721
2805	57017	1.13601594857749
23133	2904	1.13596140919132
5458	55613	1.13426867727187
4983	79818	1.13406512501378
3356	988	1.13391461050315
131566	79794	1.13370130341366
125893	2566	1.13335416874307
192683	5892	1.13331404456601
10913	79867	1.13322272984994
6171	6228	1.13314702143927
22854	59353	1.13304943862032
23354	5140	1.13295420566549
23354	5458	1.13243794893886
50832	6657	1.13243108167711
29125	5458	1.1311659004375
56902	57115	1.13107710051809
323	55613	1.13053407653953
3449	4507	1.13050599298986
2572	5678	1.13049124133766
11004	5675	1.13034230873053
3568	9187	1.12980876775252
10044	6005	1.12837308478558
3084	6699	1.12816273786956
3084	59340	1.12719851344793
2560	4210	1.12640045591732
1673	5046	1.123159019381
3448	79794	1.12289543443639
26230	7745	1.12284554306551
11224	6152	1.12237796706477
2057	55247	1.12225039301399
946	9576	1.12224429196575
2346	64693	1.12103921183555
2558	7179	1.12089402040259
5140	83759	1.12000301166129
55613	7752	1.11892103749086
6191	6228	1.11857957722022
3084	6000	1.11856863283811
55620	8369	1.11794391132886
11004	6005	1.11748697727529
4824	6693	1.11723716398333
3849	55859	1.11694781544963
131	4648	1.1163838787812
2057	55777	1.11613701928349
80070	9293	1.11591138564513
156	8034	1.11505954686677
5030	51236	1.11435239273162
10786	51236	1.114346607193
2001	5675	1.11430441090909
29121	6847	1.11333581529095
10826	3664	1.11274637705918
10505	11318	1.11160238265326
1442	4640	1.1114977422361
2023	84617	1.10973729990974
10485	5275	1.10966578127114
7745	8995	1.10954044799925
10529	883	1.10942671465377
60676	6915	1.10904319885615
4321	55937	1.10870385695435
4111	7348	1.10799162731828
1329	7388	1.10650142670072
2810	51236	1.10535279991097
29907	64129	1.10437853228867
2066	56	1.10368536525029
2346	27345	1.10338189226712
56902	6847	1.10238247777411
6130	6222	1.10219017276255
479	59272	1.10203340696069
2346	56	1.10189033109817
22847	55937	1.10180747666506
10745	7447	1.1001301546952
1559	8353	1.09872825873486
10107	9071	1.0979950162968
55507	5655	1.0974163322167
7172	729230	1.09715394754223
10505	3938	1.09709594493209
3455	64924	1.09708113066501
56	8353	1.09659786227882
2560	57615	1.09564099389749
10077	3698	1.09452447928113
22919	64747	1.09362726735205
22847	5444	1.09311422059118
1548	3824	1.09219134673156
55870	79097	1.09211710134136
2346	5678	1.09152061929861
59340	7348	1.09123811544979
10485	79794	1.09098300350752
26253	63928	1.08921795485298
1559	988	1.0886786590039
10826	3849	1.08852545944217
10690	56	1.08821368523362
6699	80143	1.08706557562721
10745	988	1.0869305330612
26002	5458	1.08603992242921
11136	5795	1.08600394184451
2567	931	1.08565105498428
5458	7752	1.08503035096612
1559	29125	1.08445467106965
3449	4680	1.08420495430114
2057	50832	1.08420185557459
116984	57119	1.08408701460882
3779	7752	1.08385163760613
4640	6291	1.08181430851602
3449	55870	1.08108400179761
1762	5675	1.08076997223806
6005	84722	1.08012455865216
5678	5795	1.08000524706122
10745	79794	1.07900118701076
4507	55247	1.07885594507153
64693	80036	1.07735760559117
11237	7348	1.07717809732491
1551	23354	1.07691704104124
65988	80036	1.07656708449041
10745	5030	1.07621017182442
3077	64066	1.07613905123094
10745	3849	1.07596361547988
6161	6191	1.07569161810003
1673	5275	1.07541906480139
2822	7068	1.07504579734063
23354	6457	1.0744071746283
2916	5444	1.07436713750967
23133	51236	1.07435738325749
10913	57115	1.07406987763811
10219	4321	1.07401868631633
64693	771	1.07350555550849
256364	8683	1.0733807771229
11107	6296	1.0730830033726
1462	9201	1.07231992651043
26280	3441	1.0718035454718
357	7348	1.07077835189815
10044	192683	1.07056424371946
11113	55764	1.07000549523
4916	60676	1.06860753330606
5478	6122	1.06839259406317
6756	9331	1.06788742541244
131566	50833	1.06730545081676
1673	2250	1.06716091223023
4300	7068	1.06673554224977
5458	80036	1.06660993209417
357	80070	1.06633043403891
1539	3449	1.06598167910634
4824	7849	1.06598057854374
1463	3077	1.06581782666192
2057	5275	1.06503353404808
5795	80036	1.0641754591519
1768	56	1.06415549497491
8671	9837	1.06283229629668
1539	325	1.06173916636667
374286	56	1.06131344057619
1559	2822	1.05866193208136
10913	4824	1.05866079275423
5795	84722	1.05831390221606
4210	57615	1.05822237199731
1277	6122	1.05819938688582
192683	63928	1.05809107527121
5675	7179	1.05691021783605
156	79966	1.05652295231975
5275	6657	1.05635937712253
1293	9168	1.05480618303518
1087	988	1.05464877118916
57030	7348	1.05464863859784
10849	26648	1.05427840849271
125893	3953	1.05247299112155
5724	65987	1.05238357242581
55507	9576	1.05236659544201
23305	56163	1.05133909619619
22847	26998	1.05119359905856
57115	5795	1.05052734812714
10107	56902	1.05050455280014
4763	79913	1.05042939660646
149628	22847	1.04978300103015
2688	84722	1.04969074837765
11174	8564	1.04951761169314
2346	65988	1.04936805867521
5204	6633	1.04899430676694
55520	9907	1.04792224954727
2822	2904	1.04742167129351
64924	8034	1.04731423606918
10913	55507	1.04593515252079
7172	771	1.04552621399719
2798	55777	1.04543695260359
1548	50832	1.04311116431366
2115	26256	1.04184435426474
3077	4916	1.04151296048626
51619	8671	1.04060544186123
55777	64693	1.04036693867212
65988	7252	1.04022314205197
6122	6275	1.03990790634315
5471	64100	1.0398176267205
1673	3779	1.03940800599657
2842	6699	1.03830953787695
56	56902	1.03826284775519
6160	6189	1.03789637346047
1559	4111	1.03724362389758
3449	4824	1.03720813706662
54865	56936	1.03701596874954
5678	9576	1.0369854593678
10136	55361	1.03626806957407
10826	55777	1.03624682225618
57115	634	1.03554448786327
11318	4321	1.03541940690485
10107	60676	1.03394380148445
2572	5892	1.03381961558935
2765	729230	1.03370359250496
156	7179	1.0335520952937
79794	946	1.03329867424476
10485	5678	1.03307574573882
4916	6847	1.03273875148299
1673	641	1.03264527586959
5275	80036	1.0323064427394
2916	55777	1.03216262041402
2810	50832	1.03186122600057
2810	6857	1.03173066778784
79858	9576	1.03152867925115
5675	9837	1.03141934295423
6457	9837	1.03100206027076
6559	729230	1.0307819709358
125893	59340	1.02992038125507
26052	79697	1.02989126310594
26253	5444	1.02823663003599
6657	8353	1.02792338907172
129642	931	1.02743831925341
55287	80352	1.02674294042124
7419	9377	1.02668741966832
2560	56902	1.02649148702432
54866	64840	1.02644705451474
10476	4710	1.02625770020607
6847	9331	1.02611566892737
3664	5137	1.0257909636805
8406	9936	1.02573465258966
5795	8360	1.02551127645331
5458	56902	1.02462685936627
3356	55567	1.02418695344706
23208	8495	1.0238360172704
3849	6457	1.02273564973975
4589	8434	1.02272400048664
1058	56	1.02267336961984
7348	9635	1.02242584274095
1673	50832	1.02108478212501
26998	5165	1.02086827587654
56	7172	1.02053669458842
10577	11031	1.02024106144825
23093	5275	1.01927500960958
3664	59353	1.01909255855111
11174	55937	1.01862143184592
22847	59272	1.01847796299115
116984	8028	1.01839977610559
10399	5204	1.01827817201062
10745	50613	1.01772434808029
23208	3800	1.01759759458593
10913	56902	1.01736854708961
26256	5724	1.01710757459579
3626	7348	1.01674164106272
1539	8434	1.01547754418259
5678	79794	1.01498720987561
1442	8638	1.01456114277471
50832	771	1.01415702954646
10136	56	1.01304673062462
4321	9837	1.01287126184771
22854	771	1.01238701658424
2492	26052	1.01118753510488
1290	7805	1.01106586839707
131566	3449	1.01054457402875
55247	56	1.01017616215483
1539	79966	1.01008973893722
22941	57119	1.00976983031643
1638	6291	1.00953971325398
6657	8671	1.0089336377432
10457	7805	1.00804177880725
357	3626	1.0079415912188
4193	5678	1.00683031830703
4763	55613	1.00653034764456
26002	56	1.00647728450582
2822	3449	1.00629423898552
129642	192683	1.00622667379627
6156	6159	1.00514044075487
29121	29125	1.00449902447804
4883	57119	1.00427213012052
2566	5137	1.00397822249779
10219	5444	1.00362634547992
1673	59344	1.00312894933877
11136	6677	1.00285182582996
6160	6191	1.00281041118336
129642	5275	1.00031302515864
26998	50832	1.00003765757398
