6192	8653	2.76101980213742
29997	6147	2.75720871706331
5143	90338	2.75702665972919
6209	9045	2.755026124885
29997	6171	2.7550254877825
6147	6175	2.75471728680774
5143	5228	2.75380126705575
6209	6223	2.75334169997332
29997	6122	2.75330486521857
6279	6280	2.75249082780241
6168	6171	2.7521330784252
6223	9045	2.75179621269073
5143	55142	2.75172268809626
6137	6223	2.75143257781756
55142	81856	2.75059716022039
6143	6156	2.75020336569202
10399	6124	2.74954522976434
6171	6206	2.74943019418487
6134	6160	2.74841840227716
170960	81856	2.74793214018395
29997	6175	2.74764670371151
5143	81856	2.74745539600042
6171	6234	2.7472820098185
6122	6160	2.74698387728785
6134	9045	2.74684649328725
10399	8667	2.74676363257933
6152	6160	2.7467206348227
3921	6160	2.74635936908484
6160	6209	2.7463554448985
6122	6171	2.74582595769504
23521	6209	2.7437906600389
5228	79883	2.74302577359545
6160	9045	2.7430159977452
6137	9045	2.74277635510011
6141	6173	2.7423270646503
5228	90338	2.74231356171841
8284	8653	2.74222601809109
6122	6134	2.74202817480931
6134	6234	2.7420137483652
6134	6209	2.74114144355307
5143	55720	2.74106492738104
10399	4666	2.74101811192603
6156	6169	2.74053372824075
6137	6209	2.74042550327338
170960	5143	2.73987957807774
6122	6147	2.73957473272167
6160	6223	2.73952815606863
6168	6206	2.73888243491549
10399	27335	2.73793649847522
23521	6160	2.73787737314663
6122	9045	2.73786135659262
6192	8284	2.73782041270937
10875	3055	2.73753732992731
81856	90338	2.73701092491338
1340	6881	2.73666847845138
4818	8530	2.73656294098235
6241	9768	2.73641147573978
1937	6204	2.73631240813603
2091	8667	2.73563799241807
6156	6161	2.73432058494426
170960	5228	2.73390095081873
6134	6137	2.73373868726289
4695	79095	2.73356173437458
3921	6194	2.73272246779172
6192	9086	2.73248931723958
6175	6223	2.73200035885231
6160	6194	2.73194715221604
6161	6209	2.73087296875311
6134	6223	2.73076018563752
8653	9086	2.73006727667819
6152	6175	2.72880095768784
29997	6194	2.72873364697824
55142	84172	2.72810050447948
23521	6223	2.72790021832313
4005	4332	2.72727141607609
6122	6175	2.72657736200137
6152	6194	2.72618123525294
10084	27335	2.72617937762169
10632	9326	2.72568244434623
6134	6171	2.72557890921055
25873	5204	2.72499313420659
81856	84172	2.72471094480045
6137	6156	2.72424384868087
25873	6157	2.72370200169003
6143	9045	2.72171064480797
6137	6143	2.72117617069615
6152	6209	2.72068593579974
5228	81856	2.72036585897838
6137	6160	2.71947380749546
7404	8284	2.71879114067299
3597	4332	2.71812711269226
3055	4005	2.71785280425739
353	51596	2.71728391012559
1212	4695	2.71613284819233
23521	9045	2.71564621259121
25873	6193	2.71557349155257
6147	6160	2.71518883823058
2197	6161	2.71508913216786
6124	6156	2.71419744291814
29997	6160	2.71278749587374
5143	84172	2.71255970117316
29997	6168	2.71220521324463
2091	8664	2.71194629522348
6122	6223	2.71066716635148
5551	8530	2.71059694048113
6152	9045	2.71059046165935
23521	6152	2.71002606881266
55142	90338	2.7097918298604
2999	9289	2.70956463850934
678	694	2.70875541396388
6147	6223	2.70828206392076
6157	6193	2.70806970448955
10399	55850	2.70771160204655
79939	81856	2.70697833412598
6143	6161	2.70632595874868
3394	9308	2.70613012951608
10399	51070	2.70537537034263
25873	6141	2.70500770121458
4695	6881	2.70390025295556
11258	6633	2.70332773096742
55142	6433	2.70270623074297
27335	6203	2.70174362338992
5439	6881	2.70157169294984
55142	55720	2.70117945601272
23521	6137	2.70080006744123
170960	55142	2.70014372607592
23521	3921	2.69989441419179
29997	6206	2.69878606666815
29997	6223	2.69806221886983
2091	27335	2.69746090207172
170960	79939	2.69711253216396
3921	6209	2.69644364425243
10399	915	2.69598404659378
518	5695	2.69446725305736
6134	6143	2.69437356815259
23521	6134	2.69421354108696
2091	6124	2.69408215036975
6132	6173	2.69330108436897
6168	6234	2.69207014784342
6746	79095	2.69181927750313
4818	5551	2.69071230562334
10075	6168	2.69065176677251
3055	3597	2.69048806958569
6160	6167	2.689842686615
6160	6234	2.68926340904171
6147	6171	2.6890458189019
6160	6171	2.68878462890778
3824	5551	2.68845266372025
2197	6209	2.68810495351303
2597	5499	2.68752099082645
1844	3727	2.68601954623876
6147	9045	2.68563694561617
2969	79802	2.68551130375474
11224	25873	2.68357041391372
4695	6923	2.68311648535346
6130	6160	2.68306804421085
694	7852	2.68299621903222
27335	8409	2.68286383749044
6124	8667	2.68280829153155
1937	23521	2.68209003568349
6156	9045	2.68088912991804
6167	6209	2.68046223076835
353	9556	2.67981883337633
27335	7805	2.67976838464861
1340	4695	2.67943743116234
10576	51024	2.67935276958524
11224	353	2.67865897958358
653784	80097	2.67854972907538
6137	6181	2.67781005704831
6137	6175	2.67765131029791
6122	6137	2.67666174044636
6152	6223	2.67562806399481
6143	6209	2.67498364160462
3109	3122	2.67426673450497
55142	8473	2.67423427481462
4208	64759	2.67416966986476
6124	6146	2.67357613636333
6147	6209	2.6733703761289
6156	6209	2.67283228474398
23521	6204	2.67236702993871
4694	51506	2.67210001599127
55850	915	2.67195006504407
6746	962	2.67191608703306
6175	9045	2.67156991459413
3945	51070	2.67054588473871
5265	6280	2.66974467697857
170960	90338	2.66891636958927
6132	6141	2.66885531384936
29997	6152	2.66810036901168
10399	2091	2.6679921042142
6165	6169	2.66783287166662
6175	6209	2.66689958783471
25796	5695	2.6668021604803
6156	6204	2.66635634938731
55720	90338	2.66601778430658
51203	6241	2.6659376821822
353	7923	2.66561330451771
25873	6135	2.66531652434784
678	7852	2.66351324619743
6124	915	2.66113692999228
5228	55720	2.66064360685873
4637	79792	2.65826146517318
3002	9289	2.65549340804647
1329	25796	2.6553686920925
5143	79883	2.65482717526132
170960	5205	2.65426905858653
6160	6175	2.65417134696611
23015	8473	2.65300947236431
3932	4282	2.65265926520117
29844	5439	2.65240003286281
6122	6130	2.65128899799575
1937	8667	2.64988034427128
25873	26156	2.64979908383052
27335	3476	2.64771122132381
6122	6234	2.64505593105592
509	5710	2.64472989775834
6147	6194	2.64365797889857
1329	353	2.64361775079271
6130	6134	2.64354363836632
27335	8667	2.64244547876231
29997	6134	2.64224258690253
25864	25873	2.64039292758486
7404	8653	2.6401640933255
5204	55049	2.64012629339117
6137	6204	2.63946497219617
2091	6146	2.63874593066197
29997	9045	2.63777950179871
10399	79095	2.63649518149622
6194	6209	2.63647116624947
6161	9045	2.63617734937619
3476	915	2.63581975620758
6194	9045	2.63555341336667
6147	6152	2.6341776697
4695	6633	2.63359955093185
517	8409	2.63338675820774
6147	6167	2.63004160041511
11267	27335	2.629583524469
57730	90338	2.6293788552735
1937	6124	2.62909792052492
25873	79095	2.62606849212403
25873	6173	2.6259504515168
6175	6194	2.62562514161138
6122	6152	2.62558497129008
2778	6124	2.62547350560542
5479	5694	2.62450240650475
8721	9556	2.62334472976609
170960	84172	2.62330684606646
6152	6155	2.62289072534676
6160	6232	2.62282150281532
6181	6209	2.62114403114202
6192	7404	2.62113090549586
5439	6633	2.61910895413135
1652	374291	2.6170608728226
1460	28985	2.61677337089782
10875	3597	2.61596461953008
10147	8473	2.61569663215164
27335	915	2.6151993866205
3921	6167	2.61511022005134
3597	4005	2.6135433224571
1108	780	2.61347093389494
27335	6124	2.61344745336093
51747	57730	2.61309171288041
2197	6124	2.61304728565087
55850	8667	2.61287495058341
29997	3921	2.61225016311525
353	8664	2.61220295659809
3108	972	2.61214738390334
1524	9289	2.61178617628059
4666	8667	2.61142622053771
6132	6156	2.60952723988132
3312	5439	2.60930421064702
6218	9045	2.6076943372692
1844	678	2.60748682640903
2091	6132	2.60712758063883
10490	6881	2.60624699194828
7128	7763	2.60533936977205
10399	8664	2.6050933171514
3002	8530	2.60412856748246
5143	5205	2.60265845745584
6132	8664	2.60263244657709
6203	6229	2.60251228535944
6143	6160	2.60153543124074
1329	4282	2.60104997750958
10632	1933	2.59891109674601
6156	6218	2.59822041145323
6171	6223	2.59801309586729
10261	3055	2.59737813203631
6137	6218	2.59635141653789
6122	6209	2.59629697182181
6156	6159	2.59618908878459
6203	8409	2.59408087227009
23210	9709	2.59405403893204
6324	6548	2.59341243519909
3421	391	2.59149000924378
4666	6124	2.5912505483418
79883	81856	2.59081887607718
11224	6132	2.58916590976913
55096	81856	2.58906476841338
10437	1475	2.58808875071315
51690	6633	2.5861671768342
5204	6135	2.58608184078128
6241	7298	2.58583623257514
4666	50854	2.58520931977575
1937	6133	2.58403445471831
518	9551	2.58336602819002
6122	6194	2.58211360740965
22913	2778	2.58185398822343
4792	8767	2.5818148960576
5228	79939	2.58170057417607
170960	79883	2.58135602210102
1340	25796	2.58106519102959
6165	738	2.58070496375871
7388	79095	2.5801908517381
1340	5439	2.58018032389789
29997	6167	2.57996637963999
6134	6147	2.57994643597729
10437	3109	2.5799033065193
4728	915	2.57868508606453
5228	55142	2.57724125546896
6881	8409	2.57537458820115
30968	509	2.57523435209814
5204	7805	2.5748296248083
388677	8473	2.57420098147347
1329	1340	2.57415340757705
6124	6161	2.57371766257902
6146	8667	2.57370454201249
51747	9295	2.57312023077716
11224	5204	2.57285724579051
6633	6881	2.5725364866322
11007	6633	2.57171246253653
51506	6881	2.57169856146685
6137	6152	2.57085422027468
100272147	10399	2.57068050923896
3108	3122	2.57004596728827
2197	6181	2.56926126144922
6881	7805	2.56575182233162
100272147	6633	2.56306889802302
4792	9308	2.56237115276303
285231	55142	2.56201936683173
3055	7305	2.56169166273759
3921	6223	2.56144116833037
57730	9295	2.55981273006033
6143	6169	2.55906509921238
6204	80097	2.55759173285747
11224	6135	2.55637650148497
6132	6204	2.55456771789591
25864	9556	2.55346050587434
6146	6156	2.55331485106667
55720	84172	2.55328977142144
6204	8667	2.55314546110506
6633	6746	2.55273664399714
3122	9450	2.55265804907979
6171	6175	2.55250418133485
3921	6170	2.55186775683965
8473	84901	2.55061957414887
10399	7805	2.55038019401676
8284	9086	2.55032627912474
226	6881	2.54900191410465
4282	55651	2.54752765242649
1844	7852	2.54734806889639
27335	4695	2.54696022186069
11224	9556	2.54659877625837
81856	9736	2.54649629214683
2999	4818	2.54566403034006
6206	6234	2.54358183775458
1933	6204	2.54304340340931
55142	79939	2.54230319095492
7516	79939	2.5414135288098
6152	6167	2.53998720742871
10084	10399	2.53936483343646
6171	9045	2.53769121643601
55720	79883	2.53762604872261
51070	6124	2.53727387351913
5205	79883	2.53717270464015
6141	8664	2.53716327357662
1340	29844	2.53586697248436
4282	8409	2.53378430057298
6167	6170	2.53314884946804
23521	6143	2.53232505062942
483	6049	2.53160206910489
6143	6223	2.5308603358186
6167	6194	2.53048831057493
81856	8780	2.53006466538213
2197	6156	2.53002839246621
7805	8409	2.529330736582
11224	11258	2.52898112607366
147179	79869	2.52823002866649
11258	1329	2.52821044323325
6146	6204	2.52797898850518
10399	6881	2.52704053049036
6548	83759	2.52688904991176
2091	353	2.5267653768132
11224	6173	2.52628545764097
7805	79095	2.52612985864813
3824	8530	2.52523242674872
1329	6746	2.52475153712085
3921	6122	2.52447429286088
29997	6234	2.52411689545831
10455	5689	2.52393620125436
738	7805	2.52288894668722
6433	8473	2.52284896954162
11224	1933	2.5226267707492
7805	8666	2.5219799032165
3945	6165	2.52008624452325
84172	90338	2.51942805833621
5143	51616	2.51918390932915
6633	79095	2.51830239021613
3798	81792	2.51730085004693
3824	4818	2.51723735396813
6208	6209	2.51675709088111
55651	7923	2.5149503937987
4282	5204	2.51453536534653
915	9556	2.51385701882681
6134	6152	2.51286908264375
3921	6147	2.51198985465523
4728	7805	2.51158190949822
1329	8721	2.51106233699439
23521	6181	2.51079785366044
27335	51690	2.50975217662521
29997	6209	2.50955442200244
1535	1622	2.50776024074242
10147	9295	2.50700930049996
6635	81853	2.50660995442037
10875	4069	2.5061292585294
51690	6881	2.50600955095679
2109	27335	2.50589129851839
6161	6181	2.50534139015337
4087	6612	2.50486410436268
7763	9709	2.50463974789268
10399	51596	2.5039114831742
26517	353	2.50383792085264
6137	6161	2.5036947079284
51690	7388	2.50311709573835
6137	6147	2.50295902279491
6124	6165	2.50256925317407
5695	9551	2.50206199725009
3055	4332	2.50093375567545
4929	7128	2.49986265639976
6132	80097	2.49916811444569
1340	79095	2.499102560264
6132	6633	2.49781139351888
3921	6171	2.49694807594003
11044	22861	2.49677274243094
6194	6208	2.49666392392542
11224	962	2.49642227691949
25873	9556	2.49641232204665
2491	688	2.4960689710201
10014	29894	2.49526600296536
353	55651	2.49497443789392
25873	353	2.49487544447646
25873	7805	2.49400826332123
2879	6746	2.49363640268369
6133	6204	2.49361335564377
6173	9556	2.49344857973415
51070	6165	2.4928933933859
10409	7305	2.4927975576992
6134	6161	2.49108417264002
6895	79004	2.49012048720184
7805	8664	2.48900590476436
6147	6168	2.48894138873595
79095	9556	2.48870838849258
11044	388677	2.48821344495171
51506	5439	2.48812332153657
1329	4946	2.48749985023007
10437	3122	2.48679434696535
6171	6209	2.4867283131165
5196	5473	2.48470828822
51203	9768	2.48445241811715
51614	9804	2.4843585653495
1155	8673	2.48347420879973
3921	6152	2.48316258940297
284266	8780	2.48297701253784
1340	915	2.48279269706306
23521	6124	2.4814842187695
5205	81856	2.48008091420123
4695	51690	2.4784457029378
6143	6181	2.47751850145581
29883	6691	2.47744160448495
1329	7923	2.47711002187306
5228	8780	2.47666189215665
3921	6134	2.47595093827796
79939	90338	2.47501169052739
5143	79939	2.47463278425191
6122	6167	2.47382835846133
29883	552889	2.4704495428877
55096	55142	2.4704354214958
11224	6141	2.46971657962506
397	4061	2.46933980650211
1937	6137	2.46920555517249
6171	6194	2.46869366829841
5143	55096	2.46623746353559
51024	708	2.46520737708958
10399	6159	2.46450344411258
170960	22990	2.46441013520651
10572	25796	2.46319310210616
10455	1535	2.46277583429254
1622	5694	2.46268589519742
23521	6122	2.46213732992485
3385	6203	2.46166636152214
10456	6881	2.45988592655168
6130	6234	2.45888881094756
51650	7923	2.45834738157777
25864	6159	2.45780026737595
285231	5143	2.45623873539679
3385	517	2.45602071102399
6167	6175	2.45439471072312
23521	80097	2.45398532718929
1933	1937	2.45394109424611
4282	6229	2.45256266388103
10399	51690	2.45182826004802
1329	51690	2.45151205299764
22990	79966	2.4506603320939
6135	8409	2.45041012604781
51690	6923	2.4500067483995
6160	6204	2.44946492658418
6181	6223	2.44851959263462
6143	6152	2.44744740847291
10875	1462	2.44484649900829
2197	6193	2.44407823081652
11252	388650	2.44389816896701
6143	6218	2.44354067843001
131578	9455	2.44343304987073
397	4728	2.44280456064652
25864	6204	2.44236584683908
51614	8667	2.44226906399273
2091	2109	2.44047210899534
27335	8664	2.43822224823061
25873	6746	2.43818626242216
27335	6881	2.43785446895735
55287	6035	2.43752063518573
11258	4695	2.4374739880832
54904	83478	2.43568031975241
3838	5366	2.43529871867349
292	51024	2.43460356883762
11044	8473	2.43365095670136
10399	8665	2.43334045891924
5205	55720	2.4331852842467
50854	6146	2.43300638609767
10961	6203	2.4301801202203
10399	1937	2.42989144278499
50486	6648	2.42821377811063
79095	8664	2.42820148681893
6164	8666	2.42801721166473
6156	6181	2.42672060358564
55096	6433	2.42456479692837
10135	50486	2.42380783999792
2091	54998	2.42375729235528
27335	7165	2.42370945154234
28996	57715	2.42056496765398
1936	6144	2.42018164320391
100272147	8667	2.42010484693074
6881	79095	2.42009718925801
25796	51690	2.41959881869875
6122	6206	2.41949901285667
10875	4005	2.41745745750726
2091	8665	2.416398500479
10399	353	2.41623301259871
10399	6156	2.41560706201427
25864	6157	2.41450869876309
1340	6923	2.41443075153823
3385	8409	2.41247746698093
2206	3359	2.41233082806798
29957	9276	2.41229533463175
6229	8409	2.4114762625085
1329	79095	2.41108302950646
27335	6633	2.41070742421752
51203	7298	2.41030426812439
1906	7135	2.4102092367681
51024	9804	2.40982284077022
10094	10944	2.40981175673761
11258	653784	2.40846835074238
10658	8473	2.40753843014186
11267	915	2.40745483285826
1874	81792	2.40538515684871
6167	6223	2.40463544235937
8666	939	2.40456154123208
6134	6167	2.40429538113663
5204	8666	2.40273968800607
4067	7305	2.40202885851177
6161	6167	2.40128310587686
4332	64231	2.40009258500123
6633	8664	2.40004415334676
4282	5695	2.39960615610303
6132	653784	2.39810400784933
1829	9278	2.39688198297938
3547	949	2.39687724901002
60676	6508	2.396334663123
353	79095	2.39507122580616
51070	8667	2.39480906371609
6152	6161	2.3945212195636
4728	939	2.39400103574095
7516	81856	2.3932888413707
6881	6923	2.3929783813
1462	2219	2.3906561850338
23521	6167	2.39029187182424
6881	8664	2.38980366687074
23219	79869	2.3887843436445
100272147	915	2.38761833084043
5439	79095	2.38641225111185
10576	1329	2.38493615967054
6122	6168	2.38410597736334
1488	1524	2.38374332575121
708	7818	2.38322901519938
1084	51308	2.3829618466916
10961	4282	2.38282966896343
6209	6218	2.38265213632567
353	6746	2.37969760702356
23215	81856	2.37962357233668
6132	79095	2.37955381386763
27335	4282	2.37907499517906
5576	9736	2.37769698162658
55720	81856	2.37658355834391
10399	8409	2.37567335782167
2091	6204	2.37549375848367
10399	4695	2.37448985125855
6156	6165	2.37416581777142
1329	4695	2.37379110585763
10399	6165	2.37291182196475
5358	55681	2.37229657971415
11007	51690	2.37095391617851
10567	4282	2.37078339819648
25864	7805	2.37037598844012
6160	6161	2.37018043350348
51070	6146	2.3698701916086
3945	6146	2.36856864263523
10961	5695	2.3661547553109
3476	7805	2.36584354583188
5228	84172	2.36492913566265
1329	55651	2.36454539467561
2268	55501	2.36213691206361
7298	9768	2.36162375308164
51596	7805	2.36079370345267
6141	9556	2.36060884898282
6169	6209	2.36007454293578
375057	4640	2.36002040321518
6156	6223	2.35979030213649
51747	90338	2.3594485958443
6130	9045	2.35919151700152
10576	708	2.35864006229717
10801	55741	2.35803809145896
100272147	2091	2.35703759673593
54558	8398	2.35646474804637
284266	81856	2.35599603970478
3921	9045	2.35593090346042
10572	915	2.35532730829414
10399	2778	2.355280765754
6143	6159	2.35477152297996
11224	2879	2.35449428951918
2091	8409	2.35436238262652
170960	9736	2.3537428098412
11267	2109	2.35343859976248
10399	8666	2.35221748972433
2040	5551	2.35145345926911
5143	57730	2.35120064892398
1340	51690	2.350503113743
148	7135	2.35030929826953
51690	79095	2.3502537473709
3055	3109	2.34998544169026
104	5576	2.34863231086525
6137	6208	2.34811858760151
4818	9022	2.34721568869851
3002	3824	2.34707728887296
22848	5228	2.34631044200374
10360	6137	2.34584799160353
3615	6166	2.34523807125101
22943	2979	2.34523247354244
7805	915	2.34429924604651
1937	915	2.3438636722612
3932	79095	2.34374421523781
5201	57804	2.34291853655951
54820	80003	2.341834171496
3932	8666	2.34100542709425
6141	6157	2.34057823371356
10490	1340	2.3405399942859
5205	90338	2.34051000097389
2219	5265	2.33862719946052
5143	9984	2.33841022686308
1844	5734	2.3378074536711
51596	6237	2.33704054769703
1340	6150	2.33674631134665
10462	3122	2.3354569109982
6134	6194	2.33536372888868
6252	911	2.33233620395372
1072	54843	2.33181632130921
397	7805	2.3317796714762
51070	6181	2.33164537427061
4005	64231	2.33009157280415
5228	55096	2.32817411366985
25873	8666	2.32634371027737
3921	6137	2.32538335683313
6137	6167	2.32495158571176
11258	6923	2.32444608553099
6204	9552	2.32326756355153
6165	6193	2.3230441885104
1345	23423	2.32250599849744
10567	25864	2.32215576710673
1212	27335	2.32203959061437
4695	5204	2.32122201799435
6124	6143	2.3202000187808
27335	8666	2.31830519222269
25864	517	2.31803040404569
51596	8664	2.31753377162928
11331	6237	2.31701910305322
57715	8398	2.31665141809247
1329	521	2.31640323352942
6159	8666	2.31583007067139
55850	6124	2.31451913846176
1874	7932	2.31247914052719
2219	6280	2.31147667702677
8409	8664	2.31089656090558
226	7805	2.31089006019114
1475	3055	2.30975387285427
25957	4891	2.30766503214411
3360	6508	2.30728869098695
8664	8667	2.30718558678352
10084	2109	2.30668036022887
6124	6204	2.30432546375624
22861	388677	2.30408198614731
6137	6232	2.3024834161474
10574	55651	2.30163717334929
2999	3002	2.30040776694135
6152	6181	2.29951643232892
22890	51444	2.29571318929416
2350	79864	2.29415690934272
6132	6143	2.29390701733907
25873	6159	2.29331992755732
4929	8013	2.29318166799271
8667	915	2.29293007826336
10567	5204	2.29200781326257
23102	55142	2.2888204630613
1340	6203	2.28840368057876
27335	353	2.28773708209657
2778	5719	2.28704149546104
1329	5695	2.28678805486922
5586	7109	2.28426574459681
217	3597	2.28353976657235
6156	6193	2.28293585141421
25873	2879	2.28289641768419
23023	54585	2.28192269950051
2099	6508	2.28088644274947
2879	5204	2.28082029319356
10399	7388	2.28007490663398
6633	962	2.27960430636527
10456	1460	2.27883904969047
3615	55651	2.27867770833119
10399	6146	2.27836685632788
1937	27335	2.27808147489367
51616	55142	2.27563037039396
27335	5204	2.2749694572338
2176	23544	2.27353990046754
51596	79095	2.27136131251218
6132	8667	2.27080938346415
25864	6146	2.26962720977854
6218	6232	2.26958005479177
29760	6925	2.26904468712122
3055	3122	2.26856305734195
10399	2109	2.26850048657442
10399	1340	2.26819253766103
29883	738	2.26793364700224
55049	8666	2.26771809351879
6156	8666	2.26649411785077
50616	5899	2.26645561667817
6170	6194	2.26532082099361
10412	51614	2.26427190174604
353	8721	2.26356133858703
471	51596	2.26315679642143
11258	79095	2.26182878585689
4665	9447	2.26097683393211
825	9984	2.2607192155133
1175	51172	2.25969125992381
3932	7805	2.25925819036512
10147	23015	2.2587630996035
81856	8473	2.2580466316078
1070	51184	2.25691932964439
6124	8665	2.25494955292077
6167	9045	2.25412392325327
23215	474170	2.25365967830388
474170	81856	2.2529739198878
22978	57110	2.25296008140057
6223	6234	2.25282947451464
51690	9551	2.25273423945071
79939	8780	2.25272289019907
308	6426	2.2523504709488
8409	962	2.25111584457989
353	6135	2.25056229465727
1329	3932	2.24990633461843
25864	27335	2.24956114613292
4714	81853	2.24865248989078
3091	3838	2.24670414070189
2109	51690	2.24647918524486
3021	54855	2.24605524020302
6124	6209	2.24593562289455
6194	6223	2.24586852759768
3615	7805	2.24547915379008
5576	8780	2.24500171049396
4736	6156	2.24470719221181
51024	962	2.24384314159872
5204	962	2.24334890203332
25864	6193	2.24261748523979
51614	7818	2.24189164143712
4695	5695	2.24142975193325
100272147	27335	2.24139224132763
6132	8666	2.24134205814589
192286	54458	2.24051137330561
10261	10875	2.24006931900488
79883	90338	2.24004389644502
10576	5689	2.23791113914007
10734	55201	2.23767419425577
4282	6203	2.23754325257113
6157	8666	2.23746474849719
1773	734	2.23686320865165
7923	962	2.23668703401991
1777	60676	2.2363646783285
23015	55142	2.23616034772635
4929	55422	2.23608426721972
2778	915	2.23394244057971
100272147	6124	2.23343552073268
5689	5699	2.23322687986789
26986	6156	2.23193532673341
2197	6137	2.23153199106064
6173	6633	2.23123442448101
5045	50613	2.22952932837687
27335	4666	2.22941620733939
353	6141	2.22921162295581
229	6305	2.2285944555165
2091	51614	2.2280771834092
284266	5228	2.22694388980836
6923	7165	2.22631592696513
1329	27089	2.22558942610205
1340	30851	2.22398909879071
10399	3476	2.22365891829038
23108	26031	2.22346521259916
51690	6746	2.2234198611003
1535	5694	2.2231614836771
2091	51596	2.22193178657676
57730	81856	2.22162037750022
1329	653784	2.22136774844632
25873	924	2.22088115077486
1329	6881	2.22065978126049
1329	51650	2.21970319043438
100272147	1937	2.21962923192057
1329	51024	2.21880654098983
10084	8667	2.21856844111005
3615	6691	2.2171409222898
5205	84172	2.21699075478991
1329	6229	2.21631783390633
2197	6165	2.21603364302748
25873	51070	2.21602223657498
199870	2815	2.21594069754775
6633	8667	2.21537624855575
517	6881	2.21407636673508
27335	6923	2.21381438794076
26156	5204	2.21343178684308
6280	6283	2.21316706368622
1629	5228	2.21061055022041
10360	23521	2.20943907116981
51596	7923	2.20940912221571
6137	6169	2.20926439037161
5228	9736	2.20918409106759
3476	6124	2.20871445858392
6923	79095	2.20861162243917
23521	915	2.20855383256674
10598	11315	2.20837279807382
226	55651	2.20783857360814
3921	6175	2.20752175516104
6433	64772	2.20632647253081
55914	56890	2.20558502220435
6130	6223	2.20531620532311
64848	9736	2.20522719251795
10016	170960	2.20452692072591
6124	6181	2.20379126048321
3122	7305	2.20046598080137
962	9804	2.1999150628378
2091	50854	2.19917908525917
3615	738	2.19715791079427
1844	6515	2.19682312819844
6156	8667	2.19302690193342
3684	3824	2.19282621275884
4695	51506	2.19232580870673
25796	51650	2.19103151166416
2091	6633	2.18946644172037
60314	6203	2.18880120511138
10084	1345	2.18833128438065
6157	6746	2.18704550250876
8667	939	2.18688737541182
10399	9556	2.18537468812054
3730	50624	2.18498435827763
3983	51176	2.18451044579066
6155	6160	2.18442877355794
3615	51596	2.18402967153595
10084	6923	2.18336499178737
3932	5204	2.18302063469856
10360	50854	2.18230874886108
25864	6633	2.18105692846854
28985	518	2.17934620800802
4711	6635	2.17877907413151
79939	84172	2.17828125817655
2971	708	2.17729316561163
2219	4332	2.17574522116844
5204	6229	2.1752852170239
10399	6746	2.17501171555101
6204	9045	2.17446156303374
22848	55096	2.17434457592814
6124	6159	2.17388026144198
25873	962	2.17359550126945
4820	5143	2.17312407091649
471	6881	2.17150083796805
2099	3360	2.16995634321093
2528	60685	2.16964336357154
10399	6132	2.1690697909688
23015	84901	2.16666951360945
26152	958	2.16626697865962
6746	706	2.16594562034005
6433	81856	2.16560855229032
23521	9552	2.16559042873783
1329	6633	2.16497053740968
1337	6746	2.16482641150061
27243	51121	2.16213169022698
79729	8913	2.16179173715458
4695	54923	2.16078847809729
6160	6201	2.15997798860704
6135	962	2.15990605471892
10443	60561	2.15858477394863
1674	84298	2.15838880173841
55850	6173	2.15805663670311
112399	7292	2.15459058829483
3615	6879	2.15447699051307
1345	2109	2.15423707954955
1329	5439	2.15318321194271
26517	8664	2.15314661979803
353	8409	2.15250793214161
54998	9556	2.15135120852427
22800	8807	2.1499741732825
55850	8666	2.14802170969734
5205	55142	2.14746676650303
51596	9556	2.14651203076562
25796	4282	2.14598901991027
4695	7805	2.14532302622309
55096	90338	2.14440168603366
54811	57187	2.14418778525152
79180	8530	2.14410518975968
11258	5204	2.14244495393703
25873	6156	2.14211266026342
11258	11267	2.1419400616149
170960	55720	2.14178619384739
353	6203	2.14062501538058
11258	55049	2.14049805544116
4736	9045	2.13869577696863
10399	25864	2.13761728255688
25873	4695	2.13754270378881
6160	6218	2.13710989735072
90338	9984	2.1370399918655
1070	5825	2.1369121002232
23026	4184	2.13687851050804
8767	9308	2.13686654175691
11267	5479	2.13634887203891
51596	6166	2.13622533029331
1475	7305	2.13408205129835
1975	7805	2.13247562660487
25873	6146	2.13237131173492
23111	375057	2.13169566329409
26156	6135	2.13125270890558
25796	4695	2.13058772081946
5265	6279	2.12936378557736
29997	6137	2.12861017049
23102	84172	2.12844639964603
170960	8034	2.12823685210468
27430	474344	2.12817355395516
1475	7127	2.12779329287724
6150	6881	2.12690657626445
6130	6137	2.12622126676788
11258	27335	2.12539087288736
509	5688	2.12533426600889
6152	6208	2.12390599328133
23215	285231	2.12350916564891
23521	6156	2.12345246107573
3251	5685	2.12330668231091
6134	6156	2.11999671030387
55142	64772	2.11992231846649
54998	6146	2.11950262234676
2353	9592	2.11936147089246
10961	6229	2.11870482307903
10490	29844	2.11660730969232
27335	2778	2.11605003976439
353	7165	2.11589746488848
11258	6746	2.1147881554817
4695	5439	2.11426643362682
10135	7128	2.11396076227086
6161	6223	2.11368577904468
1462	5265	2.11357290514885
3660	9855	2.11201026328961
4983	55096	2.10988683992742
2821	4282	2.10956104695723
6169	9045	2.10928263418736
10179	7525	2.10855558565982
6746	7923	2.10497144310941
5439	6923	2.10450457345712
51526	55422	2.10380870252204
1535	5699	2.10227896527949
2040	8530	2.10186011405778
11182	64759	2.10118367976801
6203	7165	2.10072104827644
10220	7270	2.10001984890464
55049	6164	2.09993593367104
25796	6229	2.09958052177525
4694	9551	2.0985488650073
4695	6746	2.09714997784207
1329	5479	2.09697410837748
6124	6137	2.09542777918895
4666	6132	2.09517036454531
25864	6141	2.09512377134883
353	4282	2.09466908993681
11224	653784	2.09385142847642
2109	6633	2.09372714198974
6161	6169	2.09202803558581
1622	6921	2.09010270480116
3932	6229	2.08944318783316
1652	27089	2.08930032859186
1629	5143	2.08773692741509
6156	6160	2.08634982863021
2109	8665	2.08604086787794
6160	6170	2.08550276558116
27335	79095	2.08519080502395
11007	27335	2.08517582039427
100272147	11007	2.08379500702031
51024	5439	2.08326213921362
3557	5329	2.08259355489757
6132	6746	2.08231063468254
6746	6881	2.08208349993946
6746	8409	2.08194731687944
1327	6218	2.08080428382538
8034	84172	2.08051254303336
6633	6923	2.08043585412298
10396	4154	2.07983214997869
25957	5586	2.07968150362068
79095	8894	2.07697899185688
7135	79987	2.07597638212416
1937	3476	2.07522454289264
3576	5743	2.07498200067004
30851	7805	2.07241060365322
4282	6746	2.07159712581237
51596	6881	2.07148501445502
518	7386	2.07089709331229
10576	6635	2.07075852622625
3308	643376	2.06963519993953
23521	8667	2.06956400714731
1340	7805	2.06920501304241
27335	51070	2.06694344442929
11316	192286	2.06672945785713
3134	3135	2.06624337339914
11030	57132	2.06292886788171
25796	27089	2.06257642361204
6204	6209	2.06231247775437
23215	5205	2.06126099278531
1652	6203	2.06074893307066
6203	6881	2.05874428814935
51374	51614	2.05858674162303
3932	6633	2.05748542300696
10399	25873	2.05698736177279
51616	90338	2.0565367285532
6141	6156	2.05404410403019
1514	26012	2.05275281848257
6181	9045	2.05150950760204
30851	57804	2.04989331184703
170679	26013	2.04885819626907
25796	517	2.04810586314649
10576	2029	2.04646856546612
284266	79883	2.04345193148322
4733	6415	2.04167604358672
11224	6746	2.04155698974385
2049	3800	2.04149906320158
53358	9211	2.04028897990742
5550	9404	2.0402332315689
4929	51526	2.03958525152334
10409	3109	2.03948685721228
10097	27336	2.03732391132421
51690	5439	2.03700206883941
10399	3312	2.03694613370681
25864	5204	2.03652855991006
51614	8664	2.03546058896224
11331	939	2.03530257373502
4694	6923	2.03455293194878
23175	7832	2.03326522073456
6204	6218	2.03322955444853
10399	7165	2.03264656202595
6152	6204	2.03192366251671
374655	84172	2.03147689865175
25864	4282	2.031413084228
10490	7805	2.03119347974569
54504	6252	2.02889326047366
27335	6746	2.02689473656819
3662	56926	2.02484327782613
57795	6585	2.02435122329836
1271	1802	2.02386088103009
22913	54923	2.02333585928904
11267	6633	2.02329333825055
55049	6229	2.02295081647603
4792	7127	2.02175867907712
2091	6156	2.02173843006088
26517	653784	2.02128721332456
3932	5691	2.01984311510706
7798	9609	2.01960108025251
5037	6146	2.01831764172923
5228	57730	2.01715892841564
6169	6208	2.01706423346011
4820	9736	2.01570495076044
353	6881	2.01525564793417
285231	84172	2.01409581557611
2091	26517	2.01242171330397
1462	6280	2.01109110752132
3576	50486	2.011016633393
2171	51203	2.00861534320581
1460	6881	2.00746384501275
54998	6633	2.00710182369534
2879	4695	2.00470766448988
51690	6203	2.00470247903832
6141	6633	2.00433083285859
6130	6209	2.0042401990779
5876	79441	2.00382747080997
27335	3385	2.00289945565128
11044	55142	2.0022352610578
3360	84172	2.00196082508655
6157	9349	2.00122220878283
30851	6881	2.00116176202687
79095	962	2.00078623095059
25796	6881	2.00077184043672
6691	7923	2.00055921767901
10094	3093	2.00030408742475
1175	7940	1.99992387289101
148	6696	1.99984251638804
50854	6124	1.99764814217458
25796	25873	1.9971072631918
27303	51780	1.99699745966977
10567	7805	1.99697264086701
2879	79095	1.99657546159716
11007	6159	1.99583643609078
1340	1652	1.99479341461912
5205	79939	1.99366275704612
6169	6218	1.99356824860915
1345	5439	1.99327070502636
3597	9450	1.99322096628945
1629	9984	1.99253093190165
10084	4695	1.99038174857649
57149	57820	1.98997500261582
353	521	1.98974449640916
51506	8409	1.98751888428541
4792	5552	1.98549331450892
5552	6351	1.9854167503902
10399	6203	1.9852144965964
55651	7805	1.98376058765613
3055	9450	1.98264597172435
7411	8520	1.98176671748477
5204	6633	1.98131942968199
6135	6146	1.98128556691269
10490	4695	1.98085902536687
55651	6879	1.98067555842383
23593	51374	1.98026551639744
5204	8409	1.97904127807092
285231	81856	1.97883929597162
541578	91966	1.97868121932196
1329	7818	1.97810036063343
1155	30968	1.97686648492638
6234	9045	1.97637431180878
1652	51596	1.97575337045381
30851	79095	1.97559764712165
4983	5228	1.97507144423848
27335	517	1.9737255861915
11083	9057	1.97231767866549
27335	6229	1.97196367795682
23645	4616	1.97180987874334
79883	9208	1.97078273124601
3001	6352	1.97074806718027
10084	7165	1.96885197239948
2109	6132	1.96836771379216
517	7805	1.96782676197821
51693	5204	1.96652662569587
55680	57466	1.96625314710769
4694	5439	1.96328644296083
3109	9450	1.96252682648599
22889	4820	1.96095724439395
202	4217	1.96094381995143
6146	6165	1.96007499039535
2091	6001	1.95851798875606
2268	7305	1.95820895901935
4695	5691	1.9559744291283
6143	6204	1.95577556133834
1495	7305	1.95499885386373
25864	915	1.95482130822171
23125	9052	1.95416706135935
10987	7167	1.95402347247705
7923	8665	1.95358695386928
6173	7818	1.95331719999693
1906	6677	1.95277183927196
6161	6208	1.95202907839184
100272147	6923	1.9519368544157
3122	6252	1.95169203529723
51690	55651	1.95072462855334
10084	4666	1.95055709476525
7805	939	1.9503663497847
2022	650	1.94965848761245
3932	6923	1.948559146649
25796	9551	1.94851401840669
4818	9289	1.948343574513
4282	9551	1.94758485773756
2091	51070	1.94741712956963
51747	81856	1.94684890704256
100272147	4695	1.94681664624924
2350	51268	1.94641436019159
6175	6208	1.94634593891203
51506	5695	1.94587422027077
6173	79095	1.94545810876863
23544	7594	1.94484787038791
226	30851	1.94356393531054
10084	51614	1.94318409560908
51616	9923	1.9419508070832
22890	308	1.94177561196213
1340	5201	1.9415660545948
2879	4282	1.94136475587717
29844	6881	1.94056961764558
56	80036	1.94014386575849
2219	4005	1.94014270195514
4695	9551	1.9399596775172
1316	1843	1.93957132355239
2821	9804	1.93931131525137
3476	6203	1.93887269550143
5042	81853	1.93801133602762
6173	8664	1.93697043662418
3597	7305	1.9368501093912
51374	518	1.93664948086289
653784	79095	1.93635872889776
6141	6193	1.9360091257688
10376	10383	1.93590751732518
55251	6426	1.93500532277559
10084	8664	1.93432624479136
27335	6159	1.93428445342249
154	2040	1.93342522074095
10075	6508	1.93313833040494
23521	6161	1.93225086191825
100272147	6881	1.93153480777927
26229	55293	1.93067598647389
10476	79095	1.9296353655597
6135	6229	1.92949819573229
29883	3615	1.92918613266509
2219	3055	1.92885338549596
6229	6923	1.92867043012313
10490	10987	1.92779393377354
51596	6146	1.92712384766144
1937	2091	1.92670385717141
130814	56978	1.92660006547885
4282	517	1.92622487788969
6129	64425	1.92594347282489
10084	51024	1.92520969074973
10399	6633	1.9245084586252
2109	8664	1.92319354358353
29081	81853	1.92212639789725
51024	6633	1.92150262272724
170960	7516	1.92127192686842
51747	8473	1.92051106868127
2821	55651	1.92030000090824
6141	8667	1.91878112003558
2109	915	1.91828926060542
22861	8473	1.9182602749205
1327	6232	1.91734780738185
1537	518	1.91731887747706
1340	6746	1.91695498426494
518	6923	1.9164064644843
11007	11267	1.91578768408774
55146	6691	1.91564172880703
27335	939	1.9145558416323
2197	6208	1.91449875813616
51690	915	1.91369276417607
1028	8078	1.91175962351872
22848	4983	1.91170876600401
79929	8800	1.91116708251693
6147	6208	1.91094608092269
11224	6204	1.91068527651523
10077	4973	1.90836005531597
1933	2091	1.90813241191601
23521	6194	1.90790454914973
6152	6171	1.90720145865392
23521	6147	1.90700708484251
6635	7411	1.90588395707332
7475	9472	1.90538520942888
6132	962	1.90488007359556
3727	7852	1.90435754726592
64231	8741	1.9036464894795
23245	283212	1.90339811952364
11098	3002	1.90267930673538
158471	3241	1.90230176842948
6167	6171	1.90206930410852
10914	55854	1.90184513762899
4673	51389	1.90123420425194
4005	8741	1.90033335939118
5205	57730	1.8998097387921
10261	1462	1.89842462915356
6161	6218	1.89808570915653
10960	29100	1.89652139103959
1460	6746	1.89644384596385
6173	8667	1.89515939997938
2091	80097	1.89506777654404
6130	6147	1.8947437491022
10409	3122	1.89423526702158
90338	9295	1.89262158757919
6130	6143	1.89181829482288
2197	23521	1.89114320345836
27247	51024	1.89095179352971
63827	92335	1.89060811911252
6156	6208	1.88907462623772
517	6229	1.88798637427334
10490	6150	1.88784620144085
6204	6223	1.88772267364258
1652	353	1.8874449106808
3109	972	1.8873484312559
26152	79586	1.88619728593277
27230	3615	1.88602514177763
3055	8741	1.88579266414031
6879	7381	1.88502005322859
6746	7805	1.88469893081905
3843	4118	1.88355079963661
4282	51690	1.8834615397845
10299	9665	1.88339817608144
11007	4695	1.883088920486
4714	6635	1.88277902399663
22848	81856	1.88189620941351
10094	7323	1.88091518441198
27247	708	1.87981934158438
6143	80097	1.87932327416869
1471	3122	1.87829675579972
1340	27335	1.87773562984723
51374	9804	1.87570318018111
5695	6923	1.87548476145413
387509	9127	1.87522721321586
2787	5303	1.87407633966475
2197	6143	1.87357595459834
397	4695	1.87060894823753
10961	8409	1.87042481684159
10399	23521	1.87002830818262
6160	6168	1.86976051390611
5037	51596	1.86879718558964
4999	6103	1.86808892753143
51121	5710	1.86587548402614
10360	9045	1.86556201244074
5757	9556	1.86526966465341
10750	27161	1.86472141406828
10576	81853	1.86449103810933
55651	6746	1.86446505296525
1212	54923	1.86402813976436
1937	80097	1.86308347219973
29108	5699	1.86190827411093
5205	5228	1.86180331403866
2313	9782	1.86151905417339
5204	6193	1.8611743888844
6147	6170	1.86076994225448
126070	9021	1.85994568143656
10412	113791	1.85939998833373
10399	50854	1.85784807577356
6137	6194	1.85581526129019
1340	51596	1.85560029960232
6176	6209	1.85497132789273
1340	1396	1.85439459825175
226	6746	1.85378003197629
1329	51693	1.85371529130574
54998	6124	1.8532958432298
226	29100	1.85275642260387
10399	6173	1.85246440665439
5695	6229	1.85198079067426
117178	2073	1.85107630581538
5439	8409	1.85090822619289
285231	5205	1.8506964732702
10399	517	1.85067170250157
25864	8409	1.85046062380791
1937	939	1.85041753655706
100272147	55850	1.84906532690492
2268	8530	1.84893229182584
10045	780	1.84769447224234
10480	23658	1.84749767638166
2197	6176	1.84672722528241
6152	6169	1.8460314682628
3151	51374	1.84532617327833
8530	9289	1.84528812642718
353	653784	1.84524693664426
3055	4069	1.84489627819385
28969	5037	1.84448293275195
1211	2021	1.84361072070582
6141	962	1.8421020560137
23047	29929	1.83890160119016
3921	6208	1.83787551854837
4695	7388	1.83742276780781
25864	54998	1.83644375054536
3945	5037	1.83560893097524
10135	1051	1.83474121204413
6132	6137	1.83452838044519
26517	51596	1.83429391347068
79004	8894	1.83425933838127
353	6173	1.83387664111093
2091	653784	1.83380329906577
2109	8667	1.83334515652045
27296	56948	1.83165659945498
10050	80740	1.83116460088254
217	8741	1.83089991199107
5602	7052	1.83086863803066
2778	54923	1.83043488069412
1937	6146	1.8290207276728
27230	8379	1.82754809641781
51506	7388	1.82717366720933
8667	9556	1.82684634991416
284266	5143	1.82654140250869
55850	6156	1.82440501924333
1622	518	1.8238235229182
50854	6165	1.82353022078632
653784	6923	1.82298091403786
7381	9804	1.821724860859
4820	5228	1.82082052390706
1192	3182	1.82011499277288
25873	6132	1.82002284626195
55096	8473	1.81865597753803
11331	51070	1.81854087472635
23462	6508	1.81824968921572
6124	6208	1.8180862696411
11007	6746	1.81800721160437
10399	60314	1.81694571911743
10576	5230	1.81633545057072
10567	25873	1.81625699066544
11098	5551	1.81612648169492
3104	8407	1.81384129885267
2767	6167	1.8137828562956
7763	8013	1.81200946197798
653784	8666	1.81108833279757
1632	9296	1.81100262183243
6633	9556	1.80992868277458
51596	6124	1.80920861754516
6585	816	1.80905934060759
23484	23593	1.80734087748965
79586	8985	1.80687868706947
2810	284	1.80618865038393
1537	5695	1.80599924965958
5919	79848	1.80592798416628
28969	51596	1.80576334652214
2091	51690	1.8055259340176
23215	5143	1.80503886675274
51596	55651	1.80404229216704
51070	55850	1.80288447242752
472	51466	1.80211545847774
1460	5691	1.80095525790004
26986	6169	1.80045924517481
226	8664	1.80006943724613
6161	6204	1.80001456037858
10084	353	1.79929865806579
486	5913	1.79911703849685
353	7818	1.79883293785351
25873	517	1.79882475781004
1340	226	1.79860962244728
285231	90338	1.79802641866449
25873	51596	1.79767810415604
2879	962	1.79758088780031
1212	1340	1.79748828350962
6130	6194	1.79738127348023
10572	51690	1.79716107967483
6746	7165	1.79567295188212
23264	57730	1.79510011972152
6132	6144	1.79493745186578
10476	8894	1.79485308438033
10235	3609	1.794195913979
5576	60676	1.7941494618543
4067	5552	1.79388369269892
50840	85446	1.79355195833929
6156	6157	1.79302922839081
10107	2103	1.79196632679137
4794	7763	1.79184407974271
6143	6173	1.79016068358903
4282	51024	1.78918316362475
10572	27335	1.78855643594777
6635	6742	1.78838472598805
29997	6130	1.78749263101214
1902	23026	1.78732029431495
4983	5143	1.78619385987616
5251	81697	1.784841095174
5143	8473	1.78394575592781
292	51650	1.78365796434859
5245	5920	1.78269782489385
6167	6208	1.78229460457155
4929	51646	1.780906962635
10360	6160	1.77994688591739
4067	9709	1.77922950653779
5691	79095	1.77879377920309
2091	4666	1.77793163534505
8664	9556	1.77576304886699
11224	79095	1.7755824972933
6232	9045	1.77538745123982
1212	60314	1.7735248550558
4670	8678	1.77332040643249
6201	6204	1.77239429681904
5204	6141	1.77155864115529
10084	2091	1.77151248033237
2091	7818	1.77141067554533
6150	915	1.76983447781003
1524	5551	1.76896339539619
54469	9989	1.76859227229753
11258	2109	1.76690777599186
100272147	8664	1.76631973738927
100272147	397	1.76581378002176
6508	80263	1.76581337128514
1340	517	1.76540216279319
6209	6234	1.76486993047333
6165	6208	1.76262149577175
6159	6193	1.76193161346491
10084	11258	1.7609070377392
6218	6223	1.76083298792819
6923	8625	1.76022457030971
4282	939	1.7593356439226
1329	26517	1.75916461500007
1937	51070	1.75830451507782
4714	521	1.75810535538104
5093	5695	1.75775418702343
6134	6175	1.75760510458531
284266	90338	1.75706708689907
29058	896	1.7568203229227
55142	79883	1.75674771428744
3932	51690	1.75583772747436
6746	8664	1.75555281018681
5576	8629	1.755127553837
2197	374291	1.75419532425242
10462	3109	1.75409421416514
23015	5143	1.75276969256208
2099	6677	1.75252804809081
1212	6881	1.75148999922193
10614	5143	1.75059892982888
51024	7818	1.75040510320396
25957	9583	1.75007418208622
5441	6150	1.74995360653501
6124	6132	1.74944268942982
2971	7818	1.74940816517805
55142	7158	1.7490514091317
11321	79707	1.74902918904758
25796	518	1.74902010446447
5143	8780	1.74857897478282
2766	55240	1.74852250641536
54541	9709	1.74758719872089
529	54440	1.74665374124651
6208	9045	1.74588300985741
2661	56829	1.74578944197146
8339	83759	1.74512551978793
2091	6165	1.74458602096215
51614	6141	1.74445391924524
6433	84172	1.74437181764652
5276	57460	1.74419705093363
226	374291	1.74343420492145
1857	7799	1.7430532396759
6147	6161	1.74264350494279
4820	81856	1.74158884067321
51616	81856	1.74141178555538
10399	2197	1.74123173810983
6130	6171	1.74108619370294
3838	5734	1.74096604126941
5143	51747	1.74096084411018
100272147	79095	1.74066234006195
25873	6164	1.7406235527194
6899	9731	1.74055703120033
55142	9905	1.73976576497323
26517	51506	1.73971921590652
2219	6279	1.73852851959043
6633	9551	1.7377120206722
1340	5695	1.73664417930149
5920	6048	1.73661689930566
79095	8666	1.73620671674156
25864	51070	1.7362034873709
2091	7805	1.73533836146682
388677	55142	1.73467013875931
4753	51466	1.73430858345296
7165	7381	1.73334742849442
8664	8665	1.73307471534594
27335	3932	1.73235832544748
23062	9021	1.73149777007548
2876	29108	1.73116040970944
30851	3932	1.73114312395463
23215	9371	1.72888452756954
6156	6232	1.72855221838483
51690	8409	1.72842505430867
474344	79624	1.72830527199711
3091	5876	1.72824372206752
7165	79095	1.72729943849754
6720	6747	1.72699113615233
154796	9148	1.72671226058086
3002	5551	1.72475217040785
1345	5710	1.72394558119839
3932	4695	1.72300293744836
28981	79834	1.72192356717313
10399	55651	1.7212452136049
23287	27336	1.72118408895406
3932	55049	1.71983892678649
347	768	1.71941277186711
5366	5734	1.71899944504131
158	3921	1.71866764420282
100272147	6204	1.71755297844701
50854	8667	1.71583583573964
4282	7805	1.71527209879846
22848	5143	1.71508433337717
10930	25907	1.71508192738841
1535	5710	1.71394838047272
64689	79896	1.71383949725056
1762	27303	1.71329817843437
1329	8409	1.71235985532024
1659	575	1.71090409780697
27335	8665	1.71025880732751
6204	6208	1.70992732557955
51070	915	1.7093833473416
6165	6181	1.70898430026057
23125	80230	1.70857858848184
5551	9289	1.70821822054444
55651	7818	1.70587707259416
2821	28972	1.70553917856476
1340	3932	1.70489332601269
51070	51596	1.70445281337706
307	965	1.70289236539829
56829	7355	1.70224376850769
1340	6633	1.70202419038609
4332	7305	1.70198260223356
1652	7923	1.70192670633475
28985	3183	1.70068821204567
5439	8664	1.70065745196717
285231	57730	1.70022366703813
2915	3772	1.69980976238567
6049	9861	1.69926423196404
51747	55142	1.69875656386291
7381	8409	1.69792079469749
1329	8666	1.6978886061001
292	7818	1.69694909701867
1937	4666	1.69660751290189
10465	3615	1.69659353701415
171017	346	1.69625614705778
474170	84172	1.69554326704009
2197	915	1.69487681711188
7805	924	1.69465269389151
10393	23287	1.69344729299644
6159	6164	1.6932670553
1622	7332	1.69275545362648
57396	8027	1.69268347531558
11182	942	1.6917336163054
1345	6647	1.69022968433721
3251	9853	1.69015458351536
3576	8870	1.68999136003245
3217	9686	1.68920155387902
55651	79095	1.68870409092839
6206	6508	1.68780157850002
307	5551	1.68741572919692
10016	8473	1.6860230307632
284266	55720	1.68547583578966
3615	51227	1.68543490404655
23764	3309	1.68442262893046
55634	8379	1.68330009732208
26156	27230	1.68302119595548
30968	6742	1.68238790951709
1939	6124	1.68093321576764
10084	79095	1.67971712523784
3824	9289	1.67854123490323
100272147	6146	1.6775963385129
64427	9322	1.67689835955426
3727	6515	1.67669432610634
11007	915	1.67637645178907
6611	7443	1.67605289373693
23215	79883	1.67484812787086
10399	939	1.67430349085928
353	6132	1.67369538539725
4179	55832	1.67341301272105
1937	25864	1.673411883127
4695	915	1.67329321374534
1329	5204	1.67251610572285
3312	517	1.67223996742106
1460	2821	1.67154353896864
56983	79652	1.67043832563272
170960	79966	1.67015120635609
51729	81875	1.66986039015169
4830	79004	1.66980543959495
226	471	1.66827454379776
25873	6165	1.66571279428144
25796	6203	1.66455750489707
6156	7805	1.66387454489661
5228	84901	1.66353667576012
1212	30851	1.66185058564838
10412	962	1.66137633232284
10360	6124	1.66024367561849
6169	6232	1.65944019718387
7818	962	1.65926663687971
51024	6635	1.65782359671654
397	915	1.65727305850589
6173	8721	1.65716638969263
56914	6899	1.65665141276374
3122	911	1.65518282654046
10273	1938	1.65480448674785
1975	25864	1.65419462687654
25796	939	1.65406785418634
11169	6710	1.65357276816422
23521	6130	1.65267117824473
3615	6237	1.65174556390555
6881	9551	1.65159060359185
6439	7799	1.65083910671343
10144	9870	1.65068477706512
6279	6283	1.65058055568077
1337	4282	1.65028078145021
6160	6208	1.65004674470141
8409	9551	1.64847265770208
2252	3310	1.64825825436667
22992	25957	1.64811165899735
4820	84901	1.64659511586614
55343	9858	1.64653829229386
51614	6767	1.64651043782532
514	6902	1.64628468504368
10576	2971	1.64578488863136
27335	6146	1.64562111874426
6181	6218	1.64558514893263
2091	55651	1.64520912098522
4494	4496	1.64512525510656
2091	6141	1.64511804967083
29081	708	1.64425894280898
6204	6633	1.64367249159108
6173	80097	1.64362692700316
23658	4087	1.64354619900583
25864	8667	1.64331747093071
1652	29100	1.64319838282016
3945	6124	1.64283666487952
26986	6143	1.64272184055441
11182	3055	1.64189664897291
1512	7940	1.64103576162797
513	7388	1.63852988418579
27101	466	1.63755298505015
10437	51296	1.63658953312892
10800	23161	1.63568374191346
6146	6159	1.63392836979578
80067	91647	1.63387968800835
26156	6141	1.63346128634373
738	9349	1.63292455496395
1329	55049	1.63252526859848
4666	6165	1.63114648125021
6135	6203	1.6307887958646
25796	4946	1.63061237014116
51024	7388	1.63053452902773
57586	6508	1.63024978580173
23521	6175	1.62898880016009
1577	57663	1.62814231783026
6210	8667	1.62786723684841
11224	6633	1.62779302544064
2971	51374	1.62745966390149
5313	59335	1.62742590761473
6508	80036	1.62717671232835
3385	7805	1.62619209063969
2091	8666	1.62594136007407
10572	1329	1.62579714393913
27335	6165	1.62414128862567
22889	64418	1.62239316596931
6175	6232	1.62233832970658
58517	84901	1.62182391493789
1652	2323	1.6209228503611
27295	887	1.62061668550421
5228	9984	1.62040287487014
6159	915	1.61866201421878
57730	643376	1.61821791829842
10084	11224	1.61797617017972
11224	80097	1.61780074217375
2743	8291	1.61757232355743
2091	962	1.61628356012895
51024	79004	1.61625979720875
23380	29094	1.61606372256661
196740	978	1.61604779351513
4929	9584	1.61596490544277
10075	6206	1.61543060807304
27335	51024	1.61524645072089
26052	79874	1.61405200699441
10572	1340	1.6135531682687
6204	915	1.61328211222715
353	54998	1.61271885043493
10670	54504	1.61252014620344
2740	285596	1.61223769734868
2091	939	1.61184146016452
10084	653784	1.61157677377308
10252	6206	1.61056041773351
3476	8409	1.61019737990119
3932	55651	1.60970296161389
1207	3615	1.60946290368381
4728	6881	1.60850406685138
4724	6923	1.60828856850947
1329	2879	1.60780115584608
6633	7805	1.60777063672693
10181	5586	1.60758016815745
4830	8673	1.60708183405228
55720	9208	1.60654574293817
353	51506	1.60604760893638
11258	51690	1.60522689668938
1629	55142	1.60513915399485
10399	6143	1.60454656955981
27335	9551	1.60438481530869
8666	915	1.60396111580063
6133	6146	1.60377145918039
10632	51024	1.60331724595024
4792	5743	1.60298183982936
3718	7475	1.60295579010878
10209	4929	1.60223216500955
22990	8556	1.60212491349596
4282	6135	1.60163637048624
6167	6204	1.60073660639042
100272147	51506	1.60047352763114
8409	8666	1.60032646998135
3108	3109	1.60011429496205
10987	6881	1.5999445435975
54504	912	1.59984972518723
6746	8666	1.59983399258979
1329	962	1.599774456797
3669	6746	1.59917944270642
25873	9349	1.59916801516678
1337	79095	1.59764370619931
10826	253143	1.59630297144237
10922	5455	1.59460128839332
6137	6210	1.59391276560242
4048	4670	1.59384096585981
51374	7385	1.59382227060909
29100	6746	1.5923110544886
10960	374291	1.59226999493198
10462	911	1.59115072080299
4616	4792	1.5904952364806
104	4891	1.5904144963703
10567	1337	1.58973267838524
10360	6156	1.58967771178894
10137	26512	1.58899985177759
10277	5139	1.58808764427087
11222	5716	1.58805705628938
11224	6193	1.58793421594622
1674	29980	1.58689155553316
5504	64092	1.58666205063503
3665	933	1.58555320552042
353	6146	1.58496381801932
6156	915	1.58403154404793
26517	6881	1.58354021494865
3957	9450	1.58328686242201
2323	6165	1.58253946372122
5245	9551	1.5817514306757
6134	6181	1.58074349021284
10084	5439	1.57995900049018
7127	9308	1.57974241955212
25873	55651	1.57845775768081
10488	29777	1.57842229629373
57209	93664	1.57805891096018
28969	54998	1.57793403076785
1535	8896	1.57500452459091
353	962	1.57432211027122
23633	23770	1.5739037481038
29997	6170	1.57172278088786
23480	9550	1.57111636799997
6310	9197	1.57022368794278
5201	6048	1.57016978359368
10360	1937	1.57003182025104
55720	79939	1.56968702714312
353	6229	1.56943646933165
10147	10658	1.56865560492505
51070	7923	1.568210156492
25873	4282	1.56751909323396
353	517	1.56738151027757
4189	5366	1.56698399670272
8398	9956	1.56677010446182
25864	51693	1.56604269943947
25864	6135	1.56475420210642
1340	3104	1.56443313913666
1937	6156	1.56380757431998
51020	6834	1.56378285420525
1345	51020	1.56358682789086
10399	10456	1.563460656481
10944	3093	1.56214585108296
1337	6628	1.56061826761147
51596	8665	1.56008636880752
11267	5478	1.5582691362966
50488	57787	1.55824323745406
6204	6232	1.55761431609315
10476	4713	1.55676327475647
51690	7165	1.55602738449372
10576	6636	1.55566994687464
10135	6303	1.5554875661201
6124	7805	1.5554570416522
3547	55815	1.5553587789772
10576	518	1.55462487431042
11007	6923	1.5541151908744
1329	27335	1.5520547435228
51596	6203	1.55199253420624
2091	6135	1.5514884733174
10923	27249	1.55148190615055
6001	6124	1.55077274535565
79966	81856	1.55053948088536
28996	7170	1.54995437410589
2661	54726	1.54898135126058
1329	4713	1.54828763339101
3104	57804	1.5482719279336
55651	939	1.54802345281242
79095	8667	1.54749069554941
10914	7323	1.54683517428748
10567	3932	1.54588536411579
1345	2091	1.54578863055896
11272	3783	1.54554944272692
10261	4688	1.54428869479364
6124	6169	1.54298264253173
1340	51506	1.54272748072802
56829	66036	1.54231374808608
51614	6173	1.54188233227875
55729	7248	1.54185384684867
2266	8754	1.54034211588536
26013	4916	1.53905435877924
10437	645	1.53890530187644
30851	517	1.53821284612704
1329	9551	1.53704817707921
6869	8711	1.53607691087849
10107	58503	1.5358685081022
6156	6164	1.53563958028796
1212	3385	1.53537613541213
353	51070	1.53430547109575
1329	79622	1.53413842723688
11224	2091	1.53342597903207
55823	5978	1.53327579556975
100272147	2109	1.53311263413245
27335	6132	1.53279632439768
3684	6375	1.53219280022709
3553	4792	1.53196256734085
30851	8409	1.53159293546178
1847	5366	1.53134472457411
51596	6691	1.53117762524358
10736	2192	1.53061729787989
1622	27243	1.53049390922371
27335	6204	1.53035205160228
55651	8409	1.52996538890726
55096	79883	1.52992913588438
2323	6135	1.52909496355255
51614	7165	1.52868368175644
10399	4728	1.52808128262028
6170	6171	1.52802611014877
229	6168	1.52761573271082
1316	29116	1.52751008603564
1207	6879	1.52715856578773
6168	6175	1.52711924305833
1329	51506	1.52674552270946
10490	3385	1.526163413245
10628	26520	1.52551244687003
55651	7381	1.52550087940214
64784	6932	1.52498872820387
51024	79095	1.52488891450334
6146	6169	1.52475809058778
1938	26156	1.52354340879868
10663	8740	1.52352623797952
100272147	6159	1.52332789081261
10658	388677	1.52291285769133
2323	353	1.52256416272201
1933	8667	1.52199113165919
6144	6152	1.52198091393648
23029	9550	1.5213010318314
27335	51614	1.52111354796957
7320	79718	1.51910480315863
25864	939	1.51847939251464
11044	7536	1.51804263714581
5695	6881	1.51576453839208
4695	5920	1.51503564459037
23353	8795	1.51491557554159
6845	7326	1.51446749543176
10632	8673	1.51426200435152
10875	7305	1.51377671012079
5083	55620	1.51311821236807
7381	7388	1.51273328258572
3597	8741	1.51119087326806
10456	51690	1.51048596532312
6923	9551	1.51024589666097
6132	6181	1.51023290227211
6147	6234	1.51017207464363
55036	9923	1.50954647906714
4818	6352	1.50898144725588
50833	6916	1.50846148365439
10399	11007	1.50761297076799
27230	353	1.5075604003614
1992	51388	1.50653874781811
25796	30851	1.50511641045361
10961	25864	1.50483061012058
11315	27089	1.50242141914366
25804	5695	1.50185642844888
6194	6201	1.50044879803469
10016	81856	1.49997793921956
11043	9703	1.49960923443972
51596	8270	1.49875131671874
6193	7805	1.4982548252859
1674	22863	1.49743734738332
51506	51596	1.49734676665998
1548	81792	1.49673706637627
6168	780	1.49649880814913
1340	25873	1.49647637440544
4282	6881	1.49642172328144
79095	8409	1.49635369502788
521	8721	1.49585803745114
6209	6232	1.49560811991572
148	9797	1.4954612901432
23379	8505	1.49507450328514
51690	6415	1.49490721064443
6633	8409	1.49460984870611
397	79095	1.49399129427797
10462	2205	1.49378215758729
51070	6156	1.49319710893288
23521	4666	1.49310339767231
51400	80007	1.49217083328902
55771	6627	1.49182828532259
25937	64220	1.49052969849764
4666	51070	1.48996012411577
7307	9551	1.48988628916668
22897	8187	1.48974348326668
56890	6426	1.48943710880848
3385	3476	1.4889232760958
3182	5698	1.48821689488304
3597	64231	1.48802838244228
4820	9583	1.48699294246294
3476	6165	1.48677042348667
10875	4332	1.48644451324898
5328	5329	1.48637247604849
51506	8664	1.48615698264653
6124	9045	1.4858867281743
55850	6165	1.48534381899946
26521	63931	1.48441219451871
6168	6170	1.48430065532893
55854	81853	1.48407987894892
54504	9314	1.48265248974983
6152	6156	1.48238843781671
2109	6124	1.48201320925211
6165	8667	1.48195679942057
6137	6193	1.48131423728469
6143	8667	1.48090640787387
6122	6143	1.48038283176039
81631	864	1.47966291070469
23474	6633	1.47958800801055
1340	4282	1.47950209625881
10961	5204	1.47943920976669
6141	79095	1.47917254484847
6633	915	1.47823995516282
6141	7805	1.47794940273823
1155	7307	1.47769608006351
2971	3151	1.47761064126209
11007	9556	1.47701008961272
6137	80097	1.47579829743348
84172	9905	1.47556747865926
51024	51690	1.47524480133698
2197	8665	1.47369530142761
25888	83696	1.47313813981886
22909	7188	1.47211691323065
5037	9556	1.47152495041088
11044	6433	1.47123294389242
5143	6433	1.47092475443139
6194	6206	1.47046507261647
25957	4820	1.47023971694673
4005	7305	1.46996102485644
103910	57862	1.46991236311372
90338	9736	1.46990916844388
1340	8721	1.46928909206321
1340	6229	1.46811949797227
3122	54504	1.46805393660618
25864	6746	1.46783624524498
1548	23026	1.46776162701581
23321	56623	1.46749665183608
7071	948	1.46733688700844
4082	5606	1.46590500433268
23746	6122	1.46586162207157
6173	8666	1.46577236534414
5143	8034	1.46566281931753
2327	9127	1.46472258150949
8440	9140	1.46419246992932
3838	79441	1.46394989073438
3385	4282	1.46365476516084
51596	54998	1.46309365925097
55432	6708	1.46292045753158
11258	9556	1.46281273172036
5204	6173	1.46278181302254
3122	4005	1.4627440104479
10462	6252	1.46270643531468
652	771	1.46267183195022
25789	286	1.46176468768813
1192	6275	1.4608801928686
1345	8667	1.46066601161963
10825	4520	1.45919624423865
2091	79095	1.45868848280918
2180	6648	1.45821156316055
11044	84901	1.45768212525865
6135	6879	1.45671178650466
28974	51596	1.45583961725577
10961	51690	1.45506616173869
7073	80169	1.45450061271059
51070	962	1.45357540499113
1652	6746	1.45294036481901
10961	517	1.45247796092199
55651	962	1.45138072466633
1629	90338	1.450310959077
29110	490	1.45026574032522
57644	7535	1.45001822095593
825	90338	1.44973679871554
6132	9552	1.44901927974033
54541	7128	1.44894082899276
10933	10978	1.44768275857659
199731	6224	1.4470308270277
6122	6204	1.44686895568773
25873	6229	1.44669781135142
6876	904	1.44667723733115
1329	51596	1.44654687575459
26521	79004	1.44636209177669
10314	4217	1.44613096949023
29940	4332	1.4460721473962
10948	79980	1.44516652326852
51070	939	1.44462056563334
25864	6156	1.44460801602032
1192	29108	1.44424683170512
27335	51596	1.44386490887379
2079	51510	1.44373118287209
64759	911	1.44326487305147
1396	1622	1.44288919839179
55680	9913	1.44249814960264
1975	6146	1.44178004669661
636	7248	1.441602937502
25957	81856	1.44119666118436
4282	4695	1.4411559187414
2026	4291	1.44083550555967
293	8623	1.44072240887243
11262	26191	1.4406842050812
6203	6923	1.44031252537747
51596	60314	1.44001073263665
1475	7940	1.43944703587774
26046	4363	1.43789248512038
7404	9086	1.43726758657499
27258	5695	1.43698529093416
321	51176	1.43695038973697
11224	3094	1.4367114615889
79095	924	1.43477946651907
55634	5695	1.43350272954808
25873	7165	1.43336606657513
6134	6168	1.4322880867635
2999	8530	1.43186040177129
6159	6881	1.43123227496635
23521	6132	1.43118798219398
5228	54800	1.43115383808123
51619	54957	1.43016190545689
1263	6650	1.4285875519056
8741	9450	1.42846264397729
3921	6234	1.42836941056409
6229	8666	1.42765085394911
288	5426	1.42719859485264
191	2109	1.42685979253802
1936	653784	1.42677628189557
5204	6203	1.42669388432783
2811	4771	1.42667694420354
25864	6124	1.42596827913725
51596	6159	1.42586422582262
3385	6229	1.42558723214332
4666	79095	1.42514805151847
10598	5695	1.42488425585932
8227	9583	1.42454429769703
1329	6923	1.42392734929344
79883	79939	1.42165898058169
55005	80006	1.42130866569522
79858	9683	1.42123911493174
26128	8877	1.42030078321439
100272147	2778	1.41967796032295
4282	8666	1.41956924673237
3932	8409	1.41813599779244
4501	4502	1.41676182152092
4139	7033	1.41613374520603
10576	7353	1.41546713942348
1340	521	1.41476517782909
10013	79632	1.41463284147123
27101	81853	1.41427379105931
4282	6633	1.41395536979968
7170	79802	1.41290860409633
653784	6633	1.41276241533112
29844	3312	1.4125184968087
5564	80273	1.41207883856418
3553	604	1.41077782611422
1933	6133	1.40908478537365
4830	9446	1.40804504471906
51650	518	1.40788090892902
6229	9551	1.40691855067005
10456	7923	1.40668243245853
6433	7158	1.40641788305494
6206	8396	1.406213363108
6754	85360	1.4057882526941
1212	1652	1.40502468263951
50840	90233	1.40355041346347
5143	9905	1.40287276704715
3094	962	1.40241694444437
1340	29100	1.40239433379915
10455	5699	1.40225347294576
1610	51720	1.40176969767156
1475	3122	1.4010888197754
4694	9804	1.40055743109723
4783	51646	1.40055648521236
5688	5710	1.40024326313329
5719	6124	1.40005162744411
2821	3932	1.40003552820798
509	6921	1.3996251631189
1535	5689	1.39853535524735
10455	26521	1.39798337711519
1535	226	1.39718274388161
353	6159	1.39703745967235
4067	8553	1.39696650002617
6203	7805	1.39690935984928
1329	8664	1.39684712018757
474170	7516	1.39655817803466
3385	6881	1.39434993764864
10432	7148	1.39417662630273
1340	353	1.39393221028278
1488	54504	1.39352532418025
5143	9736	1.39196606489749
79095	8721	1.39134222322677
1212	7805	1.39101470635105
155066	29883	1.39082996229429
11007	79095	1.39051836035156
4666	55850	1.39014474611404
5209	7128	1.3899753871145
23390	7109	1.38946192861119
26664	813	1.38939997938207
1329	292	1.38897420394626
51286	9284	1.38847837338575
10961	353	1.38836820516539
1475	4005	1.3878324560116
6152	80097	1.38775374075681
6146	7805	1.38763144725887
2109	54998	1.38755308530434
4332	8741	1.38737788060043
27335	60314	1.38682238021817
1939	54998	1.38646019492001
26993	5337	1.38442172085041
6228	64425	1.38436814566795
2197	51070	1.38424315861902
8667	9552	1.383813694849
6159	7805	1.38354271914078
27336	3251	1.38342947611181
6208	6232	1.38325236781131
11123	51176	1.38314923244369
4695	6229	1.38239246989104
2109	6923	1.38208482492109
6633	9804	1.38131012674535
6881	915	1.38128778799046
22980	2959	1.38101812166871
51024	9551	1.3806392382254
397	6881	1.37894054291657
51693	54998	1.37857359785778
11182	911	1.37720202405337
27243	5694	1.37697504709163
51070	8665	1.37693693262146
6193	939	1.37602037678539
10960	231	1.37577600773887
3476	55850	1.37521451397977
10465	51596	1.37509859760463
1462	3055	1.37479294023943
10360	80097	1.37435108193023
517	6203	1.37414907564225
6193	79066	1.37414294262859
10084	915	1.37256353553919
6160	80097	1.37211515798182
1340	471	1.37147293334589
56829	6462	1.37144927177167
6263	768	1.37127348472069
10360	3921	1.37124791211321
10572	6881	1.37122942655017
1212	79095	1.37112208530489
6170	6209	1.37081663126412
6124	8664	1.37028689871497
29100	374291	1.36910757537752
3932	5439	1.3690846918974
10476	2109	1.3685809579974
3183	518	1.36818271626544
51070	6135	1.36777812660464
6566	9447	1.3677413772229
23203	24145	1.36755996565455
23370	3399	1.36734793522238
196441	8473	1.36642925572642
1329	7165	1.36634554852189
27335	5439	1.3662298009415
100272147	25864	1.36613897480546
2778	7805	1.36609410680162
4666	6143	1.36600365869946
1933	6146	1.36519710957144
55501	8530	1.36468555996762
29082	6612	1.36456991338485
79883	84172	1.36345241720689
1396	5699	1.36312525762921
11224	6229	1.36300681190114
6152	6218	1.36283375647271
5143	8732	1.36242720745191
25796	4710	1.3619057275158
11224	1329	1.36125610525372
11007	5695	1.36113640274915
1653	6480	1.36088936371233
10399	79004	1.36075022288306
301	64215	1.35939087671787
1847	4189	1.35936952735386
2091	9804	1.35911491762448
10399	513	1.35876763451415
11031	6397	1.35658702172814
6237	6691	1.35633255153516
25796	7923	1.35601575774812
4695	8666	1.35586702053972
11258	6132	1.35318617728888
1629	8780	1.35294931303196
1329	518	1.35195947584053
1212	3669	1.35159394191235
79883	8780	1.35107110327516
2268	5551	1.35092700133448
7805	8667	1.35060093952813
51348	5729	1.35018809763298
10576	4282	1.35013564941916
170960	4820	1.34980195783844
3476	517	1.34978999124541
7381	79095	1.34963649103279
55651	7388	1.34823570072781
2197	6218	1.348186967445
10961	3385	1.34708731705315
51374	7818	1.34674263226851
1462	4616	1.34609833467635
54820	57466	1.34609435990884
3632	958	1.34482498555408
10961	9551	1.34391321463647
6204	9556	1.34386774633033
10399	5757	1.34254302907768
226	706	1.34217345082232
445	923	1.34043961783242
374291	6157	1.34009778277676
6181	6208	1.34002441800906
1738	23029	1.33911558070863
7512	80028	1.33891889547961
29100	4695	1.33884289718859
2260	6439	1.33856794907735
100272147	10084	1.3379531787293
10360	6209	1.33794639427481
6124	8666	1.33762633226607
10456	10987	1.33662508717596
1340	60314	1.33626266544964
11258	353	1.3354844944132
373156	57175	1.33444943117913
1345	6633	1.33440211080867
100272147	7388	1.33416079111855
10412	26520	1.3340508040783
5695	65990	1.33367010918242
10399	3385	1.33330460845924
1672	51397	1.33328164473161
1659	51117	1.33305355121295
11337	2876	1.33246991834563
6201	6208	1.33241454113548
50618	64848	1.33188519235203
10576	7818	1.33136751659997
2987	4713	1.33125346711858
60314	6881	1.33122919985722
10800	2295	1.3301621307904
11267	1329	1.32999922053482
55651	594	1.32873209014287
3843	6402	1.32840579416986
27335	9556	1.32832023396805
3108	57698	1.32805416328192
22997	29974	1.32779998630731
10476	5757	1.32712525161062
3615	51614	1.3254864231054
5198	54985	1.32475514595661
7042	81792	1.3234048126283
6169	6181	1.32325470395979
6164	6229	1.32250363032289
26354	51176	1.32244686489688
1841	2701	1.32221625027225
51348	79158	1.32221304814364
5551	9022	1.32155302432011
6159	6746	1.32070327500034
10399	6141	1.32068261781164
27335	2879	1.32030721143853
1844	687	1.32025337337522
1290	7170	1.32001454755151
3002	4818	1.31978191431166
3838	5996	1.31975624968363
2971	9692	1.31969217647935
302	8766	1.31909890621556
10598	10972	1.31907313962361
8780	9736	1.31906742035225
10209	51526	1.31906277819381
1337	962	1.31876040605145
6141	6210	1.31864313125392
10399	397	1.31853023076358
10961	51596	1.31782786772053
5576	81856	1.31691911005268
10084	9556	1.31624876104002
2879	6193	1.316141743266
23677	912	1.31568086399284
51622	780	1.31505870041102
54665	9950	1.31463302070948
3055	4688	1.31425374649328
4925	57149	1.3140537281335
100272147	54998	1.31404211719036
1337	6157	1.31395778150789
2999	3824	1.31392683549642
51690	54998	1.31342766480426
55651	6173	1.31292618493702
6132	6210	1.31251137907159
57830	7739	1.31160379881089
60676	8780	1.31136853130067
4695	9556	1.31118627769443
5478	9552	1.31062894570673
2969	7170	1.31049016469794
10576	4713	1.30969156861121
518	6881	1.30959560363478
100272147	4666	1.30880205242843
5698	6717	1.3086882220615
50854	51070	1.30756877570149
6152	6210	1.30740642597585
4666	8665	1.30721426453026
1638	79968	1.30656025780596
3932	6881	1.306379542579
26156	6879	1.30589586793269
11224	27335	1.30588560578819
51616	9984	1.30541663522808
51650	6881	1.30519950848207
2879	3385	1.30512602970473
4357	51117	1.30393036782332
23521	29997	1.30386688601701
353	4713	1.30366465918719
5699	837	1.30228216447097
7128	8013	1.30192158225602
5204	55651	1.30131358936166
5439	6746	1.30023234248736
54209	81792	1.29967377551364
3695	51172	1.29962057850133
25873	8721	1.29919453435221
5441	6881	1.2991284905627
1535	8625	1.29910064711867
1043	1396	1.29908136967703
23474	51024	1.29885977892702
10399	6181	1.29841879352799
11267	54998	1.29820245165653
4320	909	1.29744836838871
25796	55651	1.29739988925097
55850	6633	1.29688181628495
1337	25873	1.29668232584729
10456	9551	1.29648881640306
10616	11315	1.29621120508908
5204	6746	1.29602337223776
25873	8409	1.29562643765762
23521	6208	1.29459804058211
3094	9804	1.29348328341514
23072	4991	1.29316225295298
100272147	7805	1.29306940188384
2091	25864	1.29286057450939
23108	54103	1.29254723816029
23594	285231	1.29108144805848
6433	90338	1.29106024905413
3727	7128	1.29077620112643
2879	6132	1.2903113785155
5079	55024	1.29010791345318
56	6508	1.28999931664403
10576	509	1.2898766323023
2821	6881	1.28943756819977
10399	738	1.28930565284458
51024	51614	1.28915326939862
27335	7388	1.28895727263937
10473	5716	1.28880461286397
3360	6869	1.28874829671525
100272147	8665	1.28850236645383
6141	6144	1.28809745461287
6628	6746	1.2878603270942
2879	6229	1.28783918338787
1975	25873	1.2873173215081
25873	6203	1.2869683136519
51149	9725	1.28657301474843
10437	3055	1.28520931463386
4208	9450	1.28498144840554
6881	8665	1.28343579637651
5686	6717	1.28307236471272
27335	79004	1.28278586118937
10724	51710	1.28216260524156
84172	8780	1.28142110703144
11331	6146	1.28090055169843
1603	4710	1.28086652888512
57035	9295	1.28082518298873
4736	6169	1.2807668274129
6173	962	1.28059376667179
353	51690	1.27941683468897
7388	8409	1.2788672982437
6834	9551	1.27805647200552
55196	9738	1.27642862004305
29100	6048	1.27638430985908
27071	79883	1.27623060036832
4666	6156	1.27592458659966
23304	23390	1.27562921046554
10734	7170	1.2755480766348
10475	9371	1.27530476332243
6633	706	1.27490176737816
2879	51070	1.27357072717075
11182	3122	1.27197587370775
27335	55850	1.27140515116745
155066	738	1.27110823807789
10572	517	1.2698126543775
51374	6731	1.26977682885012
1175	1512	1.26932249733348
5204	6881	1.26921203494676
10632	23324	1.26909127068737
26577	51533	1.26894243175039
55850	6143	1.26866142982028
1329	25873	1.26821269146823
6168	6508	1.26789026073249
10875	6252	1.26767651183065
6143	915	1.26632408592277
374655	56106	1.26531686094388
1299	26249	1.2644551578113
11141	5542	1.26419565303178
6160	6169	1.26409500546084
10399	2879	1.26269889255092
7153	9768	1.26192376822908
2197	6169	1.2610056453906
1396	5694	1.26022262046223
5201	6881	1.25967614491918
23215	84172	1.25965934425709
7763	81553	1.25947306651122
91304	9378	1.25923834412546
104	23312	1.25812885073942
10658	9197	1.25810362782312
27345	83463	1.25770646410886
10572	3476	1.25731140017501
6194	6232	1.2569331702157
50509	5352	1.2567355491803
3983	84747	1.25579135916818
1340	397	1.25547099888387
11258	3932	1.25544512152832
10961	27335	1.25512105010182
5204	6157	1.25486520957434
8636	93974	1.25448475130623
1207	917	1.25431600611441
30851	4695	1.25376963562477
10961	55634	1.25287843197848
3615	513	1.25270133609613
1329	1652	1.25228407570417
114548	3553	1.25173303457955
1340	54923	1.25126195076606
3795	51136	1.250925659966
5296	91442	1.25052820994321
2029	7411	1.24945218683772
1622	6881	1.2491046798489
2197	9045	1.24839691418509
23215	5228	1.24831686320889
3394	4792	1.24826637391579
4695	8664	1.24795791622695
6203	7923	1.24743491308481
28958	5699	1.24724701144532
10399	5439	1.24673089546425
1345	27335	1.24627976261024
11267	2091	1.24623776987079
6157	7805	1.24561607255066
10541	4925	1.24519737294783
4650	91683	1.24519383527196
11044	9923	1.24450101325286
51614	962	1.24449210534625
5439	9551	1.24363831339023
4736	6161	1.24332103254274
29940	4005	1.24325828977728
100272147	51690	1.24315973707436
80097	9045	1.24294350262365
2053	6320	1.24263800685328
51070	6691	1.24250794855502
50856	7305	1.24217640613158
11258	962	1.24184539116434
130	8111	1.24070402687558
8673	9326	1.24060180646387
2999	5551	1.24038215070773
1329	2109	1.2402204382156
23594	5205	1.23875824892709
6122	6161	1.23864847604357
29974	5284	1.23794192192132
6748	8721	1.23705656556231
10961	6135	1.23674743983031
64960	7189	1.23669711954509
4926	54883	1.23632135108079
6147	6204	1.23587355851306
51747	9583	1.23547653202957
55850	7805	1.2352561544775
54998	915	1.23440874615351
51176	5125	1.23433321246524
25864	55850	1.2343066209261
51646	694	1.23419719708111
5265	6283	1.23202439963171
284266	79939	1.23183885792311
6160	6181	1.23127086884503
10465	353	1.23030079509669
11267	51690	1.22919343603496
10801	51236	1.22845092645543
10576	55651	1.22812641923601
10456	1340	1.22793824381276
10121	741	1.22780584402894
10490	5439	1.22772642110098
5228	8034	1.22767220659416
4282	8815	1.22731872718522
10328	4099	1.22702761401079
3122	972	1.22644553127686
55651	7165	1.22634858015906
24141	2664	1.22587375542045
11224	7818	1.22563455052695
23474	4830	1.2256105272165
57551	7475	1.22420295223159
51650	6633	1.22392159535392
6171	6205	1.22385077518993
6161	6194	1.22337557565021
4792	597	1.22328387379106
25873	6633	1.22273731951522
3557	50486	1.22268547579699
3385	60314	1.22212744133885
1460	55651	1.22205377216085
57818	6872	1.2219225476884
166647	9071	1.22179517544532
27115	92104	1.22176526349826
6421	9295	1.22132633363723
147179	23116	1.22052076495637
3695	51507	1.22036097856995
10054	23658	1.22016201131345
22809	4056	1.21997561957274
6159	6161	1.21967648702366
55142	84901	1.21942455366267
5436	6881	1.21936648357019
5204	939	1.21888638783927
6156	6173	1.21884494860561
10147	54964	1.21730384586091
2821	3669	1.2172372896251
170960	285231	1.21714294464883
2053	2272	1.21710229522481
1939	6146	1.21708100303963
8780	90338	1.2156994212221
10267	51308	1.21553080522235
1396	27243	1.21520286163333
55771	84901	1.21478232977718
5143	825	1.2147608104985
5245	6048	1.21390643660612
2109	80097	1.21374830497712
81697	9576	1.21291270724192
6210	6223	1.21243873665938
22861	5330	1.21191059087909
1345	8664	1.21189646269106
474170	55142	1.21113430083772
51506	79095	1.2109447111726
27335	653784	1.21085661875875
23521	51070	1.21065158839619
10045	92335	1.21062400778668
27335	54923	1.21051552057659
2987	653784	1.20988012506598
1652	79095	1.20940219606335
1844	694	1.20932623448985
6169	6223	1.20843489717762
1933	3094	1.2084086818503
3727	84124	1.20820017334262
1652	25873	1.20809154956478
50626	5155	1.20771118546388
57551	79939	1.20723102017009
81856	9295	1.20642853632126
51690	55850	1.20627028812231
2197	6223	1.20538465685622
196441	22889	1.20493247568843
25864	3669	1.20433966037349
23114	284439	1.20320529520072
81856	84901	1.20309358870708
28964	6554	1.20303861991837
5691	9551	1.20299896500271
51374	55486	1.20266627167947
51374	5204	1.20172651468868
25796	8409	1.20168837177081
10430	513	1.20155081261606
5734	694	1.20109914439124
11258	7165	1.20049918553078
51596	521	1.20039436398412
4688	8741	1.19865849320957
10147	51747	1.19845996922486
6141	6165	1.19841828716171
2040	7905	1.19832406905084
6647	7818	1.19806926359731
10399	7923	1.19778143381102
2197	27335	1.19663721395484
5605	7317	1.19637304366935
10399	5441	1.19620576892448
6181	6204	1.19610048513182
55142	8780	1.19592239353218
6168	6194	1.19527144584847
25873	6881	1.19520783960334
1340	6159	1.19511778640692
1340	1535	1.19505652841072
915	939	1.19458438719711
11267	653784	1.19439432289485
5143	6314	1.19407763089508
11251	51068	1.1933174992474
2769	7316	1.19322649007019
4695	6203	1.19275090098372
23593	4694	1.1913268397526
10084	6203	1.18928038805115
10632	2091	1.18922348669197
1577	1610	1.18918679790514
10772	6627	1.18871722396801
5479	54948	1.18843152517746
54998	79095	1.18764980493149
6160	6206	1.18753484174753
79095	915	1.18611539471857
3700	57035	1.1860411560266
27335	738	1.18582631445933
1345	51024	1.18553119878434
10514	51289	1.18533756158361
55576	633	1.18510388336218
375057	54957	1.18487328522562
23102	6687	1.18482587609858
4005	6252	1.18431886664994
10658	84901	1.18406488550871
55142	64423	1.18397163918894
29081	6635	1.18387560101906
51286	957	1.18382911531305
112398	80301	1.1837211173702
1537	25804	1.18368772220875
10399	6204	1.18368443330408
51024	7385	1.18350370152032
10923	2313	1.18263604186369
22913	30851	1.18224867108423
51035	738	1.18194463915611
54958	81853	1.1815789266076
22835	55179	1.18118092727441
10576	2821	1.18088877905431
11222	5706	1.18056312183102
30851	8666	1.18049062831841
3932	4946	1.18047710909514
10267	79892	1.18028175538128
374291	6746	1.17977809108442
29940	3597	1.17942240360592
6731	7323	1.1793648300307
7278	79877	1.17892823977741
6879	7165	1.17874684058878
2323	51035	1.17833265031213
688	7169	1.17789009617103
5204	79095	1.17753801440218
3921	6201	1.17723779095658
4726	5689	1.17694426184611
51506	518	1.17690044870201
5193	8110	1.17645124197061
10736	23580	1.17621917066777
2091	51024	1.17618451865778
10632	51614	1.17573049881721
10261	4332	1.17567099367863
1857	4983	1.17418091642564
2353	7280	1.17372521620563
55096	84172	1.17362203572986
2821	5230	1.17290748786229
6152	6201	1.17248838397485
57586	9472	1.17195383596985
5366	969	1.1715704816873
10747	5742	1.17128137686119
6161	9552	1.1711644266335
28969	353	1.17107979467517
11315	5695	1.1710610822192
25957	9057	1.17102722949949
10399	5719	1.17090592803412
6132	9045	1.17082592973338
7109	84901	1.16986510445543
1844	7128	1.16968152075884
51596	6156	1.16900413244056
5688	9551	1.16829017966537
7305	9936	1.16719547674909
51146	9927	1.16703460052151
6167	6176	1.16639114189778
11007	9551	1.16619374234332
6137	64425	1.16571399628188
10456	8409	1.1655913115416
51154	8192	1.16494309758687
471	54998	1.16458383085654
1534	9780	1.16435869252449
55049	8721	1.16406329294599
2712	51299	1.16316915494317
1535	54948	1.16288454656238
11007	11258	1.16277024465915
3122	8741	1.16271468392471
54762	57408	1.16220055425098
10801	2176	1.16192773760578
55142	57730	1.16118860243984
10261	7127	1.16031873942555
51690	8666	1.15962251695271
51507	9482	1.1596112016515
55248	79939	1.15927506743078
11224	6157	1.15911432529256
4695	653784	1.15846021223482
54923	915	1.15844615148049
4282	6923	1.15829034772503
10801	81792	1.15768729859095
11315	27316	1.15715143097728
5366	5996	1.15685991612651
55142	55680	1.1551756537167
9446	9556	1.15492417834284
170960	5576	1.15488937934572
1192	5698	1.15423467194749
4728	55850	1.15402869493469
7704	8807	1.15396641292383
50	7189	1.15395500991151
25873	27335	1.15383318402955
6636	746	1.15357239131355
10961	51506	1.15310862822524
10576	6923	1.15309293288595
652	9706	1.15308160900731
1548	23334	1.15251120083531
5093	9551	1.15210401076147
10147	84901	1.1515434523832
2109	4666	1.15128560603402
1329	708	1.15114698295874
10578	3824	1.15056785371781
2091	9552	1.14921017485782
10360	6152	1.14827072005412
3021	51646	1.14663809392482
1537	9551	1.14641759710205
3312	51690	1.14627723431355
2879	79004	1.14560132624269
3014	9859	1.14540468995388
10567	6746	1.14540064895259
10084	79004	1.14511561972284
55850	6132	1.14504626324256
51614	6647	1.14483942305116
4695	51596	1.14472469893374
2778	6159	1.14464896575634
79017	8883	1.14441883803966
22913	79095	1.14427912452686
80003	9284	1.14356960679218
51596	5204	1.14351922774522
25873	27230	1.14321819908345
7763	9308	1.14228058229917
10360	6223	1.14190660694739
27335	397	1.14105442105037
1027	2313	1.14072522011082
4205	7541	1.1403334969361
7388	8667	1.14031131760996
100272147	5439	1.14028157579329
51650	962	1.14024150918826
2109	51024	1.14015373315303
1107	55153	1.13886059819123
6252	64231	1.1387298677184
3106	3134	1.13844237340971
6314	79966	1.1379419330924
4616	5806	1.13753637379758
509	51121	1.13719711424487
10084	6132	1.13707043373557
27335	6193	1.13675776188385
6146	9556	1.13658284631773
54946	88	1.13656362242675
28992	7423	1.13653741752412
11331	25864	1.13642569782783
6208	64425	1.13557979809978
4891	8780	1.13556159554571
353	6124	1.13526917150842
1329	5694	1.13463501408246
26520	55850	1.13429646307322
10449	55255	1.13423238944017
50809	56288	1.1337555877799
51596	6150	1.13358039097143
1340	3385	1.13323621557573
170960	8473	1.13285673754226
84901	9923	1.13256693203542
29110	64778	1.13255570204363
308	6009	1.13247240281816
51070	5204	1.1315876067711
6633	80097	1.13156082923014
170960	57730	1.1315009762626
2109	6881	1.13107405725016
10465	8664	1.13100022067339
6156	80097	1.13086392665259
11224	4282	1.13053698248722
11267	353	1.13041321466066
55651	9556	1.12966769866606
27335	51374	1.12952965092032
29058	7094	1.12927889412981
158471	563	1.12926852044105
328	8625	1.12860121265611
2040	3824	1.12789688772917
374291	6159	1.12779157834135
11224	6144	1.1272644440808
6135	6165	1.1272189377078
51619	80763	1.12706136671179
25796	8666	1.12705655206265
6173	6746	1.1264678419582
4820	90338	1.12637099871651
10576	3932	1.12608393766423
4714	8802	1.12519539399422
55651	8664	1.12506616614118
55251	55914	1.12480704448501
6130	6232	1.12419696213658
6367	6928	1.12341913054812
6229	8721	1.12334829124422
353	5037	1.12319908644065
27033	57586	1.12274785492201
28969	9556	1.12247590523404
2249	54805	1.12235103565126
5128	5621	1.12203869333324
55718	64062	1.12176751914201
6173	653784	1.12079156551174
23353	51616	1.12054343334662
25864	6881	1.12001260457135
6515	7128	1.11991951715067
10261	64231	1.11972217523943
1043	1329	1.11908004857608
4332	4688	1.11883271838518
4736	6160	1.11833935759038
3217	3882	1.11744901014426
10961	9556	1.11720603870676
1953	9057	1.11705205677602
10614	79883	1.11680212010688
54535	7170	1.1167851826011
22985	55094	1.11674443025794
27098	9173	1.11665987852711
1843	5366	1.11606385299996
23620	57113	1.11501477771038
4915	55576	1.11463173981212
25873	5037	1.11357718115096
27115	57795	1.11340047165369
79441	9584	1.11337524874099
55113	85360	1.11332107243565
3547	6403	1.11330368889387
7165	8666	1.11307308011908
6130	6175	1.11258057092405
10576	2987	1.11253094042459
11267	8664	1.11208657385509
2778	4666	1.1106987223728
4853	9857	1.11047174842071
3557	8870	1.10996909729679
6159	9556	1.10978188479757
30851	6048	1.10954346231324
6137	6171	1.10946991314608
1652	3615	1.10868337293476
23241	26005	1.10850628554662
474170	8780	1.10819994955011
1909	80036	1.10802721629916
617	667	1.10743992708115
5695	6203	1.10708213737306
10972	7386	1.1067615611437
51690	8667	1.1053973702099
2069	3576	1.10512980991616
140461	4705	1.10500568958179
3552	8347	1.10488970893245
5261	7919	1.10472975479009
2319	5293	1.10468497402455
7818	7923	1.10464523320063
60676	9472	1.10450789250172
6130	6152	1.10425409808748
475	55851	1.10408813942053
1340	8666	1.10369039389835
10050	6915	1.10364816829366
5692	5710	1.10347739556482
3553	5743	1.1033592537396
10462	4005	1.10240931927443
5542	816	1.10205861235984
23015	54540	1.10189281649445
51236	842	1.10133774488458
11082	9031	1.10016064271449
2268	5552	1.09977933689465
6633	8666	1.09924498883579
6155	6194	1.09798311513368
23474	7388	1.09760644826494
1329	29100	1.09747334566122
3098	79903	1.09656394290079
3312	6881	1.09644703854571
7165	7388	1.09553782763233
26520	5037	1.09535664775107
10944	28972	1.09534777144475
54558	782	1.09514349830635
25915	7923	1.09514329274131
51650	5695	1.09436874749087
11044	9905	1.09418321439166
2091	6173	1.09414298546079
25864	8666	1.09346827404817
1933	6135	1.09273048889972
10576	7388	1.09267896285621
3002	864	1.0923449180731
2978	3817	1.09136800319818
2091	3945	1.09034750585323
374655	8993	1.09031993962964
10632	80135	1.0901726865807
10572	51650	1.0898854697834
23405	9371	1.08921571059088
1376	79694	1.08898378336495
10084	6881	1.08775400213216
155066	4118	1.08748010107514
6303	7763	1.08728874239789
353	8665	1.08700461776581
27020	27430	1.08698363953191
2091	51374	1.08687955502417
23521	6210	1.08687801344226
2879	8666	1.08673220247012
1622	27258	1.08635886325818
59344	81792	1.08622729834015
10632	8667	1.08614743164167
4695	51024	1.08609788216748
23545	55206	1.08552437841389
5037	915	1.08543749227429
4208	6252	1.08510303959213
4710	5695	1.08497471848416
7923	8409	1.08356553141404
5455	84830	1.08354154864593
51195	60676	1.08316229284556
6122	9552	1.08297160176393
6132	9556	1.08287954460199
79966	90338	1.08237888910445
26521	5699	1.08228959152689
9905	9923	1.08210881465018
6143	6167	1.08151862242405
1535	6881	1.08139028865489
6173	915	1.08087220573131
23247	55096	1.08032234508855
10572	6633	1.08017960440616
6223	6232	1.08013728070836
79987	9328	1.07974064401268
10084	1937	1.07923986760963
24148	4728	1.07920859806102
27175	4880	1.0791286407224
2109	26517	1.07875923679354
10181	8473	1.07836317766103
51070	9556	1.07830635323828
353	7805	1.0776314369776
51616	5228	1.0762095838616
4666	8664	1.07616136038306
23405	4215	1.07608639274865
23390	84901	1.07542887967944
55142	6911	1.07503269884301
6156	8664	1.07427169292647
2323	6203	1.07407655220385
10084	4713	1.07405210237401
2272	26354	1.07351555959369
4694	7381	1.07327177055834
23026	8985	1.0729063353868
1327	26986	1.07205487417535
10360	4666	1.07189859251544
6229	6881	1.07178931883909
23072	60676	1.07066676017904
5204	6237	1.070580342597
1308	79901	1.07042971744509
25864	353	1.06952169461034
53616	7293	1.06942501864013
1340	9556	1.06928353765702
5734	969	1.06898223336729
51596	7388	1.06893150479889
205564	23511	1.06865620222517
292	7923	1.06842031389639
11224	8721	1.0680866683474
4013	55879	1.06793323521744
10016	388677	1.06769275914053
11098	9289	1.06738885386882
4282	51693	1.06716421698072
10054	1353	1.06706449512827
2091	55850	1.06658997162553
26137	51616	1.06647230409505
50832	5608	1.06637451869604
375	391	1.0652970456801
27230	900	1.06528445696145
5364	9436	1.06519199366974
27101	51184	1.06503675955198
10960	6746	1.0650327972685
353	8667	1.06496322118653
23247	7429	1.06467337556597
4776	79188	1.06418750352833
4695	60314	1.06408372850905
6137	6165	1.06380659556645
2294	63827	1.06350795580478
6122	6232	1.06325482305742
6134	6170	1.06295079901261
3055	7127	1.06273215301771
4222	7743	1.06221107715634
51690	939	1.06184307714078
2995	55850	1.06180094628527
10084	51690	1.06179425049126
29113	4351	1.06050353008743
10261	8741	1.05960944518776
3615	7388	1.05885206523181
11278	80745	1.05870837568884
56	9021	1.05863860031516
4736	6218	1.0577340738633
10450	2197	1.05698846682989
51596	915	1.05638869478108
6147	6232	1.05620170638365
1080	55684	1.05574195660351
11267	26517	1.05537195907456
55620	6154	1.05487220479321
1290	9392	1.05478736310976
18	55720	1.05410253894301
26517	6159	1.05404685726959
54998	5757	1.05395222564415
1212	6203	1.05389506127119
4891	5228	1.05383071075322
6881	7388	1.05354988576084
6141	6181	1.05301159858354
3945	51241	1.05277067347138
5688	5901	1.05233836496578
2091	7388	1.05148399776617
397	55486	1.05138001764018
10690	6664	1.0505391672753
1548	6439	1.05015297609147
3490	3684	1.05005751565949
5143	84901	1.05003397458158
1937	50854	1.05002357372841
10399	51614	1.04952892965856
4713	6923	1.04928229213154
26207	4925	1.04866243383259
4695	518	1.04754508208699
471	79176	1.04749522016084
4282	5230	1.04728994529041
4680	6519	1.04592779193685
11224	7165	1.045539960624
10490	51506	1.04544001033677
3945	6001	1.04441784762801
23353	55096	1.04415887935803
10875	9332	1.0435439562595
6159	6203	1.04299095125237
353	513	1.04277185709444
133	3576	1.042211159173
5493	57038	1.04187940140364
79153	9747	1.04145365252339
3921	6204	1.04108434059841
4694	6633	1.0408139642129
6193	6746	1.0404563439226
3308	8473	1.04039854910105
2920	3553	1.03951103132235
57795	6769	1.03939103094193
4184	56	1.03895973140634
10456	55486	1.03866193571031
3385	3669	1.03845033503477
10399	3945	1.03817533972974
942	9450	1.03804961005319
5078	6534	1.03801912431897
51506	6159	1.03786472672831
2323	25873	1.03739108171666
1938	5204	1.03736539813081
26532	8324	1.03678352922759
6141	6204	1.0356062344512
4736	6204	1.03546802982817
51690	962	1.03544040304092
4694	8409	1.03526271539404
10399	6691	1.03479427119702
7305	9450	1.03442742948199
11267	9556	1.03436680839697
8664	915	1.03398640403619
339229	6881	1.03186835098631
10270	1610	1.03100464842685
6193	6218	1.03093483577458
8666	9349	1.03039570985362
677	79573	1.02874970447521
23474	5439	1.02811718690234
6124	6203	1.02804409955662
53827	6157	1.02787089940608
217	7045	1.02749760096059
10950	3091	1.0265662220718
6150	79176	1.02655623426783
6229	79095	1.02639796093614
10443	51306	1.0251929965818
55651	6628	1.02519142042092
2767	6160	1.02501674175542
293	65003	1.0242635641475
10235	1606	1.02389125132696
1953	9575	1.02361055731683
10632	9804	1.0231438964834
3055	55819	1.0230960144008
6457	9797	1.02302636246597
4598	54957	1.02205351408865
10849	79974	1.02148994506374
11315	6229	1.0212984512097
10107	23139	1.02121637971716
80763	85352	1.02079427170417
1192	5699	1.02040628205598
100272147	4694	1.01942157324231
6130	6161	1.0191914450519
54834	93081	1.01874064524205
6175	6204	1.01871921621271
10252	6168	1.01818881571922
57187	8398	1.01801542048234
10409	3055	1.01796435812698
10360	6204	1.01725673672197
3669	6881	1.01701960232645
79050	79818	1.01693298388354
27230	55651	1.01607531874341
60561	64062	1.01578412464526
1535	509	1.01574636282171
1345	4694	1.01509142837508
2091	7385	1.01504421881327
10412	9804	1.01501887410117
170960	55096	1.01482409998062
5586	81856	1.01465151299065
4113	79802	1.01398359752407
6159	6173	1.0134297550848
2109	653784	1.01327121011707
28985	55651	1.01317689839065
51506	6633	1.01281585046636
2176	51236	1.01236562922146
23015	6314	1.0122987997705
4282	79095	1.0122579364808
25873	7923	1.01131540839889
3445	4821	1.01101372326757
6001	8667	1.01054767831749
25873	6879	1.00995301233088
10181	9583	1.00960541785578
3772	85021	1.0093984913479
60685	81792	1.00922005582649
10159	10175	1.00823155764682
55908	83734	1.00806320024019
10875	26509	1.0072118853875
1537	5093	1.00696670755778
1329	6628	1.00678463625964
6124	7580	1.00669051777022
4772	6869	1.00569616688142
1936	6181	1.00556392411924
55651	5695	1.00543687232713
1535	837	1.00536337494507
6001	6165	1.00536335228824
1632	9446	1.00530384362429
10430	3932	1.00441059437661
51506	6923	1.00432073280899
25864	26520	1.0042742520444
1378	9659	1.00395476955941
54998	6881	1.00308828834465
29086	2987	1.00273280268584
27336	515	1.00248337794897
10695	847	1.0024219084421
10409	10437	1.00236903912487
2879	353	1.00231408929364
10285	29957	1.00200010113197
23189	54834	1.00198361312886
84901	8518	1.00181499927545
2846	55287	1.00160660042104
4694	6834	1.00155227682207
66036	84172	1.0014269835084
6147	6206	1.00081112821957
23215	57730	1.00070955929414
1938	25873	1.00070297176364
22877	51027	1.00049337144856
10682	837	1.00047159098634
26517	80097	1.00013200808663
