1915	7178	2.90766407025221
6205	6210	2.90691415124189
567	7178	2.90684911023652
10376	84790	2.906331951352
6279	6280	2.90619798092292
6156	6206	2.90585560921991
6143	6201	2.90575126650368
2717	7296	2.90544606839342
10075	7178	2.90500718543624
6176	6232	2.90436962784539
1645	1646	2.90400466584136
6156	6205	2.90384956986921
1915	567	2.90331972415296
6205	6206	2.90313082025482
6227	9349	2.90312517934242
6156	6204	2.90309408930971
51768	55699	2.9028312472019
6204	6210	2.90266574188841
6146	6194	2.90242307429952
28959	55365	2.90198117530156
6160	9349	2.90167696479794
6122	6204	2.90159337651403
11311	29081	2.90149288303965
6161	6210	2.901474584876
6158	6160	2.90091279788004
909	913	2.90084917100151
6156	6228	2.90062843934417
6204	6206	2.90037892324677
29081	92579	2.89997943618597
6161	6228	2.89934623285509
6204	6205	2.89892603573862
6194	6201	2.89874567348427
1154	4128	2.89844579788078
6160	6167	2.89834153607929
6194	6206	2.8983076922228
10075	567	2.89807580123375
26355	27068	2.89774611393676
26986	6156	2.89772573015701
6156	6164	2.89750039370658
25804	29081	2.89741493129889
203068	26355	2.89702887660327
3106	3107	2.89701173501242
6187	6222	2.89635554903688
6164	6205	2.89516967511945
6156	6161	2.89500224936766
6147	6169	2.89478168934373
6129	6146	2.89457054457058
26986	6161	2.89446172909524
6176	6206	2.89440415456044
1175	51192	2.8942337301427
6136	6204	2.89421211521383
120	5175	2.89411092730192
6160	6194	2.89406303959128
328	8673	2.89356673862458
6204	6228	2.89348141146408
6201	8667	2.89256652970715
6161	6206	2.89236680123456
1213	83877	2.89217819998451
6136	9349	2.89213696380296
6206	6210	2.89207990740967
6205	6227	2.89154146393229
6160	6206	2.8915356862591
6147	6161	2.89123793057501
6136	6210	2.89071522360271
6138	689	2.89067015243677
6152	6201	2.89048504405842
6168	6228	2.89006834702041
4736	6136	2.88926101344416
6164	6206	2.88925623726344
29081	57107	2.88911637772998
4501	4502	2.88897464262026
285343	55699	2.8888829904791
6129	6194	2.8888083218561
6161	6204	2.888692745251
51367	92579	2.88852574002868
6210	9349	2.8883023132317
26986	6168	2.88810391393184
7846	8673	2.88786333280581
55017	9276	2.88699147199511
285343	51768	2.88666737166448
6161	6205	2.88626114816957
6156	6210	2.88459583648294
26986	6228	2.88419478303766
6161	7311	2.88374633266884
6205	9349	2.88371601198273
11222	55156	2.88366156827074
54675	57380	2.88349947765339
6201	9349	2.88316141125594
6165	6201	2.88196450356275
6204	9349	2.88174689460032
11311	64976	2.88173927094895
6156	6170	2.8817034389786
6161	6201	2.8815664564213
6164	6227	2.88149408572477
6235	9349	2.8814035538976
4128	8566	2.88131141798
6205	6208	2.88071898432694
114769	834	2.88070092354201
6170	6176	2.88064476935926
28972	64976	2.8806358127453
4666	6129	2.88043729732381
131118	84661	2.88033907286924
6156	6194	2.87976578689454
6160	6227	2.87964745208184
5228	90338	2.87950038648665
6165	689	2.87926306344726
6155	6205	2.87919834628626
51192	55972	2.87837973816797
10075	2512	2.87827547854762
51374	8673	2.87823972775369
6143	9349	2.87819291542722
26157	5934	2.87797000859047
11311	25804	2.87740578282523
6205	6235	2.877329191992
6138	6165	2.87701121385322
128240	285343	2.876716007475
6138	6201	2.87558158296167
6204	6235	2.87538077341945
29081	54675	2.87533412660622
220213	388	2.87495799228624
1175	55972	2.87460924048186
29081	51367	2.87444884905284
11222	4706	2.87392770046634
6156	6235	2.87389438194891
124512	79161	2.87362123889482
6206	6228	2.87309592306422
140707	51768	2.8730405816508
1728	2730	2.87300187789779
6136	6161	2.87295062051469
2717	8564	2.87277412364553
4097	8878	2.8727660494171
11222	115416	2.87254692762154
10935	29081	2.87251723806192
6187	6209	2.87168350261822
6206	9349	2.87167646697463
4736	6201	2.87069160016137
6158	6217	2.8703469397658
6122	6156	2.86995243362129
6799	6817	2.86970036427752
6156	9349	2.86872614707926
11177	26973	2.86861924971798
112616	4668	2.86842202083148
11311	4668	2.86802869425408
1737	8803	2.86689581421182
6165	8667	2.86677442057719
51768	54675	2.86573619267321
6170	6228	2.86504137850199
6170	6232	2.86487606018137
10651	152100	2.8646416842476
29108	397	2.86448846749843
6160	6205	2.86298233036956
6165	6194	2.86253162479983
6204	6229	2.86241878357741
6170	6229	2.86087315850088
54675	55699	2.858997486806
6159	9349	2.85891102532683
51071	55699	2.858725880483
2359	30835	2.85806499670693
1915	6229	2.85781807209577
6138	9045	2.85755344229561
10808	1476	2.85748093348269
29081	64976	2.85711968967514
28956	51024	2.8571051032124
374407	56	2.85705675270868
6160	6217	2.85621181024274
55699	84661	2.85613792421209
6122	6206	2.85611433297231
10467	29081	2.85545663235209
4084	57162	2.85507645554381
6206	6208	2.85288182751337
29081	51071	2.85270641257311
10075	1915	2.85255262831475
6164	6210	2.85240220976092
6143	6161	2.85202801359943
152100	79017	2.85184948509328
6159	6205	2.85147286490665
11311	84064	2.8510296778686
6210	6222	2.84807010812318
6228	6229	2.84789310894182
6161	6222	2.84787988518174
6160	6201	2.8475907343951
28972	8673	2.84751263715619
4666	6165	2.84728196342273
10209	3133	2.84720605414028
4666	6146	2.84651866134407
6122	8667	2.84576565464378
51368	8673	2.84529330598584
6135	6194	2.84507183599032
1465	29081	2.84492560523492
1476	55017	2.84460006236624
115416	4706	2.84388123504694
54675	84661	2.84387382551989
6138	8667	2.84337680281915
6204	6222	2.84269452162989
6146	6155	2.84263850463797
6201	6210	2.84209679074825
51495	79017	2.84154456201638
6136	6201	2.8412535434515
29967	7699	2.84121761624937
28985	64976	2.84073916146366
7127	8303	2.8402032340516
28972	51071	2.8388784841822
11112	285343	2.83854090501591
57380	84661	2.8382916057994
29126	84102	2.83815732174512
26355	79630	2.83788078429282
28972	55699	2.83709547865877
10467	11311	2.83647893258564
6147	6222	2.83645765641378
153241	54664	2.83627588313487
5707	8564	2.83550458046082
6156	6208	2.83520614153969
6156	6176	2.83475133583114
1175	29081	2.83420740558693
7296	8564	2.83357304492444
6167	6176	2.83341256479487
28956	8673	2.83324207012063
2130	3096	2.83305287866595
689	8667	2.83220373352778
6227	6235	2.83188181880109
2730	5663	2.8315442787156
6143	6152	2.83110561990393
6146	6160	2.83083744453672
2533	831	2.82995341261483
6138	6142	2.82950203509921
2	54209	2.8294262572906
6147	6204	2.82924867344311
6122	6194	2.8290710713128
1843	196383	2.82845354927572
6171	7178	2.82748214051402
6168	6204	2.82711621712847
81602	9368	2.82696305882168
55347	79017	2.82627359970199
51071	57107	2.8262497806786
79053	8898	2.82612718939923
6210	6227	2.82577546928186
6201	9045	2.82537400874287
11311	51368	2.82423732704559
6206	6227	2.82419736552711
6206	6235	2.82412122839294
29081	6117	2.82398285273561
4736	6147	2.82368689699743
10476	64976	2.82356497926719
1207	55699	2.82333222257269
29081	84661	2.82281651044862
51692	8883	2.82190096910745
286148	55266	2.82156128495469
6201	6204	2.82094816564993
6164	6204	2.82093020079692
26986	6204	2.82025631755306
1465	55276	2.82016019072634
6155	6156	2.81992017408413
6159	6227	2.81947405249281
4712	79876	2.81913136357506
1175	64981	2.81850005433323
6201	6227	2.81727133980042
26986	6147	2.81662338155572
64968	6526	2.81627481064759
6160	6210	2.81626422911014
54675	83752	2.81612503895839
2359	4360	2.81593645895165
79017	83695	2.81538785776006
10935	51367	2.81466319416061
4074	6767	2.81220616497593
1329	64976	2.81150519252547
6136	6235	2.81086306186034
1915	6171	2.81082890665589
162073	7532	2.81072040221014
6156	6160	2.81000816206986
440574	4704	2.80994288538081
54675	57107	2.80837662478674
51024	8673	2.80745579747088
1175	4722	2.80737786361542
10184	4128	2.80701452782398
10935	25804	2.8069774062771
5997	6653	2.80659523651776
6156	6201	2.80623793523701
6136	6205	2.80569567969352
6156	6229	2.80559906834104
6143	6227	2.80531202471687
6210	7311	2.80461575301917
131118	54675	2.80427921262633
4736	8667	2.80342770790528
285343	58478	2.80222909318407
6147	7311	2.80216405073716
10598	3320	2.80211980061517
64976	64981	2.80147870143463
3417	54209	2.801427999026
6168	6229	2.80117933437352
6138	9349	2.80071351984139
6160	6164	2.80067521296173
11311	8673	2.79989545361295
1329	4714	2.79964936278976
285343	54664	2.79943050334683
6204	6208	2.79932616617272
6161	6169	2.79930304504238
4496	4501	2.79885186827596
6155	6160	2.79885018773348
6159	6210	2.79861637768289
10476	4722	2.7983692850877
6161	9349	2.79505580455148
1915	6232	2.79482881346776
51193	8125	2.79335236912078
203068	27068	2.79228553880772
112616	8673	2.79203952103447
4708	78988	2.79099468034983
5707	6426	2.78891608156552
6171	6229	2.7885669802705
6122	6210	2.78855773020942
6161	6194	2.78838865392447
6147	6209	2.78837862403784
79017	79053	2.78803674751425
55699	8673	2.78783705752073
1465	25771	2.78758225871139
4074	55017	2.78745633482326
27440	29081	2.7866898800049
51768	54664	2.78658554810644
26986	6205	2.78635090024651
6146	6167	2.7862977445938
26355	51495	2.7859248076281
25771	285343	2.78554005093218
5209	64332	2.78551797116771
6155	6167	2.78538930681771
6158	6167	2.78475347719825
5663	5868	2.78406980224854
6170	6206	2.78268337995271
79068	92579	2.78180751837242
27068	51692	2.7811740132673
11000	84817	2.78117378370699
23760	9352	2.78045531695516
5934	81611	2.78028512916214
4709	55156	2.7802021484743
4522	51768	2.78001535226272
6152	9349	2.77964149283655
6160	6208	2.77948291037575
6167	6208	2.77894586756781
6147	6187	2.77889697137906
8667	9045	2.77886840949822
6147	6156	2.77865786328878
6117	64976	2.77846960296513
1725	64745	2.77817530593563
10651	5955	2.77811846205815
133619	1737	2.77802474040129
285343	56672	2.77613587229417
83752	84661	2.77544317471048
10075	6234	2.77528499954088
152100	28973	2.77504532015672
100303755	29081	2.77501524159418
54583	6342	2.77470552676441
6155	6194	2.77460860867749
6228	9349	2.77450441081093
64976	84064	2.77432190866756
3842	7296	2.7743072456418
64976	8673	2.77318687144592
25804	92579	2.77312700101839
4775	55972	2.77236584951496
1207	51768	2.77214383014062
10467	25804	2.77140221132709
26355	9793	2.77052452989505
162073	4128	2.76908245956268
56254	60488	2.76869809267901
4712	51192	2.76855912805668
10935	51071	2.76701570497346
6142	6159	2.76470144142266
10376	64976	2.76374914715275
6209	7311	2.76330388411849
6136	6160	2.76326119843058
6194	6228	2.76298062103379
6156	6168	2.76219030028231
6158	6206	2.76053748555974
64981	7846	2.7597695055892
26275	2653	2.75964521190055
6229	7178	2.75943317367438
51692	79077	2.75868305034863
1154	3987	2.75808806963295
2730	63874	2.7575384117337
5873	63935	2.75729745300499
29081	8673	2.75721294722041
51768	8776	2.75614097941946
4666	6194	2.75592022441603
6210	6228	2.75539688185289
131118	29081	2.75512064503294
6194	6205	2.75436944592481
60488	79876	2.75333808955377
7311	9349	2.75330680029094
4668	51368	2.75302914387859
6155	6206	2.75296505637422
29085	5245	2.75211107496292
100170841	84102	2.75208926439659
23657	7295	2.75149789216653
29081	4712	2.75141001292192
1601	170371	2.75077814095119
150684	84064	2.74978954078303
55364	58478	2.74946848551854
140707	55699	2.74906991435251
10651	8898	2.74775585126275
6156	6227	2.74738148288326
28972	51374	2.74686047758891
6205	6228	2.7467864442209
6136	6222	2.74672314871608
51071	8673	2.74532553038604
1213	1476	2.74512025648237
25804	8673	2.74459889536378
1154	55917	2.74441734188293
6122	6208	2.74438527153597
1213	55017	2.74426353790742
23514	51444	2.74321913725421
1175	64976	2.74264721743681
28985	78988	2.74196928237996
28972	4711	2.74171721945778
1069	92579	2.7411323372633
6146	6208	2.74083447814071
10430	92579	2.74011275102625
84085	9969	2.73911985950923
54664	55699	2.73898705656826
6122	6201	2.7387870573255
6122	6136	2.73855276775271
55276	57107	2.73841390299633
10476	125988	2.73823141579007
6138	6152	2.73801580828481
6155	6235	2.73705391565468
4720	4722	2.73656563219861
11112	286148	2.73631487743655
29886	84102	2.73555445969483
30835	80270	2.73439874893975
4736	9045	2.73404030279081
115207	4332	2.7339233269018
28956	28972	2.73385308472659
10531	2730	2.73383486894758
328	9158	2.73382226540682
1465	64395	2.73316784123055
6142	6217	2.73273074022988
10651	8803	2.732553771415
6206	6229	2.73230019799348
5868	8439	2.73184184694011
210	387921	2.7315148007123
1635	94107	2.73126480918167
6146	6206	2.73119157069221
6194	9349	2.73074336362505
27	7532	2.73011053024461
689	9045	2.73002880848479
6158	6176	2.72974422924116
1234	6383	2.72964765029343
6152	6165	2.72923108326167
10935	11311	2.72842022676971
6161	6235	2.72777688036802
526	57403	2.72775169217172
11112	56672	2.72759570953698
6160	6161	2.72731141514987
6143	6194	2.72679629436315
125988	4722	2.7254852863565
10673	84282	2.72537045396319
6158	9349	2.72527173161624
54675	55276	2.72420593343544
6155	9349	2.72367591380668
27	29886	2.72366968220966
286148	56672	2.72359185483951
55027	84967	2.72316099631983
6136	6206	2.7231440969527
51360	79017	2.72191607016578
6122	6161	2.72163205448782
4736	6161	2.72118356459016
4736	6143	2.72073846892789
6714	8877	2.71967801496632
4704	79876	2.71965963219414
10184	7532	2.71869908795592
374659	57446	2.71796924237506
4190	51248	2.71772220387912
28972	84064	2.71770106944518
140809	6836	2.7161749317684
23184	55347	2.71556070121921
1329	509	2.71525773745837
4128	7743	2.7131811960537
2653	85013	2.71284482854733
25771	55333	2.71206011371513
152100	55347	2.71159415014497
6128	6129	2.71109781109928
26986	6229	2.71040836220544
1207	51024	2.70681374304168
28972	29081	2.70582730453368
6147	6210	2.70502381937789
51071	51768	2.70390994924847
11080	5868	2.70369377361492
4668	64976	2.70344157102362
6143	6210	2.70295636084586
1559	56	2.70286626882124
10935	92579	2.7025393163482
6136	6143	2.70237920202376
27072	56672	2.70146712665442
6228	6235	2.69964432135901
6208	6210	2.69817595176858
64976	84661	2.69796395297875
6155	6204	2.69793424730085
2512	567	2.69775294767806
6143	7311	2.6973483539802
25804	51368	2.69665146132837
6229	6232	2.69620198284492
27068	79053	2.69580800223774
6160	6235	2.69556776121955
27440	92579	2.69529104605501
6143	6160	2.6948379755154
6160	6176	2.69430736873714
1915	6234	2.69339958329438
57446	8776	2.69299404460401
1476	7360	2.69298533332585
1353	54664	2.69170663561426
1175	203068	2.6909714315403
6122	6228	2.69077878854862
6147	6228	2.69031691888791
6208	9349	2.68998264818148
6155	6227	2.68980539147167
51768	84317	2.68974836690637
1798	51367	2.68933299659257
10467	64976	2.6893074297443
28972	84661	2.68898391874037
23076	54209	2.68876484209545
10651	83695	2.68851621064426
4302	6310	2.68832038014546
124512	280636	2.68813854343426
6194	6204	2.68696312114264
1154	8566	2.68597718805526
26355	7037	2.68562448770811
139341	4190	2.68548999463957
4717	8802	2.68425588389235
51367	79073	2.6830790212801
3417	51495	2.68305050978917
1329	64710	2.68250851437574
6156	6158	2.68230207493781
10075	6187	2.68129837023144
6158	6194	2.68099570357369
112616	11311	2.68099086306758
55266	56672	2.68030314249599
4704	4712	2.67781788165014
2653	79017	2.67735571415617
4666	6138	2.6773414459961
120	401494	2.6770859237385
6143	6156	2.67675118195568
27068	8883	2.67623727173264
285343	51071	2.67522108506873
6136	6227	2.67501052010148
55017	7360	2.6742235022868
51495	55347	2.67420577837753
1353	9779	2.67386399114715
29081	4738	2.67263889322736
374659	9488	2.67236071945117
2971	328	2.67219192725786
397	55313	2.67192204260227
11000	51081	2.67177135585765
4708	4722	2.67112848847931
7295	8564	2.67026629768005
4704	5245	2.66963942832108
11080	84085	2.66876344734975
26986	6170	2.66851639221058
6165	9045	2.66825415445564
25771	58478	2.66808531096329
6117	79415	2.66784447883339
128240	84661	2.66771237834727
10476	29098	2.66761043288307
4736	9349	2.6667679742483
11224	6201	2.66661638992982
6160	6204	2.66638135826962
11311	7846	2.66563422044824
84102	8651	2.66412141072501
3417	51393	2.66392573905935
401494	5175	2.66248429925677
54497	8673	2.66216411663824
1936	2197	2.66196181221549
4711	498	2.66187827815391
145389	2960	2.66133414141529
51172	9703	2.66128441209819
54664	91452	2.66112589328852
4775	51192	2.65939989842496
374291	509	2.65918863064675
1601	55017	2.65858290067769
64710	8673	2.65758048488941
1559	5675	2.65526417493011
6135	6206	2.65495785560281
6158	6203	2.65404873294638
522	79876	2.65362942612703
6143	6169	2.65289326463755
6171	6187	2.65218353326477
29081	55972	2.6521730928902
26355	4709	2.65150084211843
100170841	56938	2.65148866462846
125988	84313	2.65072318406618
64976	78988	2.65050983827365
10513	64121	2.64921205506449
1798	29880	2.64786495048535
51367	57107	2.6475798965558
29081	55276	2.6472579542828
1737	522	2.6469126414669
55347	79053	2.64640639132007
1441	1475	2.64327004721069
4736	6152	2.64114666990456
26986	6210	2.63857691209035
29108	4005	2.63820859014281
567	6171	2.63731083039186
4712	522	2.63678066288936
6143	6147	2.63669671240905
51768	84661	2.63661301381452
51768	5634	2.63656448184439
170371	55017	2.63578369239586
11311	64981	2.6351897219355
6167	6206	2.63460439438227
51071	7846	2.63274382759616
56833	9793	2.63173282138577
509	5223	2.63130440299865
55699	84317	2.63122920155351
10026	81533	2.63089483222377
1353	9488	2.62899461516599
4711	51374	2.62837068557073
253782	9166	2.62826769556435
1635	79161	2.62707377324241
397	81611	2.62688232193295
1329	51253	2.6260616337099
1892	9703	2.62567681611113
6138	6160	2.6255146715672
6155	6201	2.62518974078415
285343	55266	2.62514055387648
5187	63935	2.62506737301169
26986	6206	2.6244055040537
6168	6206	2.62422955076305
150684	64976	2.62362239141611
285343	80856	2.62266077658832
116151	2319	2.62198465802147
6206	6232	2.62162872792228
6164	9349	2.62159299742461
51367	5591	2.62076026913916
128240	56672	2.62025272394277
1207	26268	2.6202098604355
6210	6235	2.62003613083704
6135	6167	2.62000498608092
1798	5245	2.61991758998926
26986	6164	2.61978792579253
11123	23171	2.61972688653472
3987	4128	2.61937019839745
6117	94107	2.61809434165402
11311	1175	2.61808266153701
28956	51368	2.61703381582171
6342	8801	2.61700016249452
79017	8898	2.61694351703825
2730	3301	2.61668286614049
22808	51603	2.61658078271547
55706	79053	2.61642428614185
51768	57380	2.61516629146245
51649	51692	2.61469399952415
27089	64976	2.61261301387323
1329	64981	2.6121576865331
6168	6170	2.61197553235283
6201	6206	2.61188281358511
1465	57107	2.61110303711871
145389	9240	2.61095975724599
57107	92579	2.61006533565197
29081	55699	2.60985291075443
8836	9043	2.60948264970104
51768	55266	2.60870803327372
4720	64976	2.60776121989323
163486	4360	2.60765926894548
54840	84817	2.60756409706299
27	7295	2.60737069134135
200933	9724	2.60714562516771
25771	29081	2.60670796307813
10651	27068	2.60609863765123
6129	6165	2.60585760174043
10135	5142	2.6058222887399
6201	7311	2.605283112464
6169	6227	2.60409282508621
6161	6187	2.60297555340856
128240	55699	2.6018829148756
125988	64975	2.60085253182737
6201	6205	2.60021374810795
4191	4712	2.59997561131592
10935	54675	2.59929191740977
152100	26355	2.59768040735278
6143	8667	2.59748395818933
6201	6228	2.59733978333906
5550	84274	2.59663430149711
6143	6204	2.59651899765923
30835	4360	2.59612682477771
4709	51081	2.59562783487199
11112	55266	2.5952002235188
55266	84191	2.59449766204538
28956	64710	2.59444822068954
6161	6227	2.59432061618285
57446	8673	2.59283452254242
1545	23657	2.59229820389007
25804	57107	2.59208874079947
80314	91746	2.5904594566129
6204	6227	2.59045117798788
6122	6146	2.59009558145339
1154	7752	2.58950312858676
6194	6227	2.58921000742982
6164	6167	2.58844930219472
285343	84661	2.58738988043319
51768	83787	2.58732861984374
4738	92579	2.58679055199709
6117	79709	2.58628043959607
4666	6128	2.58568834827638
64710	85437	2.58525998622269
26157	81611	2.58523521941436
140707	285343	2.58386782785937
100113407	51444	2.58281101923521
2287	404672	2.58241515476598
29081	51192	2.58190642188416
283431	4128	2.58162724166306
51022	84912	2.58141032453208
6161	6229	2.58111694297589
6158	6227	2.58107998718922
6133	6176	2.5808118413409
4528	51649	2.58025044863083
285343	286148	2.5798237482855
3091	57162	2.57880707278573
57446	9488	2.57880688209055
6136	6147	2.57875102545141
6136	6194	2.57850322005102
11034	26355	2.57675238910187
6135	6146	2.57632895825944
58478	64395	2.57567233127427
27072	51495	2.57561700798707
140885	2717	2.57438338747841
10975	1329	2.57322032883823
10362	26355	2.57302295012141
6117	64981	2.57266233759663
23530	81533	2.57110322195956
51360	8898	2.56919779285145
10651	1737	2.56895861157672
51071	51374	2.56800387064957
6143	6228	2.56769837623462
6152	8667	2.56724030913038
10135	6283	2.56642652220608
11311	92579	2.56637887730788
4738	57107	2.56565400004722
5160	9793	2.56560411781753
2965	528	2.56500275273631
25771	57107	2.56458361254336
6147	6205	2.56440907729965
4097	8439	2.56314057117657
51360	83695	2.56233299787478
528	5516	2.56124218037932
4668	79161	2.56055136980426
29081	374659	2.55686089645806
51367	54675	2.55623988061075
54675	92579	2.55608795966602
26123	79876	2.55571548683022
127018	9652	2.55517996345232
51649	64975	2.55481188832022
112616	25804	2.55425424076399
64710	64976	2.5535319658432
29967	7532	2.55320148843549
11311	51071	2.55276642360948
10961	401494	2.55270419852086
125988	64976	2.54925049434044
114769	8875	2.5489307909426
10049	10146	2.54865116207497
4522	55266	2.54824447776235
11034	27072	2.54795596617258
10213	1965	2.5473118748913
64976	92579	2.54659530536649
6136	6208	2.54657838727105
51096	64219	2.54564648334926
1915	6170	2.54463341904619
10935	55699	2.5434223257634
57175	8776	2.54297169013296
55333	55699	2.54294566662095
51115	51374	2.54224503560443
5693	8615	2.54177252496067
64710	64981	2.54152717233712
2618	55239	2.54146594242426
6158	6208	2.54016629212593
6167	6194	2.53910660259607
1329	54460	2.53671326129717
29880	4704	2.53471121196371
6164	6228	2.53468318995571
4097	7319	2.53467532231577
28985	60488	2.53448372109511
6122	6205	2.53290894721208
10428	285343	2.53040865185664
1559	1638	2.53014188218596
2631	51389	2.53011383606024
51071	54675	2.52959348869464
1175	25804	2.52955404721397
6156	6169	2.52930747323648
55017	5693	2.52862347695767
56672	80856	2.52731932026507
2354	4929	2.52713059348884
282991	9352	2.52668917888854
55686	8566	2.5261020636581
25804	28956	2.52597808890621
84817	92906	2.52418888956772
1781	4905	2.52417075844734
64976	84313	2.52406317522738
1441	8660	2.52379951073919
373156	5175	2.52084599164184
4714	51374	2.52075041361136
11080	5663	2.52066648023183
387921	5037	2.52045012066405
54583	8801	2.52016332297481
10010	7130	2.51995424120476
3646	8665	2.51957595943141
2926	6117	2.51868132403465
6201	689	2.51805037835269
203068	9793	2.51793583834103
131118	57380	2.51729927490595
6152	6227	2.51616156501843
6194	8667	2.51566907941175
282991	5717	2.51523854331827
4358	64976	2.51523555086086
128240	29081	2.51467651212532
51081	84817	2.51334399283227
10651	26355	2.51321241566643
11311	6117	2.51301706112917
4790	54434	2.51155501535416
4736	6122	2.5113845009025
4736	7311	2.51136807784922
51692	55156	2.51098043430161
54664	84317	2.5108777178333
254863	57409	2.50991243239831
51368	7846	2.50983753075762
5693	9276	2.50979856186627
1154	8651	2.50910634338883
152100	83695	2.50872056311369
4358	64745	2.50856137610542
64981	8673	2.50842101780057
127018	4712	2.50835199871031
6146	6165	2.50825853338062
29081	79709	2.50795418626917
51071	64976	2.50730101258951
51374	54664	2.5068332142536
1069	28972	2.50632114767869
10935	28972	2.50622494263527
26355	55347	2.50285839108474
10651	79017	2.50256821796562
10659	64333	2.50230095157198
10021	1559	2.50224324811792
6194	6210	2.5017102891605
6133	6170	2.50144175317594
1329	2926	2.50139315935836
6146	6156	2.50121915114557
51768	8673	2.5012189277513
5873	5997	2.50031195585961
11222	2976	2.49658193439863
51495	93627	2.49644675358118
11311	57107	2.49641817074066
1892	79161	2.49611407508376
6152	6194	2.49584383078504
643155	84817	2.49519156689373
10330	28985	2.49487586438993
4668	64745	2.49480567125655
29081	29880	2.49430071034506
2359	80270	2.49409879437225
6228	7311	2.49405285406513
55699	8776	2.49384842026909
4722	64976	2.49361762733034
56672	58478	2.49300890596567
23184	51300	2.49279936404093
11222	51081	2.49226835385941
6161	6168	2.49136389694692
6194	9045	2.49063907528847
6161	6209	2.49026579151965
528	55791	2.49011139801697
10651	26123	2.48866563687822
11112	93627	2.48810757208957
26355	79053	2.4879027140045
27010	6251	2.48678533907924
440574	4712	2.48566393991789
2806	64981	2.48327383932541
6128	6194	2.48311746415252
51292	55788	2.48278347382732
4191	4704	2.48273210506213
7296	9817	2.48264185091723
11234	145389	2.4817684345584
6161	6164	2.48100095934699
23412	7048	2.48026399362617
374383	4302	2.48018238667489
23155	55347	2.47931520972145
6204	7311	2.47881843189577
79053	83695	2.47825526176121
127018	55276	2.47620594803616
6235	7311	2.47587707093685
6194	6217	2.47564628127538
125988	51079	2.47423475052348
6194	6208	2.47273950883487
126321	30835	2.47260662195304
6146	6201	2.4711995567345
6167	6205	2.47049758180796
55276	58478	2.46816869357929
1465	55699	2.4678165586991
10961	120	2.4675988119258
55699	64710	2.46717511128368
1353	374659	2.46689361680806
10626	2729	2.46684182336806
124512	79709	2.46606813523527
6143	6206	2.46533641886201
4683	4790	2.4652256924832
161742	91752	2.46509938019688
6133	6232	2.46411449570571
401152	84317	2.46130491537068
55745	94274	2.46092338844414
124512	23412	2.46055671264583
203068	79053	2.45999221666644
1465	25804	2.45936895412622
2203	51495	2.45855985635864
128240	1465	2.45853693776267
25771	57380	2.45753309325756
1213	9559	2.45695002747945
6168	6234	2.45675137610486
152100	8803	2.45596515828243
140707	55266	2.45575494943132
2	23076	2.45503540037772
4711	8673	2.45494392276645
10482	57018	2.45423725330279
27248	55156	2.45409703895951
28972	64710	2.45392584099129
4360	80270	2.45239958013992
10049	9817	2.45189902515384
1915	6168	2.44997931122911
26610	54675	2.44942724447756
6234	7178	2.44921391695374
6205	6222	2.44806769448154
285343	57107	2.44712400289458
51192	64981	2.44518210518091
29886	3987	2.44508705596577
11224	6152	2.4436507369883
64975	79161	2.44285127817172
23731	51393	2.44194530398107
6176	6205	2.44183135149098
3646	689	2.44013296427352
348995	79876	2.43991526745148
203068	6240	2.43966940934164
10808	162073	2.43957623998783
6122	9349	2.43868226840935
6122	6164	2.43861499379544
6133	6206	2.438021188748
1798	92579	2.437995635048
10651	127018	2.43797614602616
60488	79053	2.43746350941672
1154	1497	2.4372987941035
1844	5366	2.4372240096302
51393	54209	2.4361759013766
8878	9043	2.4348467547963
28972	28985	2.43479145400203
6159	6160	2.4346744665834
131118	56672	2.43414064574661
1207	5037	2.43377131796456
255520	85013	2.43301754887
26589	51260	2.43297511316967
55347	83695	2.42985491921951
57162	64332	2.42972975796309
387921	50808	2.42935776548689
7846	8776	2.42901886526849
1798	3145	2.42894080794496
112616	51368	2.42889525867045
1329	4358	2.4278996293991
81533	8776	2.42746145515339
1601	55917	2.42612341934588
328	51024	2.42604163023488
51115	9482	2.42570651844124
29081	55333	2.42562276974862
4706	51081	2.42517764077588
4714	5538	2.42507794440648
100303755	10935	2.42481205175919
1465	285343	2.42473168063866
27089	64975	2.42428041848192
6161	6170	2.42423615312103
7532	8564	2.42244287325938
51360	79053	2.42229828382875
6168	6205	2.42217771256946
6138	6146	2.42139738478404
1213	7360	2.42053842591142
23184	79053	2.41966747688227
26355	55156	2.41866298272765
55699	57175	2.4185607556628
6129	6135	2.41842611972915
253782	79876	2.41801720594988
26355	51692	2.41799521185781
25804	64981	2.41769566289101
6164	6194	2.4176431166849
28956	55699	2.41683075698704
6156	6232	2.41568711642886
10075	6171	2.41535296019333
1175	79161	2.41449648694383
6146	6204	2.41439421026683
4190	93663	2.41285494587707
1069	29081	2.41117356513712
57380	83752	2.41083739811804
1175	51409	2.41078436464048
4720	6117	2.41057545799594
6138	6159	2.41051710195169
26355	51248	2.4092053151976
285343	54675	2.40793932348338
4712	4738	2.40702024952871
114971	51768	2.4050236457063
8776	9488	2.40473968264876
4708	64976	2.40425738303713
6147	6201	2.40300042915122
4736	6138	2.40245504103836
23514	63935	2.40239473351141
10935	9488	2.40235893895163
11311	84661	2.40108665521542
1650	9110	2.40087531349872
2730	3842	2.40015567559016
56650	9700	2.39641847955993
51367	55706	2.39461245024783
128240	51768	2.39377615249095
10362	203068	2.39324055557788
397	4332	2.39233656955185
1465	84191	2.39228412270542
6138	6194	2.39179961969301
100303755	51367	2.39145066583208
51024	55699	2.39079753741991
1635	79709	2.38923927060147
25813	2806	2.38888659426696
56922	84064	2.38738623224987
27068	55972	2.38718847865772
4775	64981	2.38625523285679
9262	9958	2.38605605687847
115416	55156	2.38478869605126
23530	387921	2.38392207963612
1601	5603	2.38389513041997
56254	78988	2.38384698810684
255520	2653	2.38366394233063
178	58478	2.38298915521699
391356	51386	2.38033184322944
3417	4190	2.38012972426648
11123	11311	2.37750330170284
26986	6234	2.37721939690932
6117	84661	2.37644960939444
7743	8566	2.37587902293856
3646	8667	2.37580702372423
51022	894	2.37362988877827
11112	51768	2.37335474766709
4496	4502	2.37319945028514
55156	55347	2.37212472036048
10935	4711	2.37104373646521
127018	201562	2.37086538867246
10135	4084	2.37006315735129
6152	9045	2.37000797133551
6158	6235	2.37000191631704
51409	64976	2.36986194295762
64976	65005	2.36893898723121
6176	6194	2.36725582976861
58478	84191	2.36634753149669
374291	5223	2.36598888577742
26260	51374	2.36584031533003
28985	29081	2.36507707952132
51692	94107	2.36427369089659
64976	90871	2.36268163407705
51163	86	2.36138807743215
1175	27068	2.36118209692573
6136	6228	2.36101827844707
152100	1737	2.36065860633382
1175	4712	2.36041328043854
4528	51692	2.36027292001211
55156	79053	2.36009472803012
55266	80856	2.3597676573323
83695	8803	2.35958627330026
25804	328	2.35892250419101
145389	4360	2.35842326980917
28972	54675	2.35798018021318
2717	9817	2.35756186844642
4677	51692	2.35719894725732
56	7475	2.35711702964081
51768	57446	2.35655522716254
23463	9692	2.35589462740335
3987	84102	2.35568713463009
51567	55041	2.3521753058647
55972	64981	2.35114358379288
27089	84313	2.35075484094455
4704	55706	2.34866792123534
6136	6152	2.34732542093018
1465	55333	2.34718519851632
6383	8566	2.34671685775285
25804	64976	2.34567008761654
25771	84191	2.34483228992314
285343	9692	2.34397497567695
29081	3396	2.3438073451065
8673	8776	2.34370987685302
10135	5209	2.34288455315989
1355	83787	2.34089758881879
6136	6156	2.34078532258614
6208	6227	2.3407608446858
10467	92579	2.34065201564448
6176	6208	2.33880963780268
55686	8651	2.33879295759989
10935	374659	2.33780459472839
11311	23171	2.33704112470292
11000	2934	2.33648376360869
128061	1434	2.33628063443014
23760	3842	2.33553401890709
23076	4190	2.33473363647766
127018	2287	2.33386464253791
56672	84661	2.33247929946219
55770	910	2.33218381994983
6158	6205	2.33169835280308
10659	55313	2.33146084413072
285343	84191	2.33126940272376
4738	51367	2.33087022626554
374659	54664	2.32981106586081
4929	9958	2.32935399462611
51022	84817	2.32934443440934
5142	5209	2.32914354832388
29098	64976	2.32852183244834
6158	6191	2.32699029357164
64976	94107	2.32684932560292
25771	84661	2.32669506237318
6167	6232	2.32662237554294
6155	6217	2.32539505068596
178	56672	2.32514734959775
84265	9204	2.32482600482215
6159	7311	2.32182382367446
29086	29883	2.32130174298848
54935	92579	2.32129092856756
57446	9779	2.32110303143694
285343	29081	2.31915752500882
51495	7037	2.31888668322453
26355	79017	2.31762448304574
1329	27089	2.31601260996694
2069	5366	2.31554427509263
1465	51071	2.31443945777395
6217	9349	2.31344777196224
10651	522	2.31256646359164
1798	55706	2.31206743593539
11222	4709	2.31198923232899
133418	26268	2.31187514685024
55313	7112	2.31169689972107
51059	9223	2.3115776704472
6169	6209	2.31060831564912
1175	51368	2.31039478431284
51768	83752	2.30886326105
388	63935	2.30829047225306
2171	55686	2.30825161276329
23184	27248	2.30795568656929
6232	7178	2.30752109081755
1786	91752	2.30740989822946
6170	6194	2.30737749414616
6132	7311	2.30717864525779
6232	6235	2.30624017721742
643155	92906	2.30530568651475
26986	6222	2.30496421548444
51374	5538	2.30480360929828
6135	6156	2.30389912251504
388403	831	2.30311051816629
11311	29087	2.3030752748431
51367	79068	2.30150197696433
10213	4247	2.30147813160148
6146	9349	2.30122931198221
29081	5296	2.30068798358736
6155	6228	2.30063931122969
23456	26225	2.30048132235694
1069	4738	2.30047425407645
29087	374659	2.29947040524012
22818	29929	2.2986679626652
1497	3308	2.29855012252211
27440	55027	2.29834998582349
84317	8574	2.29833928619109
10430	29081	2.29817623777832
152100	9317	2.29631814057842
124512	84313	2.29600953936252
4711	9488	2.29517646488112
1355	83752	2.29419001665894
6159	6161	2.29415635929665
348995	522	2.2934022197908
23412	280636	2.29236640634846
6147	6235	2.29182788873449
8677	9459	2.29067014180479
51768	81533	2.28936317400805
58478	80856	2.28928361070318
55347	8803	2.28913192315972
114548	4170	2.28743911501108
1844	2069	2.287205605638
26953	7257	2.28716990588341
2717	84888	2.28596618271076
6136	7311	2.28554277713625
25771	55699	2.28457278900321
1069	64976	2.28356123076637
8673	9158	2.28332883892731
27068	79077	2.2832368165587
8439	8878	2.28305869137336
1983	8878	2.28290104185495
3842	9352	2.28110657616393
4720	79415	2.28083585374017
6122	6147	2.28077631512686
10651	79876	2.27930113563139
55706	60488	2.27891577534565
6169	6204	2.27814375531415
152100	522	2.27729667558947
1175	4668	2.27728945476272
152100	29090	2.27718979695883
28972	85437	2.27660753418524
6169	6205	2.27658316594364
27	57600	2.27520355241185
26953	55027	2.27410388278052
1465	54675	2.2731716070473
6175	6222	2.27265238964043
29880	56886	2.2725137864402
124512	28972	2.27144666779217
10935	25771	2.27108662108096
6160	9045	2.27035120074483
10021	5675	2.26790956556948
6158	6232	2.26683394657459
11034	51495	2.26674099822664
25804	51071	2.2657408856277
27089	4696	2.2646344657956
128240	57130	2.26314985178533
6122	6227	2.26293607098573
3988	4190	2.26210173455706
6142	6227	2.2619655237346
6160	6165	2.26183532052877
4677	79161	2.26167911612747
10549	51495	2.26113892166739
10282	8566	2.25955740286095
6171	6234	2.25948508585795
220213	5873	2.25904726127353
6142	9349	2.25812564896788
6169	6201	2.25789283471449
7295	7532	2.25764757852178
161742	1786	2.25740397052437
27036	29081	2.25677645634283
51322	57787	2.2564225473494
2730	6533	2.25419980948244
6133	6194	2.25409757639169
54664	8673	2.25337067312506
4522	57380	2.2531344065824
124512	64976	2.25217098351265
1070	8697	2.25146858047871
348995	4712	2.24916026569174
27072	93627	2.24713249511304
124512	8881	2.24634248289508
6176	6228	2.24632691633433
55347	92255	2.245466915527
6168	6176	2.24542612226692
6138	6227	2.24449989661759
27036	51367	2.24426358083877
4709	84817	2.24364448494558
2806	79709	2.24280707811818
253782	4191	2.2423001227542
4666	6160	2.24053728059556
1154	1601	2.23853854905869
2359	51603	2.2384380275641
29081	4668	2.23817646821535
11311	1967	2.23803457966774
10626	1543	2.23774546604325
55207	9034	2.23655439989214
328	57446	2.23549688911842
4191	9166	2.23495739036341
1476	83877	2.2345093235989
1876	55207	2.23423546181048
1175	25828	2.23216619559726
10049	3301	2.23211675003082
6117	79161	2.23175238376088
203068	9692	2.23090087819085
10467	6117	2.23067017429307
4736	6210	2.23010283726315
152100	7283	2.23009530532056
152100	51022	2.22974814707688
7743	84102	2.22867631117856
27068	8803	2.2286162453333
6229	6234	2.22840964504579
4012	54664	2.22810280569302
29108	4332	2.22748322934662
3685	5663	2.22720581823151
51248	92255	2.22709112158081
338382	87	2.22635178698144
6229	6235	2.22600968201218
51071	55333	2.2245924143195
1175	51692	2.22366600237016
1353	55699	2.22297919402506
4522	59345	2.22188519786595
10146	23590	2.22178962797509
1175	6117	2.22075350830321
162073	7474	2.22043486361464
2926	64976	2.21767080775828
2359	9462	2.21669653219442
2	5742	2.2166846943499
51374	7846	2.21548393202612
125988	4708	2.21535799725796
28972	94107	2.21411854863561
26225	54583	2.21350499304377
161742	8195	2.21349154608556
27	8564	2.21316049840034
22818	29880	2.21268922045309
6176	6191	2.211652672346
6133	6228	2.21083167545292
29090	56833	2.20922184130237
10933	5663	2.20830920618855
440574	5245	2.20829747823208
51495	79053	2.20802833795451
2729	84085	2.20790168512032
11080	9874	2.20773858819631
25804	55699	2.20739436991217
84064	8673	2.20717738814298
124512	125988	2.20658642819894
9424	9724	2.20605865579497
498	5538	2.20569219841202
29108	9779	2.2056005501995
10651	51692	2.20506905730401
4528	4677	2.20388475046307
92579	9862	2.20250621765011
51701	55745	2.20187048021526
1175	79077	2.20157869665205
6133	6156	2.20151269939187
1559	4635	2.20144918015762
27068	4712	2.19993008990197
27036	92579	2.19827199356088
4736	6204	2.19780175958184
10808	55017	2.19771385919081
4916	56	2.19627826572692
5603	6696	2.19480713330059
6160	6228	2.19238161191855
51071	64710	2.19040893027228
397	9779	2.19007560161082
55041	7296	2.18739861341686
51192	79876	2.18513552155309
27068	9110	2.18501139606978
567	6234	2.18461932694142
10280	348995	2.1844133666021
51397	57107	2.18327023462176
29886	57600	2.18273373092748
28972	51768	2.18229559304226
4358	64710	2.18219583296032
25771	54675	2.18160242276612
11000	8402	2.18002195631929
170960	5228	2.17725473853038
25948	9584	2.17701113419931
51374	57446	2.17540697793038
374659	51768	2.1748425677137
51768	58478	2.17469874814808
7296	9352	2.1734886162292
23657	374383	2.17209081373878
441168	6653	2.17141990021087
25813	51528	2.17140145958132
84661	8673	2.17129944038625
4074	8615	2.1710580668547
7048	79161	2.17105272917854
29929	51367	2.17104818934122
1039	79630	2.17054427245179
1175	4775	2.16925520517554
4929	9262	2.16914561332296
23389	91746	2.16834620344386
10467	51071	2.16693809954406
1154	29886	2.16667313460463
4706	7965	2.16657052446434
79053	84300	2.16545810016461
6156	6167	2.1652243553119
29886	7295	2.16423587567275
1353	55027	2.16363398303634
25804	51367	2.16304345504457
6122	6143	2.16270792358643
27068	55156	2.16154755733989
4128	55917	2.1612425793192
1207	79699	2.16119323473761
112616	29108	2.16081910919473
4668	8673	2.16070245770997
29125	55016	2.16050107547003
10376	1892	2.16000042976274
4864	9258	2.1591665632412
253782	4712	2.15751508246147
23760	7296	2.15706166466439
25804	51192	2.15525772314989
6168	6232	2.15406582275665
128240	57380	2.15386430640095
51368	64976	2.15331659112968
131118	57107	2.15055304324295
5245	84300	2.15049936563338
219749	9204	2.14775228459019
26355	83695	2.14739413038706
29081	94107	2.14736642957297
10935	84064	2.14657523617234
1207	51374	2.14641579427121
10476	1175	2.14603918114316
28956	64981	2.14601281030704
10935	84661	2.14578560862859
6176	6235	2.14458314452072
1353	51768	2.14389733474419
6222	7311	2.14247488419773
10330	29880	2.14197179850388
7319	8439	2.1407725747834
81558	92241	2.1406535388934
11224	6143	2.13945349367883
10026	8776	2.13865144551836
56	5675	2.13861736224711
4704	8402	2.13837904775464
56886	79053	2.13785024163005
28956	57446	2.13667339021986
133418	8030	2.13571957838731
26355	78988	2.1342554105297
27068	92255	2.13360603842643
11311	51192	2.13319417060721
1355	56672	2.13262046659063
29081	57380	2.13188128242507
4736	6194	2.13156644256632
4522	54675	2.13046821780334
4714	498	2.13036346463195
401152	54664	2.13018591478875
3091	5743	2.13003203840074
7474	8651	2.12999253954999
1329	4696	2.12839430824765
6170	7178	2.12822475740286
11311	27440	2.1266230281102
51024	51768	2.12368501836937
4711	57446	2.122608126061
30836	6046	2.12209631799643
25771	80856	2.12122323729125
4358	51368	2.12076146390897
7260	84064	2.12028917657183
27068	9793	2.11818443773652
4128	7532	2.11795639684534
11080	734	2.11668115194007
10436	51096	2.11611639776365
124512	1635	2.11582968043864
55313	64333	2.11582719815233
51603	55239	2.11578178900684
2971	7347	2.11577771856962
1476	4128	2.11574828900341
55266	58478	2.11508921722746
64976	79415	2.11470883973595
28232	4670	2.11337249364595
4247	5693	2.11174145616153
5717	637	2.11085724991429
2976	4717	2.11074459390648
79630	910	2.10949823221606
23184	7037	2.10884937476868
4712	51692	2.10823592329686
131118	285343	2.10792045560199
51096	51126	2.10778074631429
1737	55347	2.10699142305104
4780	5868	2.10678742639688
23412	84313	2.10650448963754
10651	11000	2.10646568634331
6152	6160	2.10635869975083
286148	80856	2.10634575837967
28956	328	2.10568393436948
128240	54675	2.10540981466391
4666	689	2.10531343439072
11253	4329	2.10493972680798
7475	946	2.10481564514399
56886	60488	2.10477289660562
2717	9659	2.10431666172906
6159	6217	2.1028804395656
6135	6160	2.10230275957199
51368	92579	2.10142778678568
57727	7295	2.10135432195666
2643	5366	2.10103538852868
26060	5634	2.10089293432627
29081	51368	2.10024383605305
51340	7743	2.09919153999824
2926	56922	2.09809259726393
4929	7538	2.09730069003055
10467	57107	2.09679791622212
10808	8649	2.09624773310501
11311	64745	2.09586725176871
3301	5663	2.09581857521474
6128	6165	2.09381379468106
23463	56672	2.09345919681108
2631	81611	2.09287103636435
63935	9262	2.09239677819866
6156	7311	2.09237212565411
127018	348995	2.09193865346217
10195	1798	2.09111826427972
152100	518	2.09041514655323
55706	79876	2.08987847428774
214	2960	2.08868324562825
4711	4714	2.0870296282571
4666	8667	2.08549697435937
1155	29108	2.08525421173575
6147	9349	2.08413460842386
23657	27	2.08326026280295
203068	83695	2.08284398361936
55333	84191	2.08185490077769
27131	5510	2.08153184455615
23731	54209	2.08150224120261
6164	6208	2.08113662876767
84282	8677	2.0806476550632
203068	9110	2.0803650273067
6135	6164	2.08034435353274
55791	7532	2.07995838035649
1329	64745	2.07706051420691
29880	79876	2.07666815638463
134492	1798	2.07575942474928
23741	283897	2.07487453549689
1915	6228	2.07476762380177
23463	54675	2.07405889281816
374659	55699	2.07405141532564
1329	84064	2.07226075482097
2934	56833	2.07100131442512
283897	5934	2.07005039506341
1441	951	2.06833593647744
200933	9424	2.06722342728932
26123	9110	2.06586252188831
283991	8660	2.06571018384136
1039	3988	2.06542468829906
3164	63935	2.06422903645377
4128	7474	2.06316802467035
90410	9535	2.06272263530644
388403	5175	2.06249767143182
27068	55347	2.06188106147548
10808	1213	2.06149573940354
23657	6310	2.06148664647285
10067	115416	2.06102996820649
57107	8673	2.06086447522734
54947	5634	2.06025765008205
4128	8651	2.06023885631398
4706	4717	2.05703645818788
498	51768	2.05605819265108
4712	79077	2.05562538007998
11311	1329	2.05433506453078
23184	4190	2.05432245502974
374659	54675	2.0540950018904
11311	4358	2.05397944715299
114932	85025	2.05374360391731
4360	54	2.05228599594839
29880	55706	2.05084898530903
6170	6204	2.05008056803449
6138	6217	2.04953449664474
154791	64976	2.04933880180362
64745	80011	2.04887198641235
4528	78988	2.04844404911247
11222	84817	2.04720057515423
4722	64975	2.04622491806309
51071	54664	2.04615590348135
4128	55686	2.0441297236005
2197	6152	2.04411550358677
5096	64976	2.04378557899278
100303755	25771	2.04304566620779
23184	51495	2.04235627164057
128	5291	2.04186667679623
4191	440574	2.04175051902938
6156	6217	2.04118147059156
6136	6159	2.0407319828062
64981	79161	2.04064281404698
150684	51374	2.04041850098467
7319	9969	2.03893128911433
1975	293	2.03870506982983
4864	55041	2.03867852427302
6164	6176	2.03814834658215
64976	79161	2.03629526839689
6194	689	2.03582264055082
6208	6235	2.035404073938
4736	6159	2.0347856969612
4722	51692	2.03464449805731
23184	92255	2.03413830954255
4302	8877	2.03345195316502
5226	8878	2.03317240966685
27440	55333	2.03310481960329
11034	9692	2.03029412667642
4711	509	2.02900934088423
79053	9793	2.02824656382587
10376	26355	2.02664415107032
29081	64981	2.02597517188768
10935	57380	2.02467165932702
1175	92579	2.02401491547084
2130	415116	2.02346044929777
5634	83787	2.02321167414686
10467	4668	2.02320931776171
1497	4128	2.02308542406093
124512	7048	2.02150795448026
51071	55276	2.02141288854705
140707	54675	2.01985130693114
29880	51367	2.01946177157265
5743	7538	2.01908001584058
10430	200185	2.01675948861648
1737	8898	2.0166382451699
23741	91526	2.01536762123499
27068	79876	2.0135590244204
125988	27089	2.01336932965261
6194	6235	2.01267727500152
6136	6187	2.01219096781083
10476	6117	2.01129451485898
1329	85437	2.01076452417221
29880	9166	2.00991642363455
26225	6342	2.00852966853808
112616	29081	2.00754777779476
2976	754	2.00700057128252
201562	2287	2.00696083599547
6142	6152	2.003069906237
328	51374	2.00306762869317
27036	440574	2.00171189771135
6159	6201	2.00131612838865
348235	57107	2.00099930198544
28956	79709	2.0008090051744
3842	55727	2.00039797550589
2	51393	1.99944419043485
51374	51768	1.99936894701543
1353	51374	1.99852369054812
10426	29880	1.99800383191977
27089	51253	1.99678918421895
1353	57446	1.99570896749931
54	80270	1.99278952882484
10476	4668	1.99259545204484
51096	79675	1.99189846231943
51374	55741	1.99159455064627
64975	84313	1.99137477226732
4708	4720	1.99092332301614
26157	7112	1.99057941050934
4704	60488	1.98959550718743
6128	6146	1.9890192069892
25813	56886	1.98603824352054
29108	8673	1.98536875227019
4668	79709	1.98521821382143
4358	79161	1.9850768243253
127018	58478	1.98493553287721
10213	9527	1.98260028387459
23184	51248	1.98129131971301
11112	58478	1.98046847462618
2203	7037	1.97995309935636
1329	28956	1.97984456740081
54675	58478	1.97858872287107
51367	9166	1.97844254839568
10626	2730	1.97783830116646
285343	84317	1.97662379557606
6168	6235	1.97640504624861
522	60488	1.9746516866364
374659	92579	1.97318507301968
170960	90338	1.97312978070779
10933	9969	1.97305873142667
4668	6117	1.97295258909228
4738	84661	1.97258317546209
6205	7311	1.97218411015805
220213	5997	1.97215201322587
10476	1329	1.97189911925519
6155	6210	1.97157879986675
51660	6342	1.97072718582492
26355	7283	1.96975026742471
1737	60488	1.96639507113421
26953	64397	1.96463364126027
374383	8877	1.9642737356987
5142	57162	1.96342479596518
4601	5165	1.9633766007804
25804	54675	1.96327711789456
10026	23530	1.96283896982276
23530	64393	1.96249334556239
170371	283431	1.96093898677746
6138	6141	1.96092168083103
10067	4709	1.96031031230568
151987	23186	1.95998146995479
10026	1207	1.95975576033316
285550	55313	1.95964849176595
84912	894	1.95890911653238
328	55699	1.95849255617812
23731	3417	1.95776266057117
10935	23171	1.95772077233899
79073	9110	1.95724721907296
5245	55706	1.95565839590556
10376	1175	1.95517463729305
203068	23155	1.95429010082189
51692	79876	1.95426340249139
55699	57380	1.95334174609821
27089	4708	1.95317091542426
25813	94107	1.95314043520382
29880	5245	1.95228092672225
29929	9166	1.95031039548333
5660	6208	1.94982351107777
1353	285343	1.94878158159751
55699	64981	1.94719426795837
5001	55347	1.94640604798913
29088	55848	1.94525955912403
285343	374659	1.94522602835763
374659	84661	1.94436237329263
51096	57102	1.9432356230767
3988	51248	1.94317209814572
51649	60491	1.9423556774113
387921	549	1.94014875274076
389541	56984	1.93966211727685
11000	55156	1.93929311714322
28957	28973	1.93757943765793
10075	3105	1.93732105528418
51367	7327	1.93635405814417
27068	5001	1.93325121993798
6168	7178	1.93306844279115
1601	85025	1.93228522086951
6155	6164	1.93206910296261
6169	6228	1.93034260195642
4697	4712	1.9299303498313
10283	1967	1.92934069816294
10430	29880	1.92831702173299
54675	64976	1.92598251141461
8667	9349	1.92403856498366
1329	28972	1.92338052538815
9482	9779	1.92294680666947
27005	51368	1.92291972095045
6135	6165	1.92208157501151
23179	9683	1.92104522356804
4736	6209	1.92035594209097
113251	1601	1.92002083700361
1368	51022	1.91855837427122
83752	93627	1.9183934211871
4332	55320	1.91788458383372
1154	162073	1.9178342631076
51248	93663	1.91560461767261
11311	28972	1.91509067152981
3842	5663	1.91481843241621
29086	8443	1.91356165177511
27102	27440	1.91329721987314
2806	79161	1.91271753404445
5130	7296	1.91230764018506
29081	56886	1.91134055473216
150684	28972	1.91068818718142
170575	92241	1.91068499499313
60	7431	1.91035852998627
4736	6222	1.90950346518274
1175	26355	1.90792935762143
6164	6235	1.90777450780363
23184	26355	1.90650970175148
124512	6117	1.90622877302532
8673	92579	1.90598484722104
127018	84191	1.90510911441604
2937	64975	1.90468671866961
4358	4668	1.90258597379451
10935	51768	1.90257989866855
55706	84300	1.90217709928947
54664	84661	1.90215912792331
54460	64745	1.90209706640667
6143	6205	1.90201864272182
23171	348235	1.90198716178132
25771	327	1.90181522951087
23530	5634	1.90034790134552
6160	6232	1.90028113779302
2730	9775	1.89974826300387
162073	55884	1.89766211213992
55207	7296	1.89758379423079
51393	51495	1.89745904179957
1737	5001	1.89647505259148
4722	5245	1.89589161604928
23657	57727	1.895079093454
125988	1329	1.89479107444984
285343	28972	1.89452506358105
1175	4738	1.89291428343837
220213	51444	1.8922969881284
27068	60488	1.89170202514891
11311	4720	1.89023111126734
55347	5987	1.88965024985181
26355	55847	1.88926526546469
64981	84661	1.88851707753113
23588	593	1.88843393954905
5981	84282	1.88739238245889
140885	5707	1.88540972789877
1154	170371	1.88267264662397
1175	79709	1.88225294080408
145483	5205	1.88215774875612
83695	8898	1.88200974983159
2806	8673	1.88184050280261
100303755	4712	1.880416410553
2717	54980	1.88029023491389
4191	51367	1.87991355452827
51768	57107	1.87787983919307
29886	7743	1.87648274840675
6205	6217	1.87570478362854
51106	79017	1.87330105742402
285343	90522	1.87252925905635
10209	8648	1.87110142299764
157285	2960	1.87109878232454
25771	55266	1.87073252195305
5660	6156	1.87014072669394
26123	348995	1.87001405426706
1497	8412	1.86953514334547
1465	51768	1.86927516271219
374659	8673	1.8688404742646
9045	9349	1.86850482800486
8564	9683	1.867359673439
55209	7319	1.86677644536992
5634	64393	1.86655265801097
26953	84967	1.86647974712445
2806	51528	1.86557945187422
10026	51768	1.8649735657868
440574	78988	1.86474396290266
23171	54675	1.86460279953114
29081	29087	1.86457901606114
54545	84191	1.86446096814862
11253	51449	1.86404531905623
51122	56254	1.86299718161376
26355	8883	1.86141287847018
1638	353135	1.86133943093077
25804	9158	1.86128292083016
29883	51690	1.86070366887936
4830	58477	1.8603640513822
25940	7372	1.85807344696113
6152	6161	1.85784368712025
4711	8776	1.85780760947692
1070	400	1.85763581259563
23590	7185	1.85507035974991
27068	55847	1.85368838606567
28972	6117	1.8535247562234
127018	5955	1.85349328207081
1353	348235	1.85217461990593
55706	92579	1.85037656296744
8648	9877	1.84987347417925
8673	9779	1.84970773633947
202051	56	1.84937530012477
3096	96459	1.8492354354005
6227	6228	1.84867141622945
55783	9646	1.84672722316276
25771	51768	1.84652967362203
2287	522	1.84429558702652
5920	6604	1.84373554911192
387921	81533	1.84319345938641
27068	51409	1.84194767108465
6191	6232	1.84140965326132
157285	2171	1.84079597087885
124512	51649	1.84073958567381
55775	83695	1.84052329857402
125988	8802	1.839251278041
10476	23412	1.83904659625162
1329	150684	1.83854258877104
373156	3945	1.83825394049447
51003	5693	1.83802101986113
23588	5981	1.83761679739809
1465	23463	1.83622545822988
55696	65117	1.83580326037367
2729	55209	1.83548823755201
11311	55741	1.83524839208615
51082	90410	1.83143015028807
1398	7296	1.83103994000795
5438	64976	1.8303992021652
63895	6752	1.82968794998491
10982	64174	1.8279841621745
7130	9700	1.82762266728741
2717	9352	1.8274584845571
23760	57403	1.82709423976676
23760	55727	1.82685151666202
3842	65264	1.82594873377863
6143	9045	1.82581433455499
10300	9482	1.82527908369083
152100	51495	1.82519430023843
374659	51374	1.82477789110152
10430	128240	1.82454395455289
10935	1353	1.82449474623249
2717	55041	1.82426305185978
27440	374659	1.82230434097197
112616	28956	1.82183044158844
11123	51071	1.82041366237876
10467	64981	1.81784044000275
1312	9158	1.817712769197
26610	29081	1.81593778215828
4712	55276	1.81561894542822
374659	54935	1.81555191450773
29967	56938	1.81530379984528
1465	84661	1.81453884560268
2859	8878	1.81433534423736
54504	6275	1.81216465716855
6142	6160	1.81207443442721
29087	9488	1.81190032684305
51367	55316	1.81176980583069
10026	387921	1.81139437771538
1462	6402	1.81100413150174
27125	96459	1.81091188025661
100170841	29126	1.81037730968674
100113407	23514	1.80943698156344
11123	29081	1.80857225256664
152100	84912	1.80759269437557
10476	84313	1.80630572716775
128240	25804	1.80583707955544
11000	51073	1.80424644987601
1353	140707	1.80309118784577
1465	58478	1.80229600222079
1559	63895	1.80171519344275
11222	5550	1.80169983079303
23657	2687	1.80160324096954
1207	80854	1.80144658365219
152100	79053	1.79987847720478
162073	84883	1.799232047604
28957	29090	1.79908479968551
56254	64976	1.79667848302141
26355	92255	1.79420605067048
1497	3987	1.79407458962838
4722	64374	1.79185528658131
58477	9093	1.7917776640055
51081	55156	1.79155093661849
5245	60488	1.79140723126329
79161	94107	1.79086242200541
23271	23657	1.7907220746625
4128	84102	1.79002260318618
51122	79876	1.789958431689
55266	55699	1.78981794197339
1915	6133	1.78904299962255
2140	23271	1.78832970841234
57162	7538	1.78470631400733
6143	6165	1.78462426845831
4708	4717	1.78452832762403
131118	83752	1.78416050802998
6209	6222	1.7833662526679
26953	27440	1.78318951781254
285343	8776	1.7805259299127
29880	92579	1.7799511095237
6632	708	1.77958654400655
11000	4709	1.77921673903029
55699	58478	1.77865745728789
4711	64976	1.777658101008
120	831	1.77683648480172
25804	7846	1.77598383206521
54664	57107	1.77594033284971
1737	7283	1.77498961377282
4677	51649	1.77479182516501
51374	9779	1.77387142852455
219854	29081	1.77373514417935
210	57175	1.7736617640317
6176	6229	1.77345249685553
440574	4708	1.77220665738628
2354	5142	1.77162570799767
1737	79876	1.77136264608623
5037	50808	1.77086456644693
145389	157285	1.77029204697751
28956	4716	1.77023720324192
5001	56254	1.76940348653119
10476	79161	1.76867683493196
1175	2806	1.76789686308528
55288	91526	1.76778668060441
28985	84313	1.76659867104219
4712	55101	1.76627037188589
28972	374659	1.76541158194269
55972	6117	1.76486089194782
55610	9581	1.76472106496523
84661	92579	1.76463461303472
401494	64174	1.76396687933473
285521	51374	1.76367225157747
10248	4528	1.76176849388187
26355	4712	1.76153079504521
120	373156	1.76073212804967
165324	90338	1.75982585785582
27005	28956	1.75958185367619
1353	51389	1.75945448525646
140707	57446	1.75879956324717
4172	79073	1.75694502792625
145389	85025	1.75604532885419
90410	9318	1.75591273223646
140707	5634	1.75565567269832
54675	8673	1.75544124974045
8030	8776	1.75531052561247
10935	54935	1.75400783865878
11000	23170	1.75400609294412
51649	94107	1.75277850137782
1398	3842	1.75130141610272
1175	84661	1.75055341110912
51192	51692	1.75054920905245
6227	8667	1.75024712220826
28956	51374	1.75022695856621
2926	9815	1.74860904639182
4704	522	1.7485657990674
4711	51071	1.74825260109639
6143	6164	1.74803191928894
152100	56833	1.74782243440713
79709	92579	1.74767880108801
65005	94107	1.74621797840024
400	9197	1.74499491448773
51253	64976	1.74397478527167
57407	7084	1.74341085718793
140707	348235	1.74276946344403
124446	8677	1.74208885765686
2957	7532	1.74205754877811
1052	23514	1.7412758304886
55364	6595	1.74106714594086
5717	9352	1.74104529837668
27440	79068	1.74047068039771
498	51071	1.74025949679946
127018	404672	1.73971357883722
348995	55706	1.73868339980895
11123	57107	1.73805469434337
23764	3557	1.73778781214077
10695	79887	1.73743442575677
8803	8898	1.73739599887342
10026	5634	1.73672971892285
6205	6229	1.73484438921009
51374	84317	1.73398691048484
25771	56672	1.73250994480122
348235	51768	1.7322193212713
374659	57107	1.73184659618081
23528	63935	1.73140697828271
6201	6217	1.73130793767609
152100	4709	1.73130054405378
4097	5868	1.7307987688035
28985	5245	1.72894523637425
6917	84282	1.72823706213374
1329	8673	1.72818105534743
10330	92579	1.72734977912917
7532	7743	1.72626461901325
23731	4190	1.72591462731455
57406	90459	1.72580897147864
253782	51367	1.72545011817451
26123	522	1.72521249126269
6176	6204	1.72469401383954
55972	79876	1.72405781424858
6147	6175	1.72361714523197
6164	6201	1.72270041250998
3945	4601	1.72253819941658
28956	374659	1.72100236595186
6187	6204	1.72073053560141
10935	64976	1.72072775517568
10238	2208	1.72009367385883
29087	84661	1.71841282730251
1154	9	1.71824160733402
27350	55016	1.71805246268974
22850	7320	1.71768933293102
51374	64976	1.71687407331521
64976	7846	1.71636813020471
112616	7846	1.71474164204617
11311	28956	1.71425596966635
6169	6210	1.71412547771776
3720	6018	1.71349476866533
1465	9692	1.71174874218306
3145	51367	1.71166411570715
283431	3557	1.71090979899535
79077	79876	1.71002039310971
11311	51367	1.70960060383613
1329	84987	1.70934465208089
79876	9110	1.70925443845362
1725	51368	1.70791703364158
28972	92579	1.70775326789858
3164	4929	1.70721544185235
7360	9276	1.70586262157892
131118	1355	1.70514699435036
6133	6204	1.70477573286717
205717	5930	1.70457488302417
7296	84888	1.7040307157316
162073	29967	1.70348359179402
154791	8673	1.70157438551743
10651	400	1.70082060231254
6158	6170	1.70045127549938
401494	59342	1.70034198919189
27247	8776	1.70034184587714
22882	9969	1.69951270823166
11034	7037	1.69890747991621
64210	79073	1.69885286817299
1329	51024	1.69862515628321
124512	27089	1.69814456141093
54664	7846	1.69742572783168
6146	6232	1.69725640341008
81611	84265	1.69680256744252
4128	55017	1.69491066418348
29126	8651	1.69486509271421
1355	51768	1.69482901239403
1020	1329	1.6944828616096
5868	9969	1.69386757513709
1175	4704	1.69321357387596
10651	348995	1.6929580162739
51495	92255	1.69287157937154
5245	6749	1.69251086171392
10195	79073	1.69064109686725
2806	79077	1.69033265753309
374291	4714	1.68984259420857
6129	689	1.68982758093143
51024	7846	1.68932223044882
10376	64981	1.68790610370613
5538	8673	1.68640373779878
11000	516	1.68570642364126
1638	7475	1.68388881509809
79817	9424	1.68272306393657
131118	25771	1.68268952532207
119559	4191	1.67977779234276
4666	6201	1.67950475639253
10248	4677	1.67607381685043
11222	28957	1.67591695404213
3646	6138	1.67591037637349
51374	55699	1.67574504635207
6217	6235	1.67551876705848
1543	284723	1.67457018134832
6187	6234	1.67404914198564
1105	3091	1.67367635746109
51367	9862	1.67361163026989
6142	6201	1.67304673067123
203068	51106	1.67148336807586
28985	29880	1.67028115242884
26355	6240	1.67014532809325
83752	83787	1.66977805028624
4711	5538	1.66948498087891
4712	60488	1.66900872174145
10667	54780	1.66853885909143
27440	57107	1.6677309951152
152100	27068	1.66681912140029
22861	5873	1.66680125862085
51024	64710	1.66679716419854
6520	8877	1.66528914163344
10289	6016	1.66446973983105
5162	5510	1.66383681521762
1069	51374	1.66353765024263
25771	25804	1.6631999701386
285343	8673	1.66299779898131
55741	8673	1.66297173741739
200933	9456	1.66290004418749
10935	328	1.66255110034248
28972	328	1.66135465234536
54935	84661	1.66112370215386
2631	5934	1.65999674854929
3091	5209	1.65941558208308
23760	2717	1.6576216529755
4128	7752	1.65748979924085
4097	6016	1.65600638874783
51692	78988	1.65550529052283
100170841	8651	1.65514541653783
4722	51192	1.65397985622492
51071	84191	1.6529332768488
51495	64172	1.65145463381914
23287	55534	1.64690393092603
3987	55917	1.64686710316867
29883	8443	1.64602801042454
6155	6208	1.64568448507924
6146	9045	1.64554324949988
10467	1175	1.64550880477691
328	9779	1.64538066559142
6152	6158	1.64494106715535
2730	9817	1.64417273864363
29997	6167	1.64387422182542
285343	57380	1.64360628144959
2806	64976	1.64297089643471
327	4522	1.64154117844262
51368	79709	1.64109934534265
54935	64976	1.64021662101211
6170	6235	1.63960409153136
11034	93627	1.63922321471861
54545	55266	1.6391891349548
10467	1329	1.63894796833296
397	58485	1.63860740399438
51001	51154	1.63845692493515
29108	55741	1.63740713093949
123169	8615	1.63682171106136
4074	5693	1.63620200888619
28972	51024	1.63527266185863
1497	283431	1.63477287638825
6204	6234	1.6345117762721
25940	79675	1.6343440155812
11311	4711	1.63288159300422
4722	79161	1.63224809777035
51692	64976	1.63221720494826
60488	8898	1.63197726099694
1497	6383	1.6315881435124
10935	8673	1.63081342386586
11112	84191	1.63064840201241
10651	55156	1.63064249382685
55288	55320	1.63041354449204
6160	6203	1.62998647201156
22796	79077	1.62917358179563
4190	51393	1.62864904343793
6367	975	1.6278908628532
5001	60488	1.62774791873025
825	9779	1.62634020546628
1497	1601	1.62564799511009
221692	8767	1.6255186846831
10549	79017	1.62519101600655
10376	2806	1.6249710153135
6128	6201	1.62383090303569
29085	4704	1.62152485948616
196383	8767	1.61926382958591
27010	9779	1.6171763709235
51192	79447	1.61669510680453
4704	51367	1.61502171476167
2976	3684	1.61462639459345
25771	64395	1.61457521722456
1798	4704	1.61386421004314
10476	124512	1.61385011280017
5142	64332	1.61359487873991
1207	128	1.61186636896552
4190	55610	1.61063731051725
253782	4704	1.60752839794474
10933	5868	1.60736140312142
55972	64976	1.60718473266209
25804	79709	1.60642434735492
5660	6205	1.60511651038491
3613	9314	1.60511014066384
27068	51495	1.60345455578744
27036	4712	1.60118822144158
6129	6138	1.60107315727944
4666	9045	1.59961180346345
6191	6206	1.59936499162558
1476	162073	1.59935132366205
10482	1106	1.59932550053053
1462	962	1.59920483485564
1441	3385	1.59898029639129
28956	9158	1.59877533635665
4714	7846	1.59835507869302
29081	84064	1.59773956477383
1650	29081	1.59747961264725
6171	6222	1.59718742290168
1479	55676	1.59663553168131
2976	4706	1.59659072353443
4706	55156	1.59613886933995
4736	6227	1.59581653186745
1329	374291	1.59562660923208
54914	79017	1.59308299174875
124512	1892	1.59292085032127
4023	55686	1.59263677333317
10330	29081	1.5917421688709
25948	7323	1.59143129897786
4708	8802	1.59120033171311
1728	9817	1.59064184743122
222236	86	1.59016274720165
10209	3134	1.59005322603942
28956	64976	1.58986711798455
25771	51071	1.5877564566862
11258	1432	1.58703326517149
6155	6161	1.58503487618997
4494	4495	1.58426284621927
3685	64116	1.58330133301367
4712	54675	1.58306292351705
6222	6234	1.58294451080388
6122	6160	1.58201325134035
10935	27440	1.58174796002318
140885	8564	1.58060496295951
114971	29081	1.57986602862497
1329	84313	1.57877516328241
6421	96459	1.57763205315612
23463	84661	1.57712544876718
348995	55101	1.57681776131795
11311	54675	1.57671467319173
79017	84300	1.57531974394404
285343	55333	1.57359857599643
79017	8803	1.57327052919336
2287	4712	1.57207310071391
55699	57107	1.5708791552724
57175	7846	1.57067527821968
4716	509	1.57066234661962
55699	83752	1.57015762281704
11311	2926	1.57012696214664
51374	8574	1.57001200465338
29090	84817	1.56928259074625
2936	55755	1.56904473556993
1725	54460	1.56842202260945
5209	57162	1.56705610249909
6122	6222	1.56621625859561
79697	83607	1.56615790711708
27010	348235	1.56586766336944
11124	9779	1.56439155146714
6208	6232	1.56418877878075
54704	64115	1.56266994317742
51024	57175	1.56197994380354
10150	8677	1.56176216434048
25948	962	1.56156785766198
140707	83787	1.56122565515731
55755	9352	1.55921921029563
6158	6161	1.55820914237365
2618	51603	1.55766421126823
10935	285343	1.55660594070957
4929	63935	1.55620990922362
1635	25813	1.55214945358678
55686	55917	1.5519135151898
29081	79876	1.55178223091298
6132	6201	1.55095988973911
1207	5634	1.54988697183244
10935	57107	1.54964548606369
4708	51692	1.54953062789517
10021	56	1.5495105753372
4666	6158	1.54946639872067
6146	6176	1.54905449838301
10067	11222	1.54867373958936
55706	5591	1.54819207433061
1728	3301	1.54760424217428
51368	84064	1.5472493997145
51386	8665	1.54502158491574
1465	56672	1.54497220506022
51071	84064	1.54436362103333
124512	6945	1.54382058949293
51368	57446	1.54363438707609
5663	84085	1.5434986703698
5717	8878	1.54283778640292
152100	9793	1.54261521917581
23171	25771	1.54225794589578
11222	79053	1.54220680098586
51692	60488	1.54183445821194
57107	58478	1.54132639403913
220213	63935	1.54061994100172
390916	58478	1.54036641649767
3091	5142	1.53965595919502
283871	57175	1.53664550465985
51692	79161	1.53524511026072
4358	6117	1.53512878998417
28985	56254	1.53463673913415
10150	5981	1.53369890761234
221749	84102	1.53348915484058
27248	92255	1.53298685062512
11332	5742	1.53288319319769
60488	78988	1.53277148605581
112616	64745	1.5322096578967
22808	30835	1.53121321652431
4738	54675	1.53053960915415
51495	83752	1.53037829876107
29108	328	1.52988444546532
55364	80856	1.52915746458654
6146	689	1.52761327477924
3301	3842	1.52726769046948
10184	1154	1.52682928603189
1635	2806	1.5259886962758
4666	6135	1.52571713768217
26355	54939	1.52534042084937
55156	8881	1.52509368312011
115416	2976	1.52500798787615
25804	55972	1.52472668618066
113	5296	1.52437842660911
348235	9779	1.52412321968731
440574	51692	1.52335448181683
348995	9166	1.52279593366306
4522	79017	1.52193732622322
145389	1601	1.52182376772926
1353	328	1.52170770565816
10300	9779	1.52131403252817
6133	6160	1.52125646768037
10576	51491	1.51805626642168
27068	28973	1.51724371934638
114971	29087	1.51717626301416
26157	283897	1.51671952404057
26610	57107	1.51605768770817
440574	64976	1.51556697163585
10467	55741	1.51515521505397
26610	55333	1.51502878579855
2069	54556	1.51479528165571
51768	56672	1.51479265161285
1154	55686	1.51267249923456
6167	9349	1.51259726034711
6158	6201	1.51236737525583
56833	894	1.51173170142203
92255	9793	1.51134642491212
64976	79709	1.51116168589182
51192	5547	1.51064217187857
53917	9517	1.50952951213446
4190	54209	1.50663975122118
114932	2960	1.50641855121628
28956	84064	1.50597268121471
2717	7295	1.50529635862126
4711	5096	1.50501928488918
1154	55884	1.50473657620549
6146	6205	1.50438944526888
8019	8675	1.50390410077669
1020	7048	1.5033876186813
128240	9692	1.50206730488943
27072	84661	1.50146698198426
25804	4668	1.50087691792376
51071	57380	1.50080336148971
28972	57107	1.50074164843685
10467	28972	1.50066460689846
1798	79876	1.50041728895826
55775	9793	1.49958858813932
11080	2730	1.49951937574228
57132	9584	1.49924468241676
4601	5236	1.49877413459842
79053	8803	1.49835747410933
5073	9692	1.49822563293982
11311	4722	1.49819173020627
23657	4302	1.49812332445226
51071	64981	1.49793021428876
2171	6696	1.49633629445665
150684	509	1.49523168365702
64745	8673	1.49458131808287
27247	55699	1.49442147785554
10248	4709	1.49423262525598
1798	29081	1.49389434259409
23171	5445	1.49354879997229
131118	55699	1.49204610763938
11000	29090	1.491650938644
26986	6169	1.49162135577302
27440	64397	1.49114991081449
7743	8651	1.49090685007469
11000	11222	1.49054019615332
10005	26260	1.48951537551091
4616	8303	1.48932261408164
6143	6235	1.48917344483259
23530	51768	1.48895316001668
157285	8566	1.48850128416835
6122	6133	1.48842771402794
55699	84191	1.48778240639523
5052	7360	1.48686294115502
509	84064	1.48683240561886
152100	8898	1.48587603593456
10248	55156	1.48587456125324
1312	328	1.48572183658417
4704	51692	1.48503173874294
210	8798	1.48464565541592
56833	84817	1.48358605332803
64395	80856	1.48336883886909
388962	84817	1.48231403477018
27072	285343	1.48105093848171
11112	1355	1.48054839182922
57162	5743	1.47896730430415
1069	28985	1.47826662251684
57107	57380	1.47804390056198
5356	9276	1.47799705927455
55699	9692	1.47774962984292
5245	79053	1.47758272351598
283991	6397	1.47725616817898
1353	84265	1.47710396805055
1737	55156	1.47646155287752
4528	94107	1.47626899731049
152100	55156	1.47605914078747
5073	51071	1.47592651285128
6138	6143	1.47377955226782
120	5236	1.47361380209661
1967	29081	1.4725607485596
10467	112616	1.47214487231733
6187	7311	1.47120061841923
28956	5291	1.471069527682
10476	4708	1.47068398805212
2976	51081	1.46880510764342
1849	51367	1.46848148360868
10972	29880	1.46789112326172
4702	55156	1.4664902999256
3087	4332	1.46362082883967
116362	1441	1.46343921727015
6119	84313	1.46316659916087
10476	25828	1.46310749142533
64976	8883	1.46301032031039
4790	7130	1.46263457581949
132160	3684	1.46204200883514
57175	7077	1.46006619551475
51163	8697	1.45969846326469
79077	8883	1.4594050041064
25828	4668	1.45903102144041
128240	374659	1.45885167013917
1915	6176	1.45868517543799
23463	79053	1.45840167365984
57727	79134	1.45816568891006
10695	51170	1.45800023705874
79017	85013	1.45792091498088
2730	9874	1.45778441182529
27072	286148	1.45533568273144
11224	4736	1.45505732138735
10135	5008	1.45498256195497
4720	51692	1.45495363403715
6169	7311	1.45460790059758
203068	51692	1.45091277281049
112616	1312	1.44941052482373
567	6229	1.44817393448361
4302	9817	1.44778625493485
10670	1497	1.44614279038595
5550	9581	1.44516708444783
7327	92579	1.44422216793243
25813	79053	1.44401325427954
1859	23389	1.44171235724711
29108	58485	1.44070962489975
10376	23412	1.43922757380566
55266	93627	1.43908635340436
10935	114971	1.43906660659595
10422	112616	1.43746834616972
1601	4128	1.43653085584988
6155	6170	1.43642980771179
145853	149076	1.43612662218982
140809	23760	1.43593928943384
83695	9793	1.43586020082256
3842	84888	1.43519302017624
29086	80011	1.43428003258857
134430	85476	1.43386081163372
128240	131118	1.43270683383857
120	388403	1.4321733000863
1378	3945	1.43198353717515
64981	65993	1.43126387585632
25804	7414	1.43060889334424
51024	51368	1.4301297258944
51256	8878	1.42997825734735
440574	4697	1.42996455071829
28972	54664	1.42937081870902
28972	64981	1.42707161493172
10651	79053	1.42683318353654
2729	7319	1.42674298599731
528	8564	1.42608023763088
1355	93627	1.42553925604454
4258	54583	1.42509942072215
23173	23658	1.42494956211313
1213	523	1.42233431341183
145483	51512	1.42222886456947
4929	5873	1.42217953725252
4302	8879	1.42191462670703
25771	51397	1.42184507619462
122961	51248	1.42132045547317
55706	9110	1.41950811776468
6167	6227	1.41931569189621
1398	2730	1.41628734626324
51081	8402	1.41606095785255
65005	8883	1.41551910547572
51170	9445	1.4152578874587
120	4601	1.41506708037335
374291	4711	1.41506338408516
11000	23020	1.41453406192392
1465	8776	1.41295546768209
10235	5873	1.41187849357852
7178	7316	1.41187177579736
64710	9692	1.41174883440493
51031	84661	1.41086584553617
125988	28985	1.41073378057581
8776	9692	1.41041806158593
7965	9093	1.41029313756852
119559	4704	1.40972704463489
26986	6235	1.40878290923389
29081	4704	1.40767229700892
79876	9166	1.40610789116636
6147	6227	1.40589691338577
54947	64393	1.40526847657448
2936	5226	1.4046657734163
56672	9692	1.4043027092252
6342	987	1.40340637000174
79630	83695	1.40329411585089
27247	51768	1.40275443083216
131118	58478	1.40252348892198
51071	84661	1.4015334849782
56672	64395	1.40103599653541
149076	51660	1.40008335215585
55347	79626	1.40001555821614
6164	6169	1.39979885492689
128240	25771	1.39816052583729
23184	55156	1.39783635575451
27161	4851	1.39738895408612
22898	6653	1.39604315267061
7260	79709	1.39540901225144
1967	55246	1.39526964997223
2971	51374	1.39500613135041
4191	55706	1.39465302230433
64976	79077	1.39386895462432
6156	6165	1.39296557616425
6167	6217	1.39232170082639
51024	84064	1.3920018024495
1069	8673	1.39187590019849
1638	5675	1.39150211205436
10476	64975	1.39123276042951
1039	51022	1.39002831011748
6147	6168	1.38945102854914
26986	6187	1.3893255663541
10209	55696	1.38878813764522
6222	6228	1.38838191232777
26112	4900	1.38757079668897
65005	78988	1.38695374859484
286336	4775	1.38692881563733
57600	80196	1.38685540508066
27036	56886	1.38683408968916
4738	57380	1.3864765065152
57107	9652	1.38630959511579
374383	6310	1.38512598816019
10467	28985	1.38456729658774
25813	60488	1.38434724698861
10651	5987	1.38407790114549
283871	51024	1.38246046686877
55347	9793	1.38236689371014
10426	8562	1.3818662806393
1175	79876	1.38049351776187
2354	9958	1.38019566321275
27440	28972	1.3800817449805
4712	51071	1.37969406405831
2643	64332	1.37965043432733
6222	6229	1.37783951563031
10467	79709	1.37717283384526
1353	825	1.37639570126653
1795	54209	1.37624678036848
10248	11222	1.37597834440558
10376	4722	1.37533628868082
51322	8648	1.37510222929141
27068	54939	1.37456432649977
22882	8878	1.37438669046487
1182	81627	1.37427646633775
10667	27010	1.37400969856121
10248	51081	1.37343929327594
7295	7296	1.37267204389893
55347	5984	1.37207207408064
25828	4722	1.37114235656847
219854	55972	1.37063492095652
7295	9659	1.37052291183751
57175	8030	1.36923200133396
112616	154791	1.36862465497084
29880	29929	1.36716614259485
29108	7846	1.36680362617077
23387	4088	1.36626225546112
57107	90522	1.36387283927721
1353	27010	1.36325857433756
4712	57107	1.36296047086101
100303755	55027	1.36285071647284
203068	51081	1.36001620508397
374659	9779	1.35933191553579
4668	84064	1.3591102852379
54664	9779	1.35903476552571
23590	25816	1.35894895258993
56922	8673	1.3585242733803
143098	5873	1.35838635820603
79053	92255	1.35819679062538
27036	4704	1.35767500621498
10049	8564	1.35725755260583
328	4711	1.35712954678584
498	51374	1.35673817373833
11222	55347	1.35668510000775
51368	64745	1.35625081585749
55156	5550	1.35621209547831
509	51374	1.35573501020503
2197	5204	1.35522586931332
6160	6170	1.35481813991219
6141	6158	1.35471299776096
161742	338382	1.35458970041159
8648	91404	1.35421441543611
115106	9482	1.3538556416761
25771	92579	1.35366251494398
1559	8022	1.35344261659365
5142	7538	1.35311696747261
10330	64976	1.3529042328903
2806	55699	1.3508323320896
23155	26355	1.35049680513188
28956	84661	1.34928159479063
79876	8898	1.34913287764511
23412	6945	1.34824237186573
4716	9815	1.34805760104563
10026	210	1.34754332803406
5510	9703	1.34741038009195
51768	9488	1.34702094855888
51567	7296	1.34596245021187
3684	79053	1.3454888216444
162073	23167	1.34537771956815
1368	55745	1.34477343975333
10049	23590	1.34432667270111
124512	1329	1.34362016808598
1786	338382	1.34274995792512
1650	4712	1.34265984033149
6167	6203	1.34195569150088
51374	9482	1.34040745488693
23608	51444	1.33973091593993
6133	6167	1.33940504379822
140707	1465	1.33907723542682
1106	29896	1.33718103417581
127018	152100	1.33502622152445
27010	498	1.33491211582421
26355	6119	1.33417852934879
1353	27440	1.33376805297004
51409	92579	1.33370716189583
6201	6235	1.33180215095901
51248	84938	1.33094608000749
29081	51409	1.33091497479107
27440	57446	1.33060580161342
128	197370	1.3300666613539
4216	8878	1.32948119320289
23412	79161	1.3292245419762
1497	162073	1.32743720855476
26157	8125	1.32649139060645
4668	7048	1.32566451268134
55347	55847	1.32505543418655
10195	9110	1.32339514542665
4706	4709	1.32324905533154
25804	25828	1.32323182908503
1154	84102	1.32258726176124
10235	5997	1.32245402123593
78988	8883	1.32223489204167
55156	754	1.32145463182812
1353	8673	1.32134758837751
1069	2971	1.32003793678622
11311	56922	1.31984336564854
2171	6383	1.31978243125425
23155	27068	1.31941458863338
23741	9204	1.31933438167262
51768	9779	1.3189332861714
125988	280636	1.3183910588177
64981	9692	1.31788840640261
10075	6229	1.31781974721112
2653	92106	1.31711763702665
4677	4709	1.31674033388033
51322	91404	1.31654162665759
140707	9779	1.3156991265119
2643	2867	1.31552045425557
5599	96459	1.3148659192239
1892	2806	1.31481871320447
60488	79077	1.31320711064217
4190	51495	1.312858376028
6210	6229	1.31264329970951
23171	51768	1.31254671364626
26953	29081	1.31252848842671
125988	79161	1.31171689596412
1368	56833	1.31109265826799
4712	5955	1.31061493512203
6227	9045	1.31059878093104
125988	23412	1.30957400237109
6206	6217	1.30954512100723
140707	80856	1.30933336612102
203068	55156	1.30863825488358
29081	55706	1.30850671035494
2944	2946	1.30798165169141
6152	6217	1.30750346673965
10549	64172	1.30719704090305
27068	79017	1.30708536152524
23076	3417	1.30682824590766
7846	9488	1.30518595537958
4853	7763	1.3049983963777
51495	83695	1.30478578622259
2203	23184	1.30458899985214
28985	92579	1.3043150847028
11034	4522	1.30420105300568
112616	64976	1.30310591426733
3417	7188	1.30224342395241
2717	51567	1.30221488529219
51073	84817	1.30095808250762
26355	3684	1.30088821885059
27072	55972	1.29986314806639
4668	4722	1.29973250883232
114971	84661	1.2989254002799
9166	92579	1.29888940578365
26355	51081	1.29785683661574
389541	51362	1.29734538737716
10559	55320	1.29729056999679
1737	27068	1.29598101393234
26953	7264	1.29559091439795
92106	9793	1.29533005564646
4708	64975	1.29497497867663
127018	64395	1.29405998046276
4698	7257	1.2933158100898
10430	79077	1.29205952226773
3988	57102	1.29159352328301
27068	83695	1.29132519739236
6187	6229	1.29108833901884
6136	6229	1.29054249098824
85025	9240	1.29039624298779
153020	91746	1.29032858257364
51397	9652	1.29019118305971
51642	55027	1.28972684961258
114971	348235	1.28962640507822
114971	51374	1.2895997935252
22861	5997	1.28942002802573
26610	57380	1.28933245661181
29081	54935	1.28929739925785
29081	7846	1.28563489070307
1329	2647	1.28511181541159
2717	55207	1.28306261953846
58478	9652	1.2822592957692
1070	29090	1.28212050574569
155061	4664	1.28154930458626
54780	55100	1.28146508620644
10376	6117	1.2805623320879
3028	6626	1.28039821426822
10935	1465	1.27983557951315
124512	4668	1.2796185420872
4722	6117	1.27934871043284
23412	51253	1.27883955333674
2203	57130	1.27850580940391
10467	51368	1.27845252717581
51701	9462	1.27835291115175
528	57600	1.27814125473068
90871	9692	1.27778174796715
11311	55972	1.27763499434143
4668	51192	1.2765213372454
286451	9276	1.27575846162305
373156	5236	1.27564901007308
28972	65005	1.27303036562655
128	51115	1.27280126613891
124512	4358	1.27270430906927
140707	51449	1.27158366435186
55847	79053	1.27076343906007
2203	26355	1.26995845050939
11112	55699	1.26958861815297
30835	81889	1.2695767048697
7319	8878	1.26957154141793
140707	4522	1.26956765327967
11311	27102	1.269512245009
8836	8878	1.26880565080305
5663	9969	1.26778218336914
1329	5223	1.26742651760628
4864	83877	1.26709146735606
6169	6235	1.26700204941595
10235	116362	1.26675319364753
27350	8801	1.26667945000239
1329	90871	1.26664558380045
1737	55847	1.26620826414075
6146	6228	1.26613153314172
4358	64981	1.26526164091915
11311	64710	1.2646434738781
113251	157285	1.26402787282893
6194	6232	1.2632038825662
11123	55276	1.26263620281565
1844	5209	1.26248204468409
55972	84661	1.2621194222506
2976	55156	1.2616602458571
1650	79053	1.26156913585759
23514	388	1.26147950789814
22864	26469	1.26085445209704
57446	7846	1.26044924045713
26610	84661	1.25826370837612
221458	63895	1.25695456114004
23511	57727	1.25673817208353
152100	283742	1.25529032580601
27072	55266	1.25497463297264
2171	8727	1.25425159702231
10330	64374	1.25347056512005
2971	55741	1.25323514562336
4706	84817	1.25292137648256
1849	79447	1.2506334521338
2926	64981	1.25029477922596
10430	28985	1.25021074728944
86	8697	1.25019654237236
28956	85437	1.25017772995787
10248	78988	1.25015993002742
6880	9352	1.24956006859982
9158	92579	1.2494917288394
2717	55727	1.2494653372956
10426	29081	1.24842795414198
55027	57107	1.24789971352431
29081	328	1.24782656370744
6228	6232	1.24604010505516
28972	5291	1.24589500668353
26123	60488	1.24555025376315
55610	92255	1.24498947893707
1329	56922	1.24458724844275
10426	1849	1.24452913066544
51649	79161	1.24442215322913
132160	79161	1.24438718252239
51071	8776	1.24372309576769
11123	5547	1.24285816654362
23731	51495	1.24143192812077
4738	51192	1.24117814105908
51071	84317	1.24060826679997
147948	1638	1.23986939447157
23530	8776	1.23975215856294
11311	114971	1.23901612822942
2971	9158	1.23875555213156
4170	63935	1.23871194378784
124512	28985	1.23855634428562
10426	57563	1.23816000425469
3988	92255	1.23807044916528
29108	57446	1.23647633041905
64981	85437	1.23643167150385
51816	64174	1.23632300838366
27068	64976	1.2355135218664
6426	8564	1.23533074346499
127943	55017	1.23522800710651
6194	6229	1.2351037274264
100303755	55276	1.23509758922593
151987	96459	1.23501532163262
4716	51024	1.23499119158811
29081	84545	1.23463136683803
29997	6208	1.23447500509345
154791	4711	1.23442348635572
283897	91526	1.23422134023551
55027	80223	1.23407435187088
51386	6138	1.23359572172538
51397	90522	1.23266813043381
11311	25828	1.23251667211561
6046	6434	1.23238843974689
3396	64976	1.23230692993393
2643	4616	1.2321309357784
10598	5707	1.23106596302729
131118	7580	1.23091432031731
23428	9462	1.2309101426758
6203	9349	1.23072034179498
162073	8564	1.23022942281659
122961	4677	1.23010082167392
253782	57107	1.22924186854927
11000	92906	1.22871249799304
64745	64976	1.228596476226
10330	28972	1.22852082351511
23412	51693	1.22833193374827
4712	51122	1.22825956595406
1849	79876	1.22782148609678
60488	84300	1.22687209955643
1795	51393	1.22637886954805
7474	7532	1.22458137308625
51646	7844	1.22385741205619
29095	7873	1.22344576994474
3267	4929	1.22299931332189
4128	55791	1.22277740623409
54675	55706	1.22271155729996
6138	6155	1.22268178128852
55163	55364	1.22226784450894
29880	60488	1.22193844194925
79161	79709	1.2219097391277
6175	6187	1.22146492564054
23184	3684	1.2213789809594
127018	1465	1.22121341123638
7145	9462	1.22087031917689
6143	6159	1.22077463270604
29081	79068	1.21894833377456
3091	9958	1.21869704534382
54957	6714	1.21832552165401
6158	9045	1.21824906800055
4942	6275	1.21763700485974
55917	9240	1.21706823423742
404672	4712	1.21662196311625
29967	7743	1.21598935182806
128240	7390	1.21593895695357
29081	9488	1.21581400809706
5096	90871	1.21531354135592
79630	9793	1.21486890743462
4332	81704	1.21483320747299
26986	6176	1.21314815285178
11000	1737	1.21260825798836
140707	8776	1.21259458805819
4720	94107	1.2123994940453
10476	280636	1.21225306926153
10467	27440	1.21202888210276
1514	4864	1.21196942531038
1601	9240	1.21130598998155
25813	79709	1.21107554284113
1312	92579	1.21012785672939
5245	8402	1.20939702685608
64397	84967	1.20921532989547
5245	65008	1.20764403416136
286451	6729	1.20743175002647
8673	9488	1.2070125664859
4738	55972	1.20601410205634
55313	8125	1.20547121690326
131118	1465	1.20539104598282
4704	51081	1.20501186898776
10549	79053	1.20486091576725
1207	51115	1.20450385847372
64710	84661	1.20428216308758
55706	79073	1.20387500786239
328	51368	1.2033217510774
55101	79876	1.20135610665916
1154	4064	1.20129823343213
202018	92906	1.20081589332097
4668	64975	1.20048234269538
6228	6234	1.1996412827684
128240	28956	1.19957330071539
1175	4026	1.19848883858849
51122	55972	1.19805323452031
51367	7264	1.19788250643209
202018	84817	1.19753544648136
55156	94107	1.19750558262237
283431	8649	1.19640955521763
3656	7130	1.19613764958775
115106	51374	1.19508930345863
1915	7316	1.19449840529663
2354	7538	1.19423630198563
23533	7415	1.19396676960104
26123	8898	1.19394379767005
6204	6232	1.19387015986713
127018	79644	1.19360461009303
55156	83695	1.19337093013254
131118	60488	1.19262174071767
10476	11311	1.1922201237978
689	8665	1.19217445545065
11311	9488	1.19210711116263
1329	7846	1.19164124900564
55276	79876	1.19147101227494
255520	79017	1.19135790922783
6129	6206	1.19067740315475
25771	27440	1.19062065383457
51360	57380	1.19057875486032
4191	92579	1.19037113179118
122961	79161	1.19035841304855
84317	84661	1.19025293470065
2806	64710	1.18995328995775
25804	57446	1.18962479169538
4360	9462	1.18939029089869
51340	6383	1.18934230226771
10549	4522	1.18907042890749
11112	4522	1.18903381381403
55847	79077	1.1884467056344
10038	80856	1.18804778237356
6016	6434	1.18759702300916
64976	85437	1.18732458062289
27440	51367	1.18688517792325
1121	7360	1.18676506172285
8089	84896	1.18605522438009
56938	84102	1.18472852988875
6133	6146	1.18440138559766
28973	8504	1.18374733451322
5245	79077	1.18246106221827
404672	79644	1.18237180960129
6164	6168	1.18225341281234
11311	374659	1.18205888286031
23533	5717	1.18171487766192
4738	64976	1.18147168312784
10626	9700	1.18130965711609
10410	10581	1.18126739282611
6168	6210	1.18117757898472
6158	6164	1.18035289535917
29087	8673	1.17957978502383
27089	6119	1.1792295153921
522	85476	1.17858138693926
58477	708	1.17809506799849
126321	79365	1.17781355222659
10398	246	1.17729262090751
29088	79135	1.17705743425241
29081	60488	1.17662313307568
56180	5742	1.17612756976168
51024	51374	1.17582174844439
26355	4528	1.17564138240035
10096	7295	1.17483627494805
2533	404636	1.17453161719863
2730	3685	1.1744393997999
1355	84661	1.17440719986549
6733	7084	1.17415798221734
51106	79053	1.16948075245537
1849	29081	1.16871888407538
178	55266	1.16645114793566
54664	9488	1.16631684516469
51367	55276	1.16627045195449
6160	7311	1.16626914582537
85437	8673	1.16552609757975
143098	22861	1.16535912439808
119559	1798	1.16501929090725
127544	64319	1.16490602375782
51024	56922	1.16478015991362
2519	55699	1.16397131223046
4720	78988	1.16376606634464
10975	4714	1.16331377874944
55027	84693	1.16323595335519
4666	6217	1.16302969866517
178	80856	1.16296653693511
1329	4711	1.16260566507864
4712	51367	1.16253987121823
1106	9584	1.16247992453676
55699	64976	1.16230581497178
55917	8651	1.16183516104733
100303755	51071	1.15987073516423
26469	392	1.15965434243353
145389	55676	1.15936556038572
29081	51397	1.15919646786181
54675	55266	1.15884721417359
6147	6206	1.15799379089279
55699	57446	1.15731207602822
11311	51374	1.15724180846393
27068	7283	1.15680770255438
4084	5142	1.15671160670372
27068	8898	1.15648473149759
11000	5160	1.15632414086363
23608	3621	1.15627557949094
57409	9482	1.1560523878265
140707	25771	1.15584685609527
10184	528	1.15552584366668
203068	55347	1.15547028884903
127018	51122	1.15541702611888
11080	2729	1.15506581788795
29081	9110	1.15488928890571
1329	283871	1.15475845227939
54675	60488	1.15466792416919
64976	84790	1.1543857596466
4722	79077	1.15368405805115
79876	8883	1.15307970295839
51071	65005	1.15288641457225
10195	51367	1.15244865208179
338382	91752	1.15093924564998
23530	50808	1.15077797184151
6696	8727	1.15067628263774
28956	7846	1.14924642165223
286148	58478	1.1491775213246
10131	203068	1.14888498038963
6009	6385	1.14878875851753
51248	84274	1.14754888337356
2519	29081	1.14627236252065
60488	85476	1.14586730594524
1465	57380	1.14570701424141
55333	58478	1.14549021476788
51649	6119	1.14535775507837
6142	6158	1.145080334686
54520	64121	1.14414772307853
1312	2971	1.14390733969711
4775	7846	1.1430434622439
4684	7475	1.14268444421174
285521	8673	1.14264120988377
4358	51071	1.1420456303574
128	57409	1.14200087659813
27010	51768	1.14156716318388
27440	84967	1.13916387170785
28973	29090	1.13873960935516
11311	150684	1.13748403502229
152100	2653	1.13487146558077
285521	64710	1.13384784033558
6167	6170	1.133773222284
1175	8673	1.13331574674008
5296	6117	1.13315075912006
11311	1465	1.13146253733085
125988	150684	1.13132353563241
3301	6533	1.13007567414049
128	51768	1.12995402900301
10267	348	1.12912417158442
4714	509	1.12869944136311
29087	54664	1.12782151534494
2313	54583	1.12778307752235
55959	57409	1.12738384694525
6146	6170	1.12584896881212
2519	28972	1.12460096561295
9692	9703	1.1242601446197
10026	5037	1.12393977075159
11034	55266	1.12297639420546
27072	7037	1.12147702340248
54675	56886	1.12130601006899
55917	85025	1.12121686729268
2806	28972	1.12101346748824
203068	79630	1.12057363377274
124512	64975	1.12033603675067
25771	4738	1.12003799889875
178	83752	1.11988905596406
1737	85476	1.11987884522994
27005	8673	1.1193307007093
23395	57102	1.11910280164298
6122	6135	1.11907547048952
11234	1601	1.11817499958907
3091	7538	1.11721568485468
4712	57380	1.11669081254072
1650	56886	1.11569650442915
29081	64710	1.11561785489459
64745	64975	1.11556116394269
25804	51024	1.11543036428941
286148	84191	1.11496904381307
55266	57380	1.11481847157076
4172	9110	1.11414271020043
1329	79161	1.11405766694911
8673	90871	1.11282298952528
10195	84279	1.11231057747459
246	55691	1.11217270503697
10651	55347	1.11059347601887
29081	348995	1.1093427205935
1441	6402	1.10887158173524
55288	5934	1.10885371266849
1070	51001	1.10856548607654
51649	64976	1.10848989189019
26953	57107	1.10844752700217
29081	64397	1.10828814475191
4696	51253	1.10811753766077
210	5037	1.10770832463201
60496	8803	1.10751925497881
23184	6119	1.10732050768869
54840	55173	1.10708495473718
29087	55699	1.10701206265464
327	58478	1.1061487975429
2646	389072	1.10394292918048
10890	23019	1.10349389716854
51374	84064	1.10335241686646
10430	1798	1.10292763128407
140707	23171	1.10233038552523
25804	29108	1.10180276939426
6129	6201	1.10171098778065
203068	2203	1.10152609453408
64210	9110	1.1007495979315
2140	7295	1.10064200607632
328	51768	1.10054349040819
29081	84967	1.10053280222092
6404	64333	1.10051661138011
5516	8564	1.09988306057841
5717	7415	1.09986831078903
11123	1465	1.09929006717473
140809	55207	1.09865078907151
6227	7311	1.09852285784938
26355	5984	1.09777846236418
55198	90843	1.0968604935058
1983	4097	1.09587764666565
51248	51495	1.09582959087393
4929	5142	1.09498069985792
10476	64981	1.09432419947048
2717	3842	1.09360156094948
3105	567	1.0935721874008
57380	64976	1.09344984054884
26268	79699	1.09145769249222
10195	10430	1.09138073926894
10935	6391	1.09102903717194
4712	55972	1.09092117987311
23463	57380	1.09028330244063
51374	9488	1.09022835082381
2806	7048	1.08934111934966
25940	64318	1.08916835653913
1479	25940	1.08885164341489
1175	9692	1.08782651182059
4709	51692	1.08708317628678
4709	79053	1.08694806789912
30835	8772	1.08673323445193
1039	92255	1.08641489298032
130814	92017	1.0862049350796
10376	9703	1.08583137957554
25804	28972	1.085280096496
6167	6204	1.08481935434205
10067	4706	1.08426682072437
2643	7097	1.08332201980687
128240	8673	1.08267089769855
11123	51192	1.08219942770813
8209	9692	1.08181315810806
10426	92579	1.08168586808312
51368	64981	1.08059964676715
124512	64710	1.08057750110323
100303755	4738	1.08044570379331
27247	285343	1.07783307661277
127018	522	1.07761594108811
162073	7743	1.07715220541143
54556	6173	1.07617132060927
6158	6159	1.07612790001235
134492	5245	1.07599974517876
64975	64976	1.07477687805201
51368	5524	1.07421318170303
1039	57102	1.07391219123664
29896	91746	1.07339430484055
51367	51642	1.07206043303574
1465	348235	1.0713641952362
56997	81558	1.07084141743996
5873	9262	1.07072161366277
145389	23022	1.0703496281092
124512	94107	1.07009194653079
6187	6228	1.06952401127825
4358	51650	1.06927006814266
26355	4702	1.06882957903914
60492	81889	1.06865246610304
10783	51010	1.06856651535741
4736	6205	1.06809612526375
23731	5742	1.0680899640808
1207	28972	1.06729704940988
4738	64981	1.06613836579899
55700	64319	1.0656469359205
64710	79161	1.0648441518144
55333	64981	1.06422587637863
157285	4247	1.0639854209826
6155	6168	1.06390772556345
11112	84317	1.06285853010706
5073	55699	1.06276779116146
1175	54935	1.06232911771206
51439	55251	1.0620680104523
1175	64975	1.06175638655649
6147	6164	1.06141336381762
328	92579	1.06136628613597
23760	65264	1.06126276525313
22950	4677	1.06075804895867
27068	6119	1.06063204211974
6159	6208	1.06030622359567
1559	9223	1.05904969706595
27131	5162	1.05736476943703
11311	29108	1.05733415389367
1069	54935	1.05727798574747
27068	4709	1.0570641605772
25771	51367	1.05697728020335
11000	388962	1.05642795399496
140707	498	1.05512712275071
6159	6164	1.05496212530866
6176	9349	1.0546340440849
57107	64976	1.0544088955128
55127	58477	1.05348867242414
6168	6222	1.05322699901281
4712	9110	1.05298282960274
29880	440574	1.05296981272496
1175	64745	1.05287686625721
29081	57446	1.05222823832566
122961	23184	1.05194293541508
10651	4712	1.05112424447275
100303755	25804	1.05081353738863
253782	5591	1.05051336454126
51024	8776	1.05039827947422
54664	8776	1.05029553131842
665	9975	1.04863656740425
6159	6235	1.04781990097725
55706	56886	1.04764760934098
84064	84661	1.04703996127613
10783	87	1.04647682087976
2971	8673	1.04641372821057
1069	10935	1.04537933564749
2643	4084	1.04529377601855
79630	8803	1.04525985775618
124512	64745	1.04498624870601
6133	6208	1.04489347428764
55207	84888	1.04408418782618
4712	92579	1.04378238407479
26355	64976	1.0424134213765
51374	9158	1.04233170040144
29086	51013	1.0423092811811
1207	79754	1.04199805112575
10465	64960	1.04115815215926
100303755	92579	1.04089713522975
4709	4719	1.04070669950156
3301	9817	1.04054959679924
1207	8776	1.04047815825624
51022	51466	1.04044947110142
55745	56833	1.04026074702821
331	51174	1.04019087638688
6136	6146	1.03968409327674
1376	23076	1.03939568890545
23741	84265	1.03925836320842
128	28956	1.03913547777115
30835	9462	1.03844155519732
11311	4738	1.03757836921195
23412	64976	1.03659464662311
1559	6752	1.0364919444454
4706	516	1.03627456574022
1174	51495	1.03612372554775
10783	6383	1.03485338587907
6160	8667	1.03448678952125
4190	51300	1.03366336281818
254170	5728	1.03347888695715
79077	79161	1.03302745468853
84064	84313	1.03249253394457
22949	528	1.03197916970019
114971	55699	1.03183724612215
28972	90871	1.03136734381664
152100	5955	1.03047658503428
2203	79053	1.0300574644766
25813	6272	1.02972542209309
131118	92579	1.02964779086896
55706	65008	1.0294281858586
55156	6119	1.02875366581141
29886	4128	1.02847250223041
1163	26355	1.02823482186418
55699	83787	1.02801876340101
4704	84279	1.02760696259305
10430	51409	1.0265481714335
26355	9692	1.02635815782945
51668	8673	1.0260354919098
125988	4717	1.02593342616621
28956	90871	1.0255534992714
10213	5693	1.02498851987665
4714	8673	1.02405176100421
6655	831	1.02398817106025
10428	51768	1.02394798714571
153241	4012	1.02211246979021
10476	4358	1.02173058671923
23514	8073	1.02162394282914
7257	80145	1.02121517574536
11000	9793	1.02070171803207
4012	79573	1.02051360152835
131118	51768	1.02034440341778
6152	689	1.02032752655588
2717	51150	1.02029971553382
11123	348235	1.01978180494911
6152	7311	1.01946962540279
1795	51495	1.01931286604248
51022	6692	1.01886210082048
56254	79077	1.01855150902401
116362	6402	1.01801885518542
6631	84967	1.01683819334379
11213	4067	1.01641616510162
10467	4738	1.01551707037696
5142	9958	1.01544624380828
6229	7316	1.01539407844943
11124	29108	1.01506302119095
100170841	27074	1.01482423898589
54664	57446	1.01438447451753
115273	8613	1.01424991439816
130814	6342	1.01376141266633
4696	51079	1.01276962163575
64981	79415	1.01233259589357
2926	84064	1.01230397729006
3417	8799	1.01229716703624
124512	2926	1.01225222180955
4677	55156	1.01221919497806
29081	4711	1.01113021295708
5001	79876	1.01112553821929
6217	9045	1.01098199331303
4528	55156	1.0108496223003
29081	51768	1.0106608489454
3290	6361	1.00926132495461
3396	79161	1.00874572824632
112616	55741	1.00743189655911
51001	9724	1.00713008870716
57645	83752	1.00621456217876
51495	56672	1.00597528695496
64333	84196	1.00562108717306
4358	51649	1.00528943641163
152100	5984	1.00519091602625
6152	6235	1.00470559758577
25840	8099	1.0040606604304
4677	55972	1.00394194075233
4677	56254	1.00387076929685
131118	26610	1.00341541423321
3148	6653	1.00315143329184
285343	57446	1.00308185028801
1843	57018	1.00295566192366
157285	338382	1.00265782054851
6158	6188	1.00257636118194
57706	81602	1.00198376854205
219854	25804	1.00192047772439
54344	54460	1.00140166737386
28973	60488	1.00110100975697
1540	80314	1.00036495280594
84191	84317	1.00003349688084
