6192	8653	3.84759717362183
6192	9086	3.84693926305884
10075	1915	3.8465832567899
6194	6206	3.84642724500154
6205	6206	3.84574793791936
6228	6235	3.84515948726271
1915	7178	3.84489565862103
6168	6171	3.84481599233666
8653	9086	3.84398249331253
1915	6168	3.84377808573916
6156	6194	3.84303552135248
10075	6187	3.84295542019191
6206	6234	3.84271922267667
6168	6232	3.8425196412182
6194	6204	3.84240166755802
6188	6206	3.8421750028868
10075	7178	3.84215129353037
4496	4501	3.8419528200508
6161	6194	3.84167735213667
4494	4501	3.84142482544275
6161	6205	3.84137156568884
4501	4502	3.84136277349272
6171	6187	3.84120225771523
6228	6229	3.8411724121541
6146	6194	3.84067374758876
6156	6210	3.84054138593817
10661	3757	3.84044116858394
4496	4502	3.84041204556555
6205	6234	3.84039233416268
6128	6133	3.84030272465961
2215	8972	3.84025929260583
6156	6206	3.84023125528448
6169	6235	3.84007124351953
2944	2946	3.83972095514419
3106	3107	3.83942374474433
6161	6206	3.83886638528342
10075	6168	3.83834133175836
6161	6204	3.83821095425089
6158	6160	3.83819393051371
6152	6227	3.83812436031237
6156	6161	3.83799177571757
6171	6205	3.83749818936874
6158	6229	3.83742163015531
6171	6206	3.83722305685931
10437	5265	3.83721874851813
4493	4495	3.83720970654147
6192	8284	3.83716383433592
6205	6222	3.83695473593674
4628	759	3.83688971349734
6168	6210	3.83682810637933
6194	6205	3.83664775111323
6175	6194	3.83647656268335
3577	3772	3.83644974871051
6232	6235	3.83608355053159
6227	6235	3.8360098413717
6176	6210	3.83592724300202
6158	6235	3.83582820322857
6205	6235	3.83582241908836
6171	6210	3.83576140749055
4494	4496	3.83571891246481
1915	6187	3.83564017693352
6161	6175	3.83561458444795
6229	6235	3.83541878913651
6160	6235	3.83536784451003
4493	4494	3.83535153581658
6176	6232	3.83526560925686
6152	6201	3.83503187196401
1417	6508	3.8346967454819
2215	3772	3.8346920900673
4493	4496	3.83456918142317
6146	6156	3.83448443996927
6168	6222	3.83447462965502
6168	6205	3.83367755531386
2357	366	3.83358663148814
6188	6210	3.83291926253225
1915	6171	3.83264643058247
6204	6209	3.83247392643037
6122	6194	3.83242259938329
6201	6227	3.83231479608147
6146	6204	3.83221644139693
6188	6194	3.83213830838562
286	3757	3.83167134971314
6156	6205	3.83148380232352
6206	6228	3.83118917659916
6122	6161	3.83096379391156
6206	6235	3.83075811143107
6168	6234	3.8306777873422
6161	6222	3.83041361154661
6168	6235	3.83016958074573
4983	79966	3.83009845630107
6171	6234	3.82997348648236
10437	2219	3.82987716215667
6168	6176	3.82977820123604
6142	6159	3.82953645817183
6122	6175	3.82935212590944
6169	6232	3.82905937617495
10075	6171	3.82872935980366
6158	6228	3.82846798072725
4494	4495	3.82799093796657
6155	6235	3.82795791972677
6168	6228	3.82777240194125
6210	6222	3.82776697045577
2215	3577	3.82770762416331
6227	6228	3.82766940359274
6194	6210	3.8275402320169
6168	6187	3.82638285035658
6168	6169	3.82630404785198
6187	6194	3.82602475052917
6194	6234	3.8258332359347
6206	6210	3.82542270761971
11224	6223	3.82522106460863
6206	6222	3.82515209334651
6160	6228	3.8251468751288
6136	6146	3.82509092822032
212	6521	3.82482753828535
11224	6227	3.82480014080986
6175	6209	3.824648977808
6129	6133	3.82442700449655
6187	6205	3.8243262554321
6228	6232	3.82414490170828
6160	6227	3.82410542015635
6128	6129	3.82405788891489
6168	6206	3.82392347462649
6210	6234	3.82383569352593
6146	6223	3.82376027409876
6168	7178	3.82353511602765
3108	3122	3.82329666519652
6191	6194	3.82300059384225
10075	6210	3.8229578851241
6171	6222	3.8227191891719
4493	4501	3.82265411311782
6160	6167	3.82246157269493
6204	6206	3.82216066806035
8284	8653	3.82205538500449
6187	6206	3.82202621749776
6169	6228	3.82183307183807
6167	6228	3.82155370400802
6122	6187	3.82152875599622
1559	56	3.82144862320437
2038	212	3.82132181627014
6194	6222	3.82122952018768
6170	6232	3.82108198322808
2219	5265	3.82098114162001
6122	6206	3.8208197680725
6194	6228	3.82037795834474
6222	6234	3.82025457538825
6204	6222	3.82000024793741
6160	6169	3.81999924592678
6188	6205	3.81979727824349
11224	6152	3.81961414049991
6146	6227	3.81953270653204
6155	6227	3.81947725707953
6210	6228	3.81928035531147
6152	9045	3.81905581253722
6156	6227	3.81891075743564
6223	6227	3.81883555083782
6205	6228	3.81868248577888
1915	6210	3.81824839441337
6187	6222	3.81819765200915
6169	6206	3.81811740890727
6156	6204	3.81792072362712
4736	6223	3.81761308228521
6161	6235	3.81724885142207
6205	6210	3.81723750187097
5196	5473	3.8172214934445
6160	6165	3.81710581389604
6175	6204	3.81695877037239
2038	2993	3.8169123490679
8287	8653	3.81635788568374
6156	6228	3.81543449051065
6160	6229	3.81506883294295
6205	6209	3.81494436885861
6194	6209	3.81479230956321
6156	6171	3.8147911144714
6204	6205	3.81409342492528
6187	6234	3.81364490788557
6158	6205	3.81358024306729
6146	6206	3.81345634451692
6158	9045	3.81335420433667
6191	6206	3.81333792616556
6128	6156	3.81293840745961
6146	6201	3.81266713479644
6222	6232	3.81217626757183
6235	9045	3.81210531119799
6206	6227	3.81176741259004
6136	6152	3.81171364195876
3757	759	3.81163983314458
6146	6152	3.81161844954464
6187	6210	3.81121894486069
11224	6141	3.81111468023468
6156	6159	3.81095150706919
4494	4502	3.80999754679258
6156	6188	3.80990989293942
6155	6158	3.80965927865563
1915	6176	3.80952586309925
4495	4502	3.80940965398211
6188	6204	3.80906615252313
4495	4496	3.80898423431743
6146	6161	3.80894967919398
6227	9045	3.80892280973154
6188	6234	3.80880858982078
3772	8794	3.80855874193819
6161	6234	3.80854197653751
6161	6209	3.80853495496544
6156	6201	3.80816398445477
6175	6205	3.80789455290262
4493	4502	3.80789393363308
6171	6194	3.80778361263572
6205	6227	3.80773710758078
6210	6232	3.8073190578903
4983	8434	3.80672308541243
6168	6170	3.8066462562189
23214	84243	3.80655716734215
1915	6232	3.80644783079163
6136	6223	3.80643952143059
6147	6222	3.80636862412694
6128	6201	3.80636821061339
6175	6206	3.80615343990491
6156	6222	3.80585401839554
3772	8972	3.80576712445212
2215	8794	3.80570759252028
6158	6227	3.80546351175478
6167	6235	3.80538903185249
4736	6138	3.80535745549271
6159	6223	3.80531244349731
10381	10383	3.80529693060795
6188	6222	3.80495581847981
6161	6191	3.80473357035159
3772	3985	3.80469467988244
6279	6280	3.80426017786637
6161	6227	3.80410371076046
6129	6167	3.8040322112429
6194	6227	3.80385195833114
1549	56	3.80346677650323
10288	4688	3.80332794200749
6171	6176	3.80330461101493
6169	6234	3.80318181509415
6206	6223	3.80310558301511
6234	6235	3.80264372235439
6201	9045	3.80261830044052
6129	6156	3.80232691668016
6133	6156	3.80222545518611
6133	6210	3.80152273852753
6169	6170	3.80146358326246
6158	7311	3.80135967342338
6136	6194	3.80110154566635
6171	6235	3.80096038320153
6129	6155	3.80094073598026
1955	51311	3.80067771094985
6152	6223	3.79947890269434
6171	6232	3.79911897632627
6193	6223	3.79887872569953
6152	6235	3.79814046777657
6152	6165	3.79807102900986
10075	6176	3.79799510181134
8284	9086	3.79781986398929
6129	6232	3.7974670524548
2219	929	3.79690617476782
6129	6168	3.79589635947668
6161	6171	3.7958415615221
6194	6235	3.79545769358255
4495	4501	3.79544926289546
6169	6171	3.79466634189227
6158	6232	3.7945614984077
11027	79168	3.79450316566406
6155	6167	3.79427527017771
6129	6210	3.79408615813852
6160	6206	3.79352296724222
6156	6168	3.79314289912527
6161	6187	3.79313354223175
6161	6228	3.79309257009448
6235	9349	3.79289561465567
6176	6188	3.7928944788715
6152	6160	3.79249190864665
6156	6223	3.79211953357287
6210	7178	3.7920781040041
6171	6188	3.79191668855408
10288	5265	3.79190111008593
10112	6241	3.79154548109017
6228	6234	3.79143286475553
6205	6232	3.79111519599851
6188	6228	3.79088953639017
6168	6188	3.79022103410427
6156	6191	3.78986726693098
6158	6167	3.78972581473054
10075	6222	3.78929206930553
10437	9056	3.78866748413138
3577	8794	3.78865558088402
6146	6175	3.78720712098435
6205	6223	3.78711458629325
10075	6234	3.78637346939419
6156	6235	3.78632495535115
11224	4736	3.78500836953315
2219	5660	3.78493760243546
6168	6229	3.78489393095878
6136	6175	3.78467690958677
6194	6223	3.78456849033725
6167	6227	3.78453646161253
6228	9045	3.784046466609
6229	6232	3.78253996174993
6169	6188	3.78218544556007
6169	6210	3.78213583417393
10437	5660	3.78174048381491
6156	6187	3.78129063982799
6155	6201	3.78081028333626
6165	6227	3.78059871049068
2357	4688	3.78049892593915
6122	6204	3.78035800497034
6122	6205	3.78019966081196
212	2993	3.78008895538797
6170	6235	3.77978470006565
6155	6228	3.77966267484879
6170	6228	3.77942436026376
6169	6205	3.77848969509234
6206	6209	3.77797500200995
6159	6194	3.77779322403158
6188	6235	3.77728033356044
10875	29992	3.77700809787355
6222	6228	3.77662844606299
6176	7178	3.7762281281313
6138	6152	3.77547092599291
4736	6165	3.77533159332034
6133	6176	3.77524382978397
6210	6235	3.77497733141074
6152	6156	3.77351030074652
6217	6227	3.7734335321204
6171	6228	3.77340840278419
1915	6222	3.7724220233791
6146	6160	3.77224796200146
4688	79168	3.77201071511556
6176	6228	3.77077247545834
6138	6223	3.770189024056
6169	6176	3.76874118994058
23214	3772	3.76849384450005
891	9133	3.76787885880103
8794	8972	3.7676950686193
6128	6167	3.76725860133559
6128	6227	3.76677843776706
6147	6205	3.76670612062677
4736	6193	3.76667203824892
6167	6170	3.76638021315012
51327	759	3.76622812051544
6155	6229	3.76615830883361
6159	6217	3.76615674989166
332	9133	3.76611022686727
6159	6205	3.76600715667839
6159	6161	3.76591974115491
6156	6160	3.76522432577001
6152	6155	3.76460667559807
6204	6210	3.76443959354068
6161	6188	3.7633790544472
2038	6521	3.76311393805675
6158	6169	3.76272646511894
6169	6229	3.7622853942362
6156	6176	3.76219870711389
6171	7178	3.76219671045094
6136	6206	3.76183986198862
6129	6176	3.7617973239699
6164	6169	3.76143187124526
6161	6210	3.76028282895469
6232	6234	3.75995872378675
2219	79168	3.75988638328053
6147	6187	3.75967254302735
6155	6169	3.75886427118512
6128	6164	3.75865411906196
10875	1955	3.75777246653203
2215	3579	3.75760238270455
3001	5551	3.75716154709761
6155	6156	3.75681549930048
6156	6234	3.75655481753883
6155	6176	3.75525431189207
6191	6205	3.75491461891806
6159	6204	3.75459560986369
6136	6205	3.75443625336347
6152	6158	3.7543502835996
6201	6223	3.75408175539682
2993	6521	3.75405098207513
6204	6217	3.7537603753116
6158	6206	3.75365149542464
6205	6217	3.75341413201003
11219	6508	3.75251624163678
6188	6229	3.75247470281585
1915	6234	3.75230894345496
6799	6817	3.75230488474167
6165	6201	3.75207608237807
11224	6136	3.75174704877962
79966	8434	3.75163382990006
6171	6229	3.75128127970645
6152	6217	3.75028198920497
1915	6147	3.74971972549108
6209	6217	3.74955979135294
3577	8972	3.74954432729677
6129	6235	3.74930384293816
6155	6164	3.74873589689954
10437	1462	3.74802749971164
23214	8972	3.74766327485143
6193	6217	3.74659786748743
6128	6155	3.74642436336695
6201	6204	3.74585065137794
6122	6146	3.74568562842331
6143	6227	3.74435934122037
6142	6194	3.74429994712487
6136	6227	3.74419689402545
6129	6228	3.7441350433033
6141	6223	3.74361975539585
6169	6227	3.74315510497777
6168	6194	3.74296774493055
6136	6161	3.74258284201933
3113	3122	3.74165940539981
6136	6156	3.74133695468618
6156	6175	3.74116457393383
4736	6146	3.74108102641057
11224	6217	3.74046294653013
6129	6169	3.74028647894597
10661	759	3.74012859025057
6217	6223	3.74012608509301
2219	728	3.74000463522264
6155	6232	3.7395656946532
6164	6201	3.73928928804629
6204	6234	3.73926139439547
6169	6222	3.73900967156967
6232	7178	3.73889981718361
6187	7178	3.73876908490032
6147	6171	3.7382941735498
6169	9349	3.73778133401839
6155	6205	3.73693546987248
6152	6161	3.73677280562306
4736	6159	3.73613872391467
2219	9056	3.73589356453399
2357	8875	3.7356426896649
6147	6209	3.73564013705302
6167	6169	3.73452049658302
6193	6227	3.73358562498884
6191	6210	3.73333225949303
1955	65220	3.73318230807711
6161	6201	3.73245029908891
6204	6223	3.73243774566663
6209	6222	3.73220651971095
6143	6152	3.73206151054842
6146	6188	3.73150114092349
6160	6205	3.73133999212472
6160	6223	3.73110731432338
6142	6208	3.73103639387645
6146	6159	3.73099006615916
6286	8972	3.73068583815756
3772	84243	3.72934806948893
5265	9056	3.7291134491319
6136	6204	3.72888390230235
6122	6234	3.72884667918576
6191	6234	3.72880781300298
6188	6232	3.72797921920344
4688	5265	3.72738040929237
6165	6223	3.72697362453689
10437	929	3.72688873473056
6161	6217	3.72668200032058
8284	8287	3.72632497114624
6146	9045	3.7262687066381
6176	6234	3.72582010697494
6191	6222	3.725760848566
170960	90338	3.72522910879533
2197	6223	3.72502449029221
6128	6210	3.72500129709668
6206	6229	3.72492257343176
2215	2357	3.72484127017262
6210	6229	3.72389072639169
1955	2357	3.72383441192874
6175	6193	3.72312867194784
2993	759	3.72285430375502
286	759	3.7226251806202
6160	9349	3.72252127073574
6158	6176	3.72198323786116
1638	771	3.72154839087542
3108	3113	3.7202002396379
6142	6223	3.72009754378777
1955	25801	3.71975227783253
11224	6201	3.71944726622606
6222	6235	3.71930543004034
79887	929	3.71893982092444
56	5915	3.71841052231475
3757	4628	3.71838059025582
56	56891	3.71821141901657
6175	6227	3.7176240347374
6167	6232	3.7172270680938
6155	6160	3.71656582953908
6168	6191	3.7165160827636
6122	6156	3.71585830179172
6146	6155	3.7152677137576
6129	6164	3.71517351513558
6201	6228	3.71511381681269
4666	6156	3.71456964344972
6146	6205	3.71381318031278
6155	9045	3.71260913925599
51312	8972	3.71087974065761
6206	6232	3.71052364377185
6161	6169	3.70901874034451
6165	6193	3.70808362088064
6147	6168	3.70784679894874
11219	1417	3.70776983261693
6128	6194	3.70773550881292
6133	6168	3.70694936358945
6133	6194	3.70687108047621
6152	6205	3.70616090237306
6170	6176	3.70525250435545
4916	771	3.70512670687274
6194	6201	3.70446998045566
6508	9390	3.7035720766144
4983	55567	3.70326394208929
6128	6146	3.70324358954
2219	4688	3.70311235873218
6159	6206	3.7017372702083
6146	6193	3.70159534484784
10288	2219	3.70123843094831
11224	6165	3.70096124817336
6142	6206	3.7000615019964
4666	6201	3.70002370865439
10875	54502	3.69991203418758
29992	79168	3.69983112494846
6176	6222	3.69978832397858
6122	6191	3.69948503462045
10154	25801	3.69859141939851
6138	6201	3.69776416282777
6192	8287	3.69665483111784
6176	6229	3.69657648044369
6201	6205	3.69650505995785
6155	6206	3.69570649598359
6176	6206	3.69499963950471
2215	23214	3.69345654395437
285231	90338	3.69293305719504
6164	6167	3.69095636655844
2215	2867	3.69090452754254
10875	1520	3.69066746483712
6122	6209	3.68925855640064
5660	9056	3.68925561887606
6191	6228	3.68908920367733
6161	6168	3.68812553347672
10075	6232	3.68724837625538
6158	6168	3.68706419111572
6201	6217	3.68700159787166
6141	6152	3.6869999620163
6128	6152	3.68694421014445
23214	3985	3.68569125772312
6158	6171	3.68562932588162
6156	6169	3.68473605077307
6171	6191	3.68471528083193
6136	6159	3.68430308466835
6169	6194	3.68311151917418
6210	6227	3.68288424839626
11224	6161	3.68165906559178
6133	6188	3.68058630025453
3577	759	3.68043519902987
6205	6229	3.67972385665942
11224	6205	3.67963429426206
6209	6228	3.67943292467087
6164	6228	3.67923170414568
6155	6188	3.67907316982173
728	79168	3.6786338204312
6217	9045	3.67835051282826
6187	6204	3.67777717320631
2357	929	3.67774162583791
11224	6193	3.67552750918369
6158	6223	3.67528483674304
2357	54502	3.67484967494465
10288	929	3.67467794465937
6156	6158	3.67420421519273
2215	759	3.67415067979371
2038	759	3.67402463151322
6152	6228	3.6727092817656
6209	6223	3.67094927182858
6160	6161	3.670752099688
6188	6227	3.67065713516541
6138	6165	3.66997118026944
10661	51327	3.66840483119886
6201	6235	3.66802011896024
84243	8794	3.66794361171008
6222	7178	3.66597777627105
22877	23476	3.66475813172106
6175	6223	3.66356441168924
6147	6210	3.66327396431635
6147	6204	3.66307757656636
5265	5660	3.66296810237014
6143	6158	3.66270479599997
6280	6283	3.66228175849301
2038	3577	3.65949270755821
6176	6235	3.65807087780343
6155	6168	3.6571976563743
6204	6228	3.65719549332167
6129	6170	3.65706501403337
4688	79887	3.6565036485394
6161	6223	3.65634758800244
6133	7178	3.65519709701783
1559	8671	3.6547705818696
6160	9045	3.65430638601253
6191	6235	3.65429675110951
6133	6155	3.65312265862411
6164	6232	3.65312155247924
3757	51327	3.65300705335889
3910	4916	3.65153215800308
6175	6188	3.64833190636775
6158	6188	3.64776842903911
29992	79887	3.64758651748521
2212	2357	3.64757886926886
6176	6205	3.64672677846652
3310	3337	3.64574524089313
10075	6147	3.64492765888395
6133	6164	3.64480579830829
1549	3451	3.64329377747543
11224	6156	3.6425948703754
1462	9056	3.64249426986255
6158	6161	3.64199212840912
6201	6206	3.64179164844821
286	4628	3.63982152312758
23347	3577	3.63957848895046
1559	56891	3.63932638172313
6129	6227	3.63860973510656
10661	2038	3.63857513368296
6146	6158	3.63772070332133
6158	6201	3.63700797767775
11224	6146	3.63692344326479
6133	6167	3.63631270953681
6152	6206	3.63628412066305
6208	6222	3.63532770566096
6160	7311	3.63530052421309
4688	728	3.63512656753015
10288	10437	3.63196020679841
6159	6175	3.63155419079191
4736	6201	3.63074649267875
4736	6136	3.63047292981074
4736	6152	3.62985351553297
6128	6206	3.62958494895563
6122	6136	3.62922115161283
6165	9045	3.62844904695054
6229	6234	3.62838087924341
11043	1638	3.62755940151733
3646	4736	3.62692071764247
6152	6194	3.62452282564912
6175	6187	3.62402764111713
6136	6210	3.62368416357448
6143	6201	3.6235563974086
6170	9349	3.62302100516725
6158	6217	3.62247861907887
6160	6194	3.62172106018181
25996	7389	3.62129341370062
366	728	3.62024728441805
1915	6205	3.62006146980659
6142	6161	3.62003119275527
51187	9804	3.61912522254597
9133	983	3.61899914299398
4666	6152	3.6167435007507
51386	6201	3.61426410680352
6146	6235	3.61418505930242
1843	2353	3.61319852851206
2357	79887	3.6126164254286
6152	6167	3.61231854354418
6175	6201	3.61193508440079
10075	6206	3.61040171863311
10875	1462	3.60955355411736
6138	6146	3.60866582348144
2357	728	3.60818592064648
6155	6210	3.60609277233568
6156	6232	3.60582895771073
6142	6156	3.60507624958653
3772	9895	3.60433277510425
3151	57570	3.60327216786135
4666	6227	3.60235346994428
6143	6223	3.60123078134824
6170	6222	3.59977031987774
6146	6228	3.5995363454032
6129	6188	3.59848907840549
6170	6210	3.59824733170261
6193	6209	3.59780679380741
4666	6160	3.59748404075883
6164	6227	3.59736495205784
2038	5313	3.59600246921825
6146	6209	3.59570648252375
3772	64386	3.59318991281962
6158	9349	3.59277711870111
6158	6210	3.59194094648846
6194	6229	3.59158200065707
6158	6165	3.59139092362888
1462	3101	3.59008763252947
6147	6161	3.59002122130689
23214	8794	3.58987320941281
6188	6191	3.58977884758754
6204	6227	3.58937886347688
56	771	3.58802435255442
9056	929	3.58768647068583
6133	6232	3.58755694977337
10075	6205	3.58511125094719
6209	6234	3.58450602429618
4688	8875	3.58402378353207
6133	6201	3.58394256624998
6521	8794	3.58377468320099
10661	4628	3.58364926300139
6175	6228	3.58312663672012
11224	6159	3.58266579181165
2357	51311	3.58204653953201
6188	6223	3.58188619401096
6128	6169	3.58111256053277
6229	9045	3.5808262860952
6170	6171	3.57920985602917
6209	6229	3.57885592362615
6167	6201	3.57868583084149
4288	9133	3.57851852084087
6171	6208	3.57536048879644
6227	6234	3.57434889222607
6133	6206	3.57431688893555
3105	3107	3.57417102239119
6194	6217	3.57273318740647
3985	84243	3.57268686836941
1417	51412	3.57258494134733
10875	2219	3.5708628355123
6146	6165	3.56938603794024
11224	6138	3.56724421688784
2215	366	3.56700096598696
51311	8743	3.56527851643119
4666	6128	3.56470346516192
10875	978	3.56317039690275
6217	6228	3.56286348999804
6147	6176	3.562687014244
212	759	3.56188681745357
1915	6188	3.56088544500019
6222	6229	3.56023391788453
6164	6235	3.55964282471773
6170	6188	3.55862206118172
6146	6210	3.5583972266273
1955	9473	3.55744901606388
5265	929	3.55728635311142
6158	6170	3.55699556870821
6187	6209	3.55619468832451
4688	929	3.5558960173611
212	2215	3.55441546123779
10075	6194	3.55350390715554
6146	6217	3.55326713868956
6142	6217	3.55210076792217
6158	6222	3.55166727899911
6129	6201	3.55138805195068
6167	6229	3.55123785294154
6122	6223	3.55096216953337
4736	6227	3.55084376152718
6135	6152	3.55035486041811
10661	286	3.54800813867036
2115	219699	3.54643762880302
6136	6201	3.54622576921101
6175	9045	3.54538466906655
1955	978	3.54508826638763
2197	6152	3.54449540401994
6133	6170	3.54348686065984
6128	6176	3.54301536500638
1955	8743	3.54283432690346
10288	7133	3.54179070686679
10154	2357	3.54059876511773
55142	90338	3.53877421535655
3577	7130	3.5387416068721
6187	6191	3.538122848959
212	2994	3.53798000608628
6133	6228	3.53628000639263
1915	6129	3.53620820501296
6159	6193	3.53566897797672
6235	7311	3.53556180265796
6128	6160	3.53524371082632
10856	5901	3.53481030105717
1915	6206	3.53479692831099
6167	9349	3.534316028727
54502	79168	3.53384974783147
6122	6171	3.53203917651949
6176	6204	3.53160190581931
6280	929	3.53157697020903
10288	79168	3.53089589784222
2038	8991	3.53061777872034
2038	51327	3.52941238610921
6122	6222	3.52935322130754
4830	5902	3.52882191016343
212	51327	3.52746415041892
11342	25801	3.5267760056041
3101	54502	3.52652189221018
2993	4628	3.52629467297088
7133	9473	3.52612722738013
6143	6146	3.52520933443987
29992	978	3.52427836386164
6205	9045	3.52410622829199
6147	6232	3.52370918442443
6147	6206	3.52369531719858
4916	56	3.52266501681684
6142	6205	3.52251818437599
6143	6160	3.52172938411535
1548	2115	3.52160094663082
2038	2994	3.52096350203697
1462	64231	3.51913935344525
7298	9768	3.51899522703293
1520	5265	3.51883034465761
2357	51363	3.51725430828809
4666	6146	3.51623920967631
5660	79168	3.51591414091185
6160	6164	3.51590707548417
6188	6209	3.5156702881016
6164	6206	3.51530194300459
6159	6188	3.51514483550615
4736	6156	3.51494380453805
6170	6205	3.51428955032731
2215	25801	3.5132858053091
51203	890	3.5125862745041
10288	79887	3.51148744095206
3101	65220	3.51089176994568
6176	6194	3.51071642154592
2994	6521	3.51026400506667
10288	728	3.5097391827729
6156	9045	3.50909400059161
6175	6235	3.50902319053497
6142	6146	3.50840479576262
23643	7133	3.5068242842599
1638	56	3.50672664505025
6133	6191	3.50572417661973
6169	6204	3.5033180472305
6160	6201	3.50157910336447
11224	6160	3.50053277554477
4736	6217	3.50051461793318
10154	3772	3.49978850441431
6133	6169	3.49947498819897
2038	8794	3.49857389178167
6143	6209	3.4983438732695
29992	54502	3.49644060911749
6143	6235	3.49571489787702
11004	9700	3.49509124228007
6147	6234	3.49491983502669
6209	6235	3.49448084291792
2212	51296	3.4923331844662
114932	25842	3.49204302374127
6169	7311	3.49053026374718
1955	79168	3.49009380828948
3017	85236	3.48822709505925
6155	6171	3.48637959319497
6187	6188	3.48612323688044
6128	6235	3.48400817972923
4323	56	3.48323634063175
6161	6232	3.48065203741602
6210	6223	3.4803723527603
3161	983	3.48008323308405
285231	79939	3.47963939739986
6160	6232	3.47783492971039
10164	56	3.47674433505874
1915	6133	3.47611861765043
1462	2219	3.47601149445147
10875	79887	3.47173486104713
10875	953	3.47116632054809
6193	9045	3.47061138881503
6187	6208	3.46977653247936
6194	6208	3.46876293356322
10075	6156	3.46855786375016
3910	50833	3.4678331671909
1915	6194	3.46754692813326
6188	6201	3.46710688747725
6223	6235	3.46688709838672
6223	6228	3.46677422459647
23023	3772	3.46665828747569
6227	6229	3.46648632133864
6171	6204	3.46584173724505
4688	54502	3.464885891559
51311	65220	3.46434494125332
6136	6158	3.46299312757801
6158	6209	3.46276599701762
6161	9045	3.46240381540378
6171	6209	3.46126341167209
10629	2074	3.46023187528977
2038	3772	3.46016917079462
366	4688	3.45898873217223
6143	6155	3.4579802806487
2215	51312	3.45724149408197
56	5675	3.45598090035243
6129	7178	3.45568000357952
1549	1559	3.4539683701277
3097	9938	3.45286777792117
25801	51719	3.45199354798478
6155	6170	3.45134014583847
1417	57664	3.45088618644805
2867	8972	3.44977332145696
6136	6160	3.44917591807352
759	8794	3.44910333561848
2993	8794	3.44751914166034
6156	6229	3.44689433432837
6159	6222	3.44454294830464
6128	6228	3.44437091494037
3985	8794	3.44373625326554
10875	9056	3.44307530762772
25801	3772	3.44264042883909
1915	6169	3.44151244372599
6156	6167	3.44136007274785
3772	759	3.44129799577735
1955	54502	3.44099820362052
11224	6235	3.44047432861515
567	7178	3.43997112045385
6175	6234	3.43901758272961
6170	6206	3.43756083865729
10661	5313	3.43710448672753
6136	6235	3.43544131564857
10875	79168	3.43467589776202
4288	55723	3.43425264485137
6227	7311	3.43421837042872
6160	6170	3.43350138961551
2038	6007	3.43276423103963
51719	54778	3.43164907908745
6229	7311	3.43144431136068
6156	6208	3.43115486165046
5265	79168	3.43108506476832
6191	6204	3.42907744098811
6160	6168	3.4288471718525
6147	6194	3.42844636281359
6208	6210	3.42439695402558
6160	6188	3.42368151944708
6209	6227	3.42265548935943
10875	51363	3.42133309376003
3660	51734	3.42014215182745
6156	6217	3.41999712274001
6133	6146	3.41998071746135
6152	6169	3.4187047937104
3359	56	3.41833614588303
212	8794	3.41722198648004
3646	6165	3.41406267056281
3122	972	3.41297027583209
6129	6160	3.41257689174985
27018	51186	3.4122060311972
6128	6205	3.41167109202415
6158	6159	3.40996978834705
6227	6232	3.40937552441866
6165	6235	3.40767194828288
6206	6217	3.40538248196978
366	8875	3.40526217959447
10154	1955	3.40434679710576
4666	6223	3.40410743427149
3910	56	3.40315123043146
10859	79168	3.40253673910004
6175	6217	3.40162234525775
6167	6168	3.40152090353019
79168	79887	3.40045829421793
10288	9056	3.4004100510598
170960	285231	3.40023696694683
3451	56	3.39995187324171
2357	4332	3.39912644777293
6155	6194	3.39778819287007
285231	55142	3.3976185810011
1955	9750	3.39648616250163
6136	6155	3.39636407271389
6129	6206	3.39619047359968
6234	7178	3.39482409340182
10875	3101	3.39417799719071
8115	931	3.3935948803196
10288	2357	3.39296089427415
1548	1559	3.39269939623297
6194	9045	3.39127159484114
286	51327	3.390063427634
6201	6210	3.38973801756624
6146	6191	3.38936588003685
2219	6280	3.3887704495804
51297	56999	3.38872693534516
6193	6201	3.38767118618725
4666	6158	3.38586726593851
6129	6205	3.38376249347221
3459	6386	3.3826525308837
2357	79168	3.38254518515669
10875	4688	3.38165681047085
4688	6280	3.38154006900578
1019	4830	3.37956378503537
6142	6171	3.3785395270848
6217	6235	3.37685135881685
366	929	3.37566220920654
6175	6191	3.37561403032714
11342	5573	3.37467447885896
10661	212	3.37412986884382
3101	79168	3.37407153589461
6170	7178	3.37389759527561
6128	6168	3.37379422541001
4666	6129	3.37336289083462
23347	55196	3.37327181204959
5087	5352	3.3727545076561
6155	6234	3.37194514977633
890	9133	3.37145016307275
6158	6234	3.3706968724485
285231	5228	3.37055541156399
6228	9349	3.36956811763279
10154	2215	3.3683071441346
10875	51311	3.3675354623494
6158	6194	3.36741909746401
6142	6227	3.36729429179731
3043	3045	3.36712277066459
6129	6194	3.36556056789615
6152	6210	3.36550737837093
6191	6227	3.3647843526789
4869	6138	3.36406865073805
23214	23401	3.36332623647784
50833	5675	3.36285193644806
11224	2197	3.36218804033129
6206	9045	3.36215756971601
2197	6217	3.36120023640955
212	8972	3.3591687228906
10075	6188	3.35893625291282
79168	929	3.35816219781187
3359	771	3.35630740267645
2197	6141	3.35553469021702
1955	3772	3.35171312816981
1955	4688	3.35068429212172
25801	3577	3.35065364230392
10581	8519	3.35059475228745
212	3772	3.35050231546518
3108	972	3.3495324975915
2215	2993	3.34937359873704
4666	6205	3.34910494206688
11224	6143	3.34798103385222
6156	6209	3.34788747926584
6156	6170	3.34580843657773
3161	332	3.34525811210375
11224	6206	3.34520316627572
6136	6188	3.34387121993763
51176	9235	3.34266917917104
10859	51296	3.34218850766285
1349	522	3.33944650042019
2357	7045	3.33929903383546
728	929	3.33789644228625
6160	6234	3.33584420750075
6129	6152	3.33577819989164
23214	64386	3.33411328576543
6217	7311	3.33396156239743
6136	6138	3.33048814531271
6160	6171	3.32915049097415
6204	6235	3.32883269110196
10875	7133	3.32769175866597
3055	4688	3.32675017146355
1559	771	3.3265912631008
6147	6175	3.32631327973675
6170	6229	3.32467608394607
2215	8740	3.32331081596
10661	6708	3.32275055485742
6170	6234	3.32119921185315
1955	3482	3.32049917518013
8287	9086	3.31814889908507
332	890	3.31710137596167
3101	978	3.31666010351752
11031	4688	3.31510633183202
2993	2994	3.314670310635
6135	9045	3.31398163984535
2235	8991	3.31328980743696
4736	6175	3.31159312248196
1955	2215	3.31104554287248
23347	25801	3.30947272217223
3133	3134	3.3092716611164
10112	55165	3.30885275825084
11224	6155	3.30789438991865
6147	6188	3.30709725603058
1559	2115	3.30658225006809
4332	4688	3.30630157971676
6136	6209	3.30579481184573
3017	8345	3.30291428627579
6176	6227	3.30261625604101
3910	5675	3.30211153308137
10288	6280	3.30119055765602
10154	23347	3.3000336513867
2215	6521	3.29998534835182
10164	3910	3.29890920948886
6209	6210	3.29828971180274
4688	51363	3.29796443130149
6141	6217	3.29756720008005
212	6007	3.29751672410646
79168	9056	3.29748835225805
6164	6188	3.29717823234478
3646	8667	3.29710902801004
6159	6227	3.29654935871707
6135	6201	3.29396631111739
4869	689	3.29373507739324
6160	6210	3.29371593534548
10437	4688	3.29268303512148
6165	6167	3.2918578006925
366	6283	3.29069523215139
11224	9045	3.28977724655757
6223	9045	3.28924410554856
1349	4694	3.28816587911036
6136	6143	3.2878193215685
6165	6228	3.2876061616331
2038	4628	3.28731689910142
10075	6133	3.28660989801349
6136	6217	3.28532526127948
6161	6229	3.28490950723968
6129	6146	3.2848422005284
10875	5265	3.28434094706217
29992	3101	3.28399109433902
51176	64919	3.28259459346762
3910	771	3.28081625755061
6159	6171	3.27955528485801
6122	6159	3.27936446683176
2357	9473	3.27691787124669
1915	6191	3.2768604445778
6217	6222	3.27622151704423
56	79611	3.27103513385526
6128	6136	3.27100846215719
6167	6205	3.27060691678492
3115	3122	3.26959654945678
212	3757	3.26927598847283
6141	6201	3.26866118316836
3077	4233	3.26816327247394
6146	6169	3.2653487162904
1955	4853	3.26466229344738
6194	6232	3.26338045958952
6122	6188	3.26168157398238
1417	9390	3.26112236057825
3134	3135	3.26080285427373
2215	6397	3.26040656318292
6164	6204	3.25903660761709
3772	6397	3.25896002142425
1955	23401	3.25761346313605
6206	6208	3.25698387598369
6128	6188	3.25690163007999
1955	8875	3.25599759610856
64919	9235	3.25564621682426
229	6857	3.25269494616813
1549	771	3.25170699561163
4675	5087	3.25136129927405
8076	84830	3.24935824692869
6241	9133	3.24893911377882
3646	6138	3.24719999617935
11224	6175	3.24626768059148
23304	25801	3.24546423040461
891	983	3.2454317217287
6129	6191	3.24540857566656
6175	6222	3.24279688411143
2215	51327	3.24235776352517
2038	2215	3.24140510685805
2197	6146	3.24116849428467
4736	6161	3.24081358523342
6152	6204	3.23971468408372
6152	6164	3.23662507539261
1559	4916	3.23594009041205
6205	6208	3.23562101878518
6191	6232	3.23518711595146
3577	4628	3.23386033982281
10962	9452	3.23255407434935
51203	9133	3.23138388174578
212	9235	3.23104506291917
23304	9895	3.22703731949755
2215	84243	3.22606119236805
3910	6781	3.22545139808735
6169	6187	3.22535679549308
6128	6232	3.22513621787543
1915	6235	3.22505977837074
2357	25801	3.22502435690962
1559	219699	3.22288414165227
6143	9045	3.22239999360561
3702	9214	3.22168948529855
6232	9349	3.22017943372593
3772	9094	3.21971775526002
8631	9235	3.21759112917595
2357	65220	3.2174641408833
11043	1549	3.21678509216549
1955	366	3.2158041210463
6136	6234	3.21563058364414
6146	6222	3.21495264650608
6167	6176	3.21386082116769
6146	6234	3.21260131291376
11342	9750	3.2118442774759
6141	6143	3.21181416231469
6633	8409	3.21144715819242
26986	6156	3.20990152891141
10054	10480	3.20833578587762
6164	6222	3.20560703852704
6158	6193	3.20560097722719
285231	5143	3.20553698704667
6133	6235	3.20538339423562
6159	6210	3.20465928954157
3034	3101	3.20369168950233
4666	6210	3.20234369073543
10075	6191	3.20048027138229
10875	9770	3.20018402017545
4175	4522	3.19802580157592
6159	6209	3.19791784393536
2115	56	3.19713965943059
11342	51311	3.19480612973218
7045	79887	3.19471573325898
3577	4675	3.19305076785142
51386	6128	3.19118474562359
11224	6194	3.19071276398689
6164	6205	3.19056866506947
6167	6210	3.18988419833955
6168	6204	3.18847209272565
6155	6161	3.18689842029166
6222	6227	3.18656298871967
3772	5266	3.18655198643818
6152	6229	3.18627572125313
5915	80031	3.18483199449013
212	3577	3.1832200291672
3772	7048	3.18231161171643
51176	60468	3.18059036971522
6122	6142	3.1800228028896
6228	7311	3.17972868536194
6176	6187	3.17833685937461
4736	4869	3.17717392695995
3772	7130	3.17690318973144
2180	51296	3.17535191630181
1915	6156	3.1744758677685
6209	7311	3.17225116975349
23401	51734	3.16994780217844
6143	6156	3.16990285142451
6161	6176	3.16945370730701
6136	6187	3.16670661372805
8875	978	3.16579305332212
6171	6175	3.16537770381027
6143	6161	3.16500337111531
4332	8875	3.16270908716833
10575	471	3.16235137160409
11224	6158	3.16159691682816
6167	6206	3.16054717608815
3757	6708	3.1602328482696
6161	6208	3.16020200052442
6129	6171	3.15983395871191
6146	6229	3.15705237045541
3698	5671	3.15572027481158
3077	56	3.15541030781764
6161	6165	3.1542384258428
10154	3431	3.15380916130657
2219	79887	3.1531296938868
6175	6210	3.15290694144866
10661	3577	3.1525958948482
4293	56	3.15144657633033
6187	6232	3.14560784882442
10874	759	3.1452607578748
6152	6188	3.14186742981462
2327	3451	3.14062207045122
11276	11329	3.13976610227354
6133	6227	3.13902694547922
1915	6170	3.13808218716949
6122	6210	3.13796489563344
23214	3577	3.13508200179498
6155	6223	3.13445132322847
6165	6217	3.13430987948627
51719	9750	3.13411013120477
10661	23214	3.13309735467932
6138	9045	3.13007396004599
3772	9235	3.12978352888985
6204	6229	3.12954266349113
51203	983	3.12925247359859
1417	2172	3.12845781507207
3577	4311	3.12657724848118
6241	991	3.12649388891437
51296	5265	3.12629307760729
51311	978	3.12590709039723
3702	9235	3.12559814646574
2357	5265	3.12528409853125
6193	6194	3.12471330136775
11224	6204	3.12439963882415
51386	6227	3.12426936229833
219699	56	3.12382737804783
4666	6235	3.1229744502527
4736	6194	3.12258173796753
6169	6191	3.12252901460758
6160	6193	3.12206487581541
6164	6210	3.12178875424986
2357	240	3.12040646529312
6143	6205	3.11990289560423
10437	10859	3.11924132657162
6142	6158	3.1191247347242
6156	6164	3.11874619526684
1559	357	3.11860509330168
3161	9133	3.11758636974609
3577	84243	3.11750332252321
54502	978	3.11724106817562
4736	6206	3.11714289933366
6142	6204	3.11706593749012
29992	4853	3.1157974032797
51230	9938	3.11553077262762
2357	6283	3.11535429040475
6191	6201	3.11338794221498
6135	6235	3.11320873190169
10075	6204	3.11224037677049
1559	22941	3.11211686813897
6168	6227	3.1111600372569
4666	6206	3.10970421339611
2357	8743	3.10687045129475
23347	9958	3.10525712819274
4628	51327	3.10143095789249
2215	3985	3.10090430591293
6138	6156	3.0999106277867
50856	9056	3.09893010573774
2993	3577	3.09819393487607
2115	50833	3.09778974243924
6597	8241	3.09764761232186
54502	65220	3.09541394260905
10112	9133	3.09518174971418
6156	6165	3.09445813262187
10632	1350	3.09440697931848
6161	6170	3.09431775117264
6138	689	3.09300387840728
63876	771	3.09154781290943
4109	7498	3.09092631601764
6156	7178	3.09015693548263
6143	6228	3.08944837916523
366	79887	3.08838926863579
6152	6159	3.08525828814757
6143	6206	3.08512461702403
10135	597	3.08384061340257
6160	6222	3.08039732245274
6191	7178	3.07753988793532
6205	9349	3.07686784361709
5266	8972	3.07610674509697
10437	79168	3.07481893715006
5521	6857	3.07193870468446
1462	3958	3.06763342553867
51296	604	3.06720070295992
11219	57664	3.06717203233269
6133	6222	3.06712568702918
10125	3702	3.06645231915287
10376	84790	3.06504243432574
10075	6228	3.06344823158208
22941	56	3.06311055013043
5313	759	3.06183576829748
6160	6209	3.06083712643446
6187	6235	3.06014284355487
23347	3772	3.05886467311962
23214	9895	3.05703048866029
6188	6217	3.05684801602056
1638	4889	3.05655817215461
6159	6201	3.05379273110434
2172	6508	3.05373879211258
3985	8972	3.05305431093421
6143	6175	3.05222147645974
11065	9133	3.0514658683332
6205	7311	3.04992721820115
5265	728	3.04748017520442
6193	6204	3.04692824937641
6158	6175	3.041843809034
6136	6171	3.04033901379543
6142	6193	3.04021248743319
23643	50856	3.03886012989168
728	8875	3.03743269139237
6158	6204	3.03655629816202
4233	56	3.03461009840628
6155	6191	3.03285024622039
51363	8875	3.03221791065385
2066	2115	3.0321019982395
4318	8972	3.02982553348945
6169	7178	3.02838061481739
10876	50832	3.0279824026399
3577	6521	3.02779266093842
5502	6508	3.02685055830151
1536	23158	3.02665102446078
29997	6122	3.02557025330613
6155	7311	3.02536130349384
65220	79168	3.02461936056617
2274	6886	3.02345666956723
6138	6227	3.02283209273109
2219	54502	3.0220875516907
10443	25957	3.02196383519951
1955	728	3.01978749314097
11314	3603	3.01930987095218
1955	7133	3.0173971905334
6142	6188	3.01690366255646
114932	27430	3.01644678046143
3579	8972	3.01641622060113
1559	5915	3.01191012280752
1417	266629	3.01012991408209
2215	5266	3.00984770743111
2357	80896	3.00910930214104
6128	6170	3.00883940002448
84243	8972	3.00791150677932
3577	5266	3.00622072311971
55186	7750	3.00483438178521
55567	8434	3.00358591103414
6133	6205	3.00205618779167
6147	6158	3.00186085082464
1549	5675	3.00140027413716
6136	6228	3.00101054063826
6223	7311	3.0007863408551
4171	7298	3.00016932735418
1236	9214	2.99861539233639
10875	2268	2.99732728644987
10075	6129	2.99543569488571
1230	953	2.99472362787172
10437	10875	2.99228801063291
23214	3757	2.99091142138707
10164	1559	2.99028053463334
6167	6230	2.98992778320077
10661	10874	2.98933040903808
4736	6204	2.9892743127067
1329	1337	2.98882561200354
6147	6156	2.98826269494482
8794	9895	2.98709068429832
6155	6233	2.98178012403713
10154	3577	2.98138476475101
6138	6159	2.98086027879228
3045	4628	2.97728108775331
23401	3772	2.97714517177815
25801	3431	2.97689900456265
759	8972	2.97581434458027
2219	2357	2.97461205743
55577	8743	2.97223140801471
4318	8794	2.97147762608595
4736	6160	2.97053931607249
65982	8644	2.97048714658958
10154	51311	2.96823301283775
6122	6227	2.96644773788127
6129	6234	2.9660212362331
6155	6217	2.96383131934471
30968	55651	2.96383061815936
6171	6227	2.96366201207065
6129	6158	2.96322701466403
6133	6171	2.961133717017
1288	50833	2.96009404378281
2867	366	2.95735841687282
2115	23293	2.95695742443619
10154	11342	2.9566745133593
25801	9750	2.95645195625009
2215	4311	2.95567560198728
2197	9045	2.9554051044872
6138	6141	2.95372005875663
4666	6228	2.95182865918042
10154	9750	2.95161271221758
6164	6176	2.95085672637974
6146	6171	2.95067334131926
2215	6286	2.94975263261464
23369	54778	2.94810474120913
10288	9473	2.94785627687279
6129	6229	2.94404053194293
1051	1052	2.94274132288178
6167	9045	2.94220015425335
6136	6142	2.94210948043347
56	65055	2.94003115026769
929	9473	2.93916013750203
6138	6193	2.93885667358842
6155	6204	2.93750880207574
6521	8972	2.93750330804401
1462	9332	2.93716186113518
6135	6161	2.93638929427499
7298	991	2.93546412237308
1288	2115	2.93520992998347
6128	6191	2.93354387988126
6187	6228	2.93192220997799
3001	9235	2.93189523143013
2215	23347	2.93045808275355
2357	978	2.92973562639685
23214	51312	2.92971139471916
6164	6234	2.92811068427975
50833	56	2.92576990132541
23401	3985	2.92363080646502
55165	6241	2.92319615793157
3045	3757	2.92260582900566
11342	51734	2.92254722253999
29992	4688	2.91883256602604
84818	9722	2.9181337115156
6152	6175	2.91500103006117
332	9232	2.9129206222467
65982	7188	2.91276203483981
6171	6223	2.91171898838983
1548	1638	2.90975140940189
2038	8972	2.90811515962007
11043	56	2.90787677425101
1559	1638	2.90665951975693
22889	51747	2.90540037309443
1520	29992	2.90481211290566
3577	3985	2.90425376321273
10875	115207	2.90390706602676
11004	55723	2.90317011869015
10288	8875	2.90287978113422
4666	6133	2.9027504083713
10915	9295	2.90173416773223
10437	51296	2.90012157355422
1548	56	2.89916648270238
3985	759	2.89913749259764
4853	79887	2.89905120939261
5678	80036	2.89865120136922
10875	7045	2.898521802383
6169	6223	2.89792486656231
1638	56891	2.89572757318881
10875	929	2.89549878202466
2115	3854	2.89478050578106
55638	56	2.8932740830154
6161	6193	2.892962811185
4666	6155	2.89295221909993
56891	5915	2.89183978631414
6147	6235	2.89024712661134
1548	3077	2.88766145958396
29992	5265	2.88747514408405
3646	689	2.88507817483402
51659	7298	2.88269476564576
6164	6168	2.8816304564447
4175	7298	2.88122297917449
2357	25797	2.88071616360223
10075	6169	2.88051412582691
3910	51297	2.88036824529972
6188	9045	2.88017432801199
1041	8711	2.88011026916595
5155	56	2.87979550052934
11043	8671	2.87791535684471
6128	6158	2.87663453231063
1520	2124	2.87646774069267
64231	79168	2.87622934217024
2765	56	2.87594706457053
6007	6521	2.87577820524571
5675	8671	2.87554600430674
6169	6201	2.87392403534374
6160	6217	2.8730651396329
2212	6283	2.87039768679781
6142	6169	2.86928616763835
5265	7133	2.86698402702657
10970	2357	2.86696468368648
6143	6229	2.8667679167645
5143	55142	2.8666412989827
1915	6229	2.86653875793819
890	9837	2.86628557410699
1955	53829	2.86294088320498
10661	6886	2.86248745960227
6129	6161	2.86192482422183
417	56	2.85743831212923
10738	2115	2.85627268084362
2357	7133	2.85528329961639
3577	51327	2.85505612402887
6136	9045	2.85140884819527
2993	3772	2.85129719582155
6136	6141	2.84936717856467
6222	6223	2.84890779533877
11329	51719	2.84860314809811
10437	6280	2.84855846083142
11342	8743	2.848182385271
6164	6194	2.84689356640789
914	9235	2.84486030742033
6159	6208	2.84406844516047
4332	54502	2.84045130558599
3577	3579	2.84039692246282
65220	8743	2.8384920130825
6133	6234	2.83771528118162
6159	9045	2.83666878964471
1915	6228	2.83314209054598
6158	6164	2.83280621120285
1955	29992	2.83156927987451
1236	3575	2.83087499514419
1520	2219	2.83026551448086
6193	6206	2.83023726908813
4736	9045	2.83006799201282
10154	23304	2.829498329155
6176	6191	2.82738729683888
1462	5265	2.82704768950489
4915	8076	2.82533311994136
10154	55196	2.82394801412854
6152	7311	2.82278644429607
56	80031	2.81799157277338
23092	9094	2.81503560230229
212	4628	2.814921580589
51363	54502	2.81468397841394
1536	953	2.81301081607907
4666	6136	2.81197520347323
51297	56	2.8108739920951
6201	689	2.80724237401713
4736	6141	2.80677401783368
1417	5502	2.80550972427671
6143	6210	2.80550627501497
6305	8525	2.80446748946838
3669	6653	2.80440882396269
5265	9473	2.80430404374525
6147	6229	2.80425204949802
2197	6204	2.80346527671999
23209	2982	2.80305625299088
6141	6227	2.80270109734157
1520	834	2.80032833049512
3055	51311	2.79944726053634
3757	5313	2.79837394964388
10075	6229	2.7982832587335
1063	891	2.79724945466864
2038	4311	2.79709283677507
4288	983	2.7959544295312
6160	6204	2.793927474091
51386	6152	2.79343465303287
2172	5502	2.79230836595471
29992	3034	2.79177072814951
3101	3460	2.79139990260205
30968	6749	2.79079339493608
6210	6217	2.79077664955514
1773	6508	2.78602498139314
2215	8875	2.78560462047701
5915	92346	2.78550839208932
6128	6223	2.78532318879694
2212	4688	2.78451870451533
4666	6194	2.78262484741772
25801	51311	2.78231065794587
6129	6222	2.78146630072894
1512	5660	2.78084646223913
10859	4688	2.78022985218701
83461	9133	2.77887868948546
54360	966	2.77884923638374
1955	3055	2.77619249049055
6142	6235	2.77585786220113
3945	4869	2.77326301000054
1462	79168	2.77126541005417
1520	1536	2.77030421101488
50856	7133	2.76997755283693
1163	7298	2.76952754586308
10288	64581	2.76858342173901
6143	7311	2.76845279396568
6165	6206	2.76655781080747
5675	81849	2.7664805901637
4688	50856	2.7658823932063
6143	6217	2.76244854611594
6170	6191	2.76133688762084
6160	6176	2.76045407164053
6283	929	2.76019243471087
11342	1955	2.75901520443596
6167	6188	2.75898312132878
2334	5675	2.75890184284687
10575	26135	2.75813782315068
4916	5675	2.75717041903889
11024	9056	2.75503231575241
6147	6169	2.75310815055599
6175	6229	2.75233383084882
25801	8794	2.75177780832124
1638	3359	2.75159590624096
6217	6229	2.75074205471195
7305	79168	2.75049769205489
1915	6161	2.75015996786611
4889	56	2.74781474652318
51053	7298	2.74419153619366
2038	3757	2.74394984776155
4282	55651	2.74301529569526
1548	65055	2.74289877345077
6397	7277	2.74236655266216
6147	6228	2.74134612902691
6229	9349	2.73917059623696
4688	7045	2.73702382525735
6397	8794	2.73634716728289
3932	51176	2.73489567280207
1512	51816	2.73479986398957
1638	8671	2.73468898172638
6128	9045	2.73225857712207
6201	6222	2.73217460241841
1955	9770	2.73087095162977
3772	51312	2.7307082221258
65220	8875	2.72944763918495
29992	7133	2.72821672858285
23369	57498	2.72802946863565
6146	6187	2.72792650237289
7298	79019	2.72712010721526
6142	6210	2.72628993961849
6142	6222	2.72628979637358
10874	2038	2.72513750005389
6209	9045	2.7234770343943
6188	7178	2.72262940738134
7311	9045	2.722324631778
6135	6167	2.7217128883289
4688	9056	2.72105511028605
4853	79168	2.72094931037052
10288	366	2.72048174511086
56	9472	2.7198217227499
26986	6222	2.71930243652293
6282	8743	2.71794109038909
8303	9473	2.71585398236682
3772	4318	2.71533865510958
2074	3910	2.71486753602032
10875	728	2.71158388907966
1955	2212	2.71078931172138
6159	6187	2.70889431941153
6653	9235	2.70727654836895
4736	6205	2.70563498914858
4688	65220	2.70556947207209
3577	55196	2.70535214489315
10437	54502	2.70533408149831
3772	6521	2.70459020538177
11043	771	2.70321007709453
6155	6175	2.70020204714133
6143	6164	2.69851404048228
6133	6204	2.69831707792353
9056	953	2.69824637748021
11329	54778	2.69791070908097
1955	3579	2.69754209834432
28958	8655	2.69730923546981
11224	6228	2.69717822728728
64386	8972	2.69701901014843
6136	6193	2.6949182682892
3055	978	2.69423885539812
25801	51567	2.69231798434121
6128	6204	2.69229574284404
23214	286	2.69118200563794
2215	5087	2.69096436109638
3757	84243	2.6869874073125
6397	84243	2.68626172723732
3161	83461	2.68484814015653
2115	57669	2.683278229017
1462	5660	2.68266951030561
6164	6191	2.68185838240789
3577	3757	2.68119975589684
53829	9094	2.68052512572758
11342	8301	2.68006506641063
1559	27345	2.67970096041291
7404	8287	2.67734076738137
4163	417	2.67683845908509
1520	23643	2.6761037834142
2993	51327	2.67553761067481
1559	4293	2.67503769597336
2074	4889	2.67470238454947
4293	4916	2.67466241217205
6164	6229	2.67354607922123
285231	80097	2.67269104550222
51327	6521	2.67233776967495
6136	6169	2.67030219776751
2357	3482	2.66916149382909
65220	9770	2.66876095757504
2197	6227	2.66632093787009
4916	5267	2.66259354777327
332	83461	2.6622403082997
285231	84172	2.66159769250691
25801	9958	2.66144043184695
284266	53616	2.65887660110149
10437	3958	2.65833390444237
6143	6204	2.65813387352143
10875	1230	2.65763638221117
2357	962	2.65712104816659
6146	6176	2.65569429247264
4666	6176	2.65525142147867
11224	6167	2.65449617317524
2766	6886	2.65419881942618
2066	771	2.65208610780551
1349	51371	2.6483181207817
2219	50856	2.64718101395704
2066	8747	2.64663769695742
54865	6336	2.64552556569479
64386	84243	2.64541347963596
4666	6167	2.64361535517659
2115	8626	2.64347707080908
23401	65220	2.64326697251905
6147	7178	2.64272995134243
5079	5450	2.64216338899795
8794	9094	2.64179204188285
1816	56	2.64073486605193
6142	6187	2.64045071828741
4050	51176	2.63808992505857
51203	6241	2.63805405882767
79168	953	2.63751918716091
4916	5764	2.63739677503373
2215	23401	2.63712175028292
3702	64919	2.6359366297826
4666	6168	2.63585496112158
240	4688	2.63555341559563
10075	6161	2.63441707853047
2115	946	2.63417742173884
6122	6235	2.6337566472433
51311	54502	2.63337251341448
1559	229	2.63245197169331
1559	5675	2.63237272212406
7133	79168	2.63057150320843
64418	889	2.62987091050328
5983	7027	2.62973287021657
2822	4293	2.62919178598427
10075	6122	2.62747538997349
2212	8743	2.62680888863144
1559	2765	2.62662138728409
366	8972	2.62431120697342
2867	8794	2.62411419965357
3161	890	2.62185883101542
1063	4288	2.62139342413235
4688	6283	2.62137143930382
51296	9056	2.62128098679751
6201	6209	2.61993840797579
6128	6234	2.61992679054583
3101	5724	2.6198574708396
29992	9770	2.61930058932956
64231	9056	2.61874771217667
6128	6161	2.61862482596541
4666	6204	2.61755084349438
2357	6397	2.61738102338497
10625	23347	2.61673630894389
1955	3101	2.61563026693385
3577	5087	2.61106170844122
10661	6007	2.61031483954652
2219	51363	2.61022601383988
3772	8740	2.60819299392813
4666	6169	2.60621678818683
4666	6161	2.60607115042089
6208	6223	2.60592246022803
6152	6193	2.60396750013038
6206	7178	2.60356449859268
51719	8743	2.60347506879836
3101	4688	2.6034657405877
1955	79887	2.60344086848074
3577	51176	2.60316530525592
5724	65220	2.60075645449306
4628	8794	2.59939091412132
6128	6135	2.59911232302438
51296	79168	2.59702824836967
6176	6201	2.59670431961713
10574	4282	2.59652386872007
27345	56	2.59539140443451
6146	6164	2.59509765645365
1536	51816	2.5918604045571
1462	4688	2.59185199250499
6653	8842	2.59120231676332
2091	8409	2.59117574328101
1462	6280	2.58586329217223
55723	9837	2.5829594114937
5265	54210	2.58143421515329
51311	79168	2.57911101352473
29997	6161	2.57880412726772
1638	2115	2.57876901612516
6143	6194	2.57814000839943
5983	9133	2.57617609879818
6143	6193	2.57581491054996
3359	4889	2.57562023912325
2357	8972	2.57555761336193
6169	9045	2.57451626030996
51311	9473	2.57415318962165
79939	90338	2.57333930367065
3985	7130	2.57300984222009
10859	2219	2.57285600069794
9881	9938	2.57107917282267
2038	5266	2.56880672271109
6168	9349	2.56800685943233
10875	1536	2.5676407018979
4057	820	2.56762096368015
11224	7311	2.56759333527307
6136	6222	2.56607506112442
51296	5660	2.56420333107585
23650	80271	2.56412480038308
1955	8301	2.56290699669147
3577	4318	2.56189006251689
5450	931	2.56049296166008
6159	6165	2.55988973111692
3055	3101	2.55963087663198
6169	6209	2.55859403704825
3772	5313	2.55839104251364
10574	55651	2.55792746613176
8875	929	2.55656449261992
3772	5087	2.55473420453083
2237	9133	2.55471476060672
2357	51296	2.55255617693298
2215	55196	2.55164938011024
2357	2867	2.55081537118025
3055	3460	2.55034479887352
6164	6170	2.54996343321093
23214	25801	2.54976719917116
6206	9349	2.54865174063084
10875	4853	2.54848055319545
23023	3577	2.5482363653074
2215	9235	2.54538938627768
6165	6633	2.54418518636616
3273	64078	2.54409518341652
2765	3451	2.54369568102814
140609	51567	2.5387465034997
1520	5660	2.53837437234794
2197	6165	2.53832960863764
6142	6175	2.53757021555905
26999	6653	2.53447923792933
6170	6227	2.53329309141729
11222	26135	2.53266329509106
11031	8875	2.53250222609607
240	51363	2.53215423621851
6152	689	2.53075251570679
3101	9770	2.52975052571461
10629	3910	2.52778003601829
3055	9770	2.52746478602063
3760	85360	2.52730358068067
65220	9473	2.52720732159132
1520	79168	2.52324259311877
5675	57586	2.52055980761702
56	8671	2.51988888418897
56	6847	2.51979279047483
5228	90338	2.51884895895684
6128	6222	2.5172707984017
3045	759	2.51701753770917
54502	6283	2.51651164848098
6129	6136	2.51591522975207
6227	9349	2.51465921156702
1955	51363	2.51272952205384
3932	5551	2.51272277742938
11027	4688	2.51160423588885
7475	8671	2.5115745175483
366	9473	2.51141850588749
1285	3760	2.51095142745729
10376	10383	2.50836121173312
3772	6556	2.50828093472283
2357	3055	2.50776524743366
10554	90379	2.50674315438223
1559	9472	2.50448369461304
219699	4323	2.50277304413364
11276	9938	2.50217506500631
6129	6204	2.50094759087126
323	56	2.49929361703443
6223	6234	2.49921157031496
6152	6232	2.49833574163436
51363	728	2.49675716189519
64231	953	2.49629173554304
2215	4318	2.49497550795583
6133	6187	2.49485218728537
2207	3958	2.49167062831603
2327	56	2.48965335684761
10875	65220	2.48852607286478
6204	9045	2.48718553913476
2867	51312	2.48703132784835
2197	6209	2.48601577827734
1549	3359	2.48282052750969
50856	79168	2.48227777403389
3985	9094	2.48083028895839
1549	1638	2.48034655679424
1230	54502	2.47971505289975
4916	50833	2.47930699163619
6036	6037	2.4772522825004
2215	4628	2.47689758074354
3910	80263	2.47512625887385
6193	6633	2.47462234289759
6142	6160	2.47448463587705
6136	6165	2.47376028796543
11224	6209	2.47165217382697
56	9722	2.47134702277231
2219	51296	2.46941946410846
50835	51267	2.4688003600918
2197	7311	2.46727054748937
54502	728	2.46608761538968
5588	65982	2.46534872249418
5764	862	2.46255296632123
140609	54809	2.46223992428143
10661	8972	2.46149462818905
6143	6191	2.46124985482622
919	9235	2.46113185723633
6135	6155	2.46033842842785
2357	3579	2.46010722780181
6122	6201	2.45827409606388
50856	728	2.45808547617094
10112	79019	2.45760169450893
7048	9750	2.45705711181905
5502	57664	2.45625634326113
2197	29997	2.45575863817864
6167	6223	2.45069702197309
212	23214	2.45051978360962
1520	953	2.4469874026987
10875	2357	2.44671815135951
65117	9584	2.44550373375151
10874	3577	2.44412218378174
23401	3577	2.44267407458968
4318	5266	2.44042532946817
2207	3957	2.44004519837173
4332	64231	2.43954264507653
11329	23228	2.43885207160962
1520	3459	2.43791466862552
1549	84830	2.43658793448201
51363	9056	2.4340954720297
2357	3772	2.43391873999326
3482	79168	2.43357833163738
51327	6708	2.43354705412622
1756	81848	2.43335028677903
6146	6167	2.43220848928233
11065	4288	2.43065936412673
6143	6165	2.43018034673721
3460	51296	2.42885606395928
2219	6283	2.42819609450691
6457	8671	2.42708636085706
11130	55215	2.42685627446855
3575	51176	2.42593360386563
56891	9717	2.42588038085287
10808	6432	2.42406363008233
6168	6209	2.42403467075927
6193	6205	2.42350104671242
6232	7311	2.42249917973731
6122	6228	2.42076362143207
4916	56999	2.42012642600844
3577	8740	2.41776432999837
2237	6241	2.41718989691592
79596	80196	2.41641399131617
6241	7298	2.41449296164122
10661	2215	2.41258695589918
323	50833	2.41227223679126
1417	4294	2.41160569578112
1462	79887	2.41126576500282
11119	23304	2.41088641264688
11219	2891	2.4104951431942
1520	1806	2.40937225153243
1559	6579	2.40900394627565
2197	6142	2.40657079110491
10913	4915	2.40494179431537
11004	83461	2.40333199763153
1462	29992	2.40283940202843
10476	1329	2.40276204684223
1955	9094	2.4020800123403
51327	5313	2.40204610246788
6170	6194	2.40161237269963
11219	51412	2.40055655896387
4688	9473	2.3984618727245
1955	80896	2.39787611170966
6142	6234	2.39721698048793
50856	51363	2.39641929524754
3772	9885	2.39612392103833
56	56999	2.39587208587256
23214	9235	2.39564298428835
3932	9235	2.39420817666706
4215	7048	2.39370194807609
6135	6160	2.39347549654504
2357	9922	2.39339136149783
6129	6187	2.39323519111718
23163	23334	2.39303556698812
4233	5675	2.39291102569177
51386	6146	2.39289185564423
3183	5682	2.39199148560759
1462	929	2.38964004599134
6194	7178	2.3872902605343
6521	759	2.38651169771288
6135	6158	2.38636935190788
1559	7498	2.38550508596037
1462	54502	2.38501327485838
10629	5675	2.38449221167547
6160	6175	2.37893157882438
4050	9214	2.3765107203199
6201	6232	2.37650297575474
6280	9056	2.37629879174867
5143	90338	2.3757029363734
51567	51719	2.37508824024493
1288	56	2.37095982091108
9473	978	2.36759295429926
11027	7305	2.36643026841558
51311	80896	2.36589773562679
2197	6205	2.3633629951083
1559	55638	2.362263414773
6165	6169	2.36061145163101
6165	7311	2.36024567216564
54360	7188	2.35994822254919
6141	6146	2.35873251481439
23476	7994	2.35869076823148
56	85360	2.35821973759526
4293	51297	2.35784473876092
2867	6397	2.35380692909165
6165	6194	2.35303534425224
1549	4916	2.35240595642526
10409	65220	2.35146359859805
10559	8992	2.35097841790636
1762	56	2.35095862322977
328	3615	2.34995080627084
25801	8972	2.34920901869859
23304	9958	2.34906443725296
7133	9056	2.34801329432084
56904	91304	2.34747432394505
6136	6191	2.3457292220605
23369	55763	2.34480181913432
6170	6201	2.34450922965694
4666	6138	2.34339153382762
6142	9045	2.34170618340061
3772	55841	2.34152050233217
3579	3772	2.34119681557927
23214	759	2.34080062463123
80164	84818	2.34074530296625
2215	7130	2.34021676810647
50856	929	2.3396576336803
5036	6749	2.33774937881294
2197	6201	2.33448361265361
6159	6228	2.33125672373716
1340	8721	2.32992254584918
6138	6160	2.32961259939276
6168	6208	2.32946930644701
2192	4323	2.32931220450496
6169	6208	2.32916451918062
366	79168	2.32900154464839
1955	8303	2.32895290080442
2215	25797	2.32840152472022
51569	9295	2.3283211013051
11329	9750	2.32831961488815
3579	55196	2.32795562925557
2197	6161	2.32722348996424
2305	83461	2.32614939323757
6168	6175	2.32605341538218
3603	9750	2.3238266632462
11065	332	2.32114363653086
6122	6208	2.32071606667817
1946	771	2.31510853061237
51412	6508	2.3142717940675
4323	5030	2.31294879415852
6138	6161	2.31229639181593
3985	65220	2.31161493194182
10155	3418	2.31150311155334
6155	6222	2.31142913591118
1806	26234	2.31099878162347
2822	50833	2.30903599944572
4666	6164	2.30842362763379
4175	6240	2.30819459431235
10970	9473	2.30815071272119
11224	6188	2.30754509618994
1230	1462	2.30497447598087
5675	6847	2.30454509554469
10875	8875	2.30435410739116
6129	9045	2.30289308705766
6135	6228	2.3004346691171
2358	6521	2.29987513612851
3646	6146	2.29948371157498
2099	4992	2.29917390706603
25801	65220	2.29834773476926
10075	6170	2.29786955631008
2212	83716	2.29733000542106
23072	323	2.29652438269983
1638	23452	2.29639542869437
6122	6143	2.29522648228502
2765	5675	2.29506138123438
6241	983	2.29427088021285
5266	8794	2.29301321248902
56	5923	2.29277764214104
2217	51296	2.29194585293749
1549	56891	2.29082496095453
2215	9895	2.28940928661582
1520	8905	2.28823877814749
1638	5858	2.28802704267149
1548	219699	2.2876812544951
2212	3055	2.28756487829583
10288	11031	2.28721868122569
54360	65982	2.28680508892104
4694	4700	2.28636790255861
4666	9045	2.28544267520208
4173	9833	2.28453819019175
25797	7045	2.28410945618528
7133	79887	2.28329719906198
2215	65220	2.28274835681216
6122	6152	2.28255902414133
6122	6168	2.28228202290013
11004	332	2.28180097366992
6138	6143	2.28118912626776
1236	51176	2.28108285991211
1417	57113	2.28005904045149
4736	8664	2.27920822929189
5675	7475	2.27861070934431
23643	9473	2.27824045889849
23670	7048	2.27679651872622
51327	8991	2.27590446293048
3772	4311	2.27567539439394
23345	3716	2.27558971066082
83439	9436	2.2754298363192
1559	5275	2.27497607362314
10970	9645	2.27471997448675
11329	2145	2.27359893429489
7130	8972	2.27320151845335
4215	8648	2.27266466090597
2197	6160	2.27256633136102
2197	6193	2.27204891992808
1063	9133	2.27199326473307
1230	79168	2.27131038860974
6161	6164	2.27094037707483
56	8076	2.27080423148545
6135	6146	2.26603331327111
3854	4916	2.26466940654181
10125	9235	2.26435398662889
2308	26037	2.26393986916907
10875	50856	2.2620591102743
10075	6235	2.26140245821884
65220	978	2.26117544002731
6217	6234	2.25987614430863
51176	8631	2.25958689532754
6201	6229	2.25784823396721
6204	6232	2.257126353948
5873	8743	2.25591044284636
1548	8671	2.25395171076563
366	65220	2.25289343354869
4288	890	2.25075452840021
6135	6227	2.25054483128471
212	3702	2.25026223524081
2212	23643	2.24681723193235
6165	6204	2.24678262361204
2115	3077	2.24644411228578
1019	4172	2.24572901584499
6159	6235	2.24498984422384
25801	8875	2.24466079543537
2215	7048	2.24434404002731
10856	5425	2.24377690842624
7849	79867	2.24292922244926
3161	891	2.24223407830176
51386	6155	2.2422017045442
6223	6229	2.24185115046582
2357	8794	2.2413426112652
6152	6191	2.24109731661743
229	5915	2.24082443273524
23214	6286	2.23975866071598
5265	79887	2.23914602547823
25801	7048	2.23901724565953
10410	10581	2.23709856765822
1559	323	2.23637623765272
51386	9045	2.23628977947388
2066	8626	2.23613005317734
2215	9750	2.23352978229419
3910	7447	2.23348047063224
6191	6209	2.23314756344771
56	8828	2.23039599108284
51176	759	2.23035073557988
1559	3910	2.22869595399057
4830	55651	2.22692544336942
5660	953	2.22620534433552
2203	2896	2.22575907263901
6232	9045	2.22542605878649
22941	56891	2.22363829695599
1915	567	2.22361587815524
2623	3045	2.22250539633007
1955	3603	2.22175771870546
53829	8875	2.22075668180308
203068	6749	2.22006205463071
3985	4628	2.21979930295309
6521	8991	2.21860555539012
4318	8807	2.21799767078368
3055	4542	2.21770563439001
3603	3772	2.21701908476174
4736	8665	2.21699557772113
6280	79168	2.21688306064084
6671	6847	2.21595854450031
2172	2891	2.21488654895901
11224	6128	2.21476826465386
212	5313	2.21457104664749
6138	6217	2.21442699398947
6152	6222	2.21352135365956
5696	5698	2.21281440518886
9133	9837	2.2124794079413
6206	7311	2.21229592548943
1559	64078	2.21193344647981
10154	9235	2.21095401880022
51371	522	2.20957773513369
29992	51363	2.20925331233484
6122	6169	2.20889230693673
2867	3772	2.20846507403802
64919	914	2.20725095608261
3101	64231	2.20724549102305
1955	84658	2.20507390335755
3178	9045	2.20489037557479
1549	7703	2.20371993617769
6007	759	2.2032341887365
366	6286	2.20194195111729
1638	5675	2.19873251083868
4688	64231	2.19779232989506
6135	6165	2.19744513418557
51296	8303	2.19699205381885
51567	55196	2.19683961805643
10154	29982	2.19523446204834
2115	771	2.19486056717047
7045	978	2.19413592599336
4666	6143	2.1934228046693
51297	81849	2.19302075947389
6152	6208	2.18977330632477
2993	6007	2.18975957171109
1337	1351	2.18858803032562
23452	56	2.18851348674376
6208	6234	2.18750638658108
10437	3101	2.18713914539531
3945	4736	2.18639534312286
56	56606	2.18556417115087
3106	3135	2.18195623802639
10437	1052	2.18086312837048
2197	6194	2.18046953781159
1584	2115	2.18043524590039
1806	27020	2.17980930714893
3772	4628	2.17747095000575
8334	8357	2.17725185812764
2115	5915	2.17694810393329
2358	3772	2.17660672946831
1417	3299	2.17645395880398
103	6653	2.17598458631371
23023	9881	2.17551140083388
771	8626	2.17543864760674
10164	1549	2.1737354157085
10661	8794	2.17231575557887
29992	51311	2.17181148135857
2765	8671	2.17165329981224
2357	29992	2.17158257869543
2115	79611	2.1705563074427
834	8905	2.16980830133435
357	56891	2.1694651483389
2066	4916	2.16840973674164
4820	9736	2.16764989585702
10661	2766	2.16754825744408
26509	4668	2.16724321381337
11224	6169	2.16714931335695
55567	79966	2.16639767650929
1350	4710	2.16611651867042
3854	56	2.16605231957922
1638	50833	2.16570934660151
3798	7082	2.16464280057049
366	51311	2.16442711497276
10288	51363	2.16403108998514
219699	27345	2.16393214627246
6205	7178	2.16379493329106
2357	23643	2.16299476551113
6142	6228	2.16247322571004
11329	3603	2.16194588023443
2212	54502	2.16038741256072
355	8743	2.16000694686528
6142	6152	2.15959892735601
1638	50832	2.15886274624234
51363	79168	2.15594567039332
1956	2074	2.15524329468061
6138	6175	2.15504145708803
2357	51312	2.15502332620683
2993	3757	2.15467571821815
10164	9472	2.15452130959259
1559	65055	2.15434148758758
6135	6232	2.15419107550698
5790	9452	2.1541588382483
4294	6508	2.15409889933306
4293	5675	2.15409666082072
4688	4853	2.15326838581411
1638	2822	2.15109401882919
3854	64100	2.15085047098681
6155	6165	2.15075069001078
6136	6168	2.15052137987641
728	79887	2.15032130544018
10288	50856	2.14945743600157
1638	946	2.1487823860146
212	84243	2.14875895324993
266629	6508	2.14777349924365
2197	6159	2.14772196826348
23534	23633	2.1468762311318
3418	6749	2.14527975877849
4641	5675	2.14512545743661
5902	6723	2.144563107447
1559	5923	2.14327666565031
1548	26085	2.14251672025277
29992	7045	2.14231560172948
10610	3772	2.14201992513485
1520	1955	2.14102232409735
4173	9133	2.14100659294078
2115	3910	2.13998135711935
2357	50856	2.13966850389102
8743	978	2.13941655513434
2212	8875	2.1392614669519
10738	5915	2.13903564093786
56	7498	2.1389051313451
10384	9235	2.13853949431823
4736	51386	2.13788320679241
3603	79652	2.13735411499078
2315	2938	2.1365493654251
11043	3798	2.13596044822981
56	84830	2.13542937370099
29982	51567	2.13525558283603
54502	79887	2.1336048064539
4282	4830	2.13345518056781
10154	7048	2.13289713075817
50835	5915	2.1299392729085
6152	6234	2.12986111677183
1549	3910	2.12950975596706
55841	7048	2.1293548394527
3757	3985	2.12466417210517
56891	5923	2.12327333006009
10874	51327	2.12263962383222
6165	6229	2.12242052902968
1638	3910	2.1200863506545
3055	9473	2.11748428285304
5923	79841	2.11613472453191
3575	64919	2.11533413935703
1230	64231	2.11349518530989
1520	8303	2.11271961709816
10641	27429	2.11255223942649
1549	8828	2.11168494645068
10874	4628	2.11057500673877
2065	6568	2.11039508591453
23304	23369	2.10995802144684
51053	6241	2.10974697364555
2197	6156	2.10818814581305
4736	689	2.10665427780272
5313	8972	2.10663700832666
1762	3077	2.1053517311368
23228	25801	2.10390041105515
10384	11119	2.10292178030737
22899	56	2.10272519749634
6146	6147	2.10212086735448
10661	3772	2.10144913891608
6138	6158	2.09910609812064
6167	6194	2.09775048029685
1773	778	2.09747863362466
65055	8671	2.09725753540167
2115	54566	2.09679190998702
1063	983	2.09654653082697
2180	604	2.09431625725919
10874	212	2.09200386081844
1915	6204	2.09190521319411
1559	3760	2.0918600113481
2822	6781	2.09029911971357
4666	9349	2.09022153847815
6135	6156	2.09000770104615
115207	1462	2.0899352166388
56	7082	2.08900892674344
1520	4688	2.08874445736004
3055	65220	2.08860488176824
2197	6158	2.08828967093397
10875	3055	2.08788230665607
6241	64151	2.08604736713601
23304	54778	2.08566488131074
2993	8972	2.08435504119448
4501	645745	2.08325047247398
2994	8991	2.08277834203511
4171	5427	2.08153812678475
3910	9472	2.08106378409899
4332	65220	2.08029192159349
332	4288	2.07956637178006
51363	9922	2.07854204608148
10154	8972	2.07772887748857
6169	6217	2.07657254609226
10859	9473	2.07653598115438
2212	728	2.07383173930005
6141	6205	2.0730003965915
29992	929	2.07257254077438
1417	1773	2.07256398577111
25801	9094	2.07115550197374
6135	6164	2.07050882892284
6187	6223	2.06911752327948
3101	79887	2.06856898331838
1559	8076	2.06806159962176
3702	51176	2.06637835333514
6283	79887	2.06481893316609
2115	79841	2.06332698395156
2215	5313	2.0632491028464
1549	55507	2.0630758792597
11043	3910	2.06291393592062
23401	51311	2.0627227700541
51200	5675	2.06243103851837
22974	4288	2.06225405769044
10288	1462	2.06186418511852
1520	50856	2.05886198796696
212	8991	2.05858012770999
3579	8875	2.05847124115395
29992	9473	2.05796107657049
4332	7045	2.05748068433669
5458	79611	2.05534613767453
4736	6122	2.0552423534005
2993	4311	2.05446439779064
10155	26472	2.05379640113082
1559	4915	2.0527686231195
23588	8644	2.05179685701047
10213	26135	2.05080715179619
1559	4842	2.04982579889762
3094	9588	2.04791990086053
6129	6135	2.04612554007697
6228	7178	2.04424554815963
332	6240	2.04407146306418
10384	11329	2.04397944395437
55567	79867	2.0422968064828
3161	4288	2.04148256637429
54865	5675	2.03784486028497
6152	6171	2.0371941114761
22941	27345	2.03628022879573
1994	26135	2.03595528962595
2217	9922	2.03575292050403
6146	8664	2.03563360300994
6039	64231	2.03486274586604
2115	2765	2.03342251485567
6156	6193	2.03315311259731
6280	728	2.03279171430305
5266	6521	2.03175951137899
4688	953	2.03051076686343
56	5651	2.02860408838571
54502	7045	2.02688814921129
1548	5915	2.02609060747273
1041	4109	2.02566633120586
1230	3101	2.02503705111936
10982	8644	2.02403002857133
3460	65220	2.02330659720487
1559	79611	2.02248221905477
84243	9885	2.02132001110089
1559	50833	2.02107190274131
2999	3824	2.01822822325359
6457	7475	2.01707769344041
10136	1638	2.01698151764981
4736	6158	2.01613182740642
4628	5313	2.01523197611793
6141	6159	2.01331825379577
3910	4293	2.01239032786729
3757	3772	2.01233539268459
3577	6397	2.01184727151979
6141	6204	2.0116724707335
115207	51363	2.01149384152015
2180	3034	2.01131176288494
6158	6191	2.01046502862368
6159	6234	2.00957817763555
11043	1559	2.0084314877244
3460	7099	2.00814731913017
4293	56999	2.00583109673441
8972	9094	2.00580713907029
3577	9235	2.00347925594733
2115	8747	2.00302583510211
11004	4288	2.00272712297719
4883	55686	2.00221421687079
10661	6521	2.00130624106336
366	5265	2.00018336530992
1520	9056	2.00006031843966
51430	9295	1.999960094306
10913	1638	1.99799629272169
29997	6175	1.99772429119798
10437	728	1.99723378722596
6152	6209	1.99645922424189
10154	8794	1.99465114726998
1548	2315	1.99445440570732
4736	6142	1.99435323918799
1768	56114	1.99398083549288
914	919	1.99364145590523
10288	10875	1.99277772245903
2038	9235	1.99231595520386
10875	9473	1.99134769287389
25801	8743	1.99061863001034
6167	6234	1.99011720432494
4988	5923	1.98999849552916
2765	3910	1.98942826631572
3646	6152	1.98726648100045
54502	929	1.98649552012642
2999	3001	1.98521959360838
51176	9214	1.98370092704333
200315	2268	1.98346227725189
7475	7849	1.98312247305345
10629	4323	1.98306631358026
5983	83461	1.98215164472694
23214	6397	1.98168530279418
4889	84830	1.98111226752648
212	3985	1.98073494592736
5678	771	1.98004134595945
79168	9770	1.97834628062996
11219	2172	1.9782887249401
1520	51311	1.97781252894997
8644	966	1.9769502041114
64581	929	1.9766482870673
1230	9056	1.97657112157563
10875	64231	1.97609218104319
22899	3910	1.97572928564167
10874	3757	1.97484510078045
219699	6847	1.97402525531282
6128	6187	1.97375772369014
3451	5915	1.97270372058845
54502	8743	1.97211860855717
6158	6203	1.97193841146138
3431	3603	1.97174170191519
10574	30968	1.97146662817286
6223	8664	1.96788886776364
1638	2066	1.96772562842777
6152	9349	1.96731219265549
79168	978	1.96632752178434
23369	5048	1.96599750368483
5892	79794	1.96535385013624
1549	4323	1.96494640520826
6133	6152	1.96408499823788
4175	5901	1.96192650814534
1549	4889	1.96148258064316
29997	6194	1.9608894824285
6122	6147	1.95881955661795
4311	5087	1.95714797554746
10661	9235	1.95696655289167
1559	54566	1.9551799480275
6191	6229	1.95501229553824
10738	27253	1.95423791863083
23643	3459	1.95386088940339
1816	3451	1.95337390630008
10135	6386	1.9528614460686
23304	23347	1.9519960011203
2305	9133	1.95059557528897
2115	323	1.94826151489439
6132	6159	1.94749399064204
11329	25801	1.9473725877834
5660	929	1.94714522602628
11004	3161	1.94537178400708
3669	6397	1.94476575014513
10913	3910	1.9436173118521
2268	79168	1.94321500207999
2215	29982	1.94307757956408
23410	79744	1.94297807238522
1240	56	1.94212341386314
51386	689	1.94089119815299
1548	5458	1.94051798185165
53829	978	1.93934603577329
2219	29992	1.9373488241346
50856	5265	1.93727872519361
57664	6508	1.93711470411508
6168	6201	1.93542541319862
4288	51203	1.93518445812566
10409	8875	1.93502833821792
5660	7305	1.93441286943642
5675	7849	1.93272763694333
3985	64386	1.93217029725843
7475	771	1.93083391796557
80164	85360	1.92842914589304
6135	6169	1.92838564746799
64581	9056	1.92835100187977
5873	8826	1.92778211863533
6128	6171	1.92765596252204
286	6708	1.92754055851947
2765	4293	1.92753350465849
1762	6405	1.92658611611575
27430	51379	1.92649597519793
2215	64386	1.92645004075263
1062	3161	1.9261610896995
3451	5675	1.92597338090171
2357	9094	1.92408388288331
1549	6847	1.92387338125852
10875	4332	1.92338647994312
5155	5915	1.92171903421091
25801	6397	1.92065755316152
11219	50831	1.92007935104847
22878	23032	1.91998803216004
3482	9473	1.91954365841852
3985	51312	1.91830057259323
4542	51311	1.91778615553841
10154	3603	1.91679016987822
6234	7311	1.91438950942681
23401	759	1.9133671317382
5675	56891	1.91335906634827
4688	7305	1.91297557070925
54778	55763	1.91148952582111
10661	2993	1.91134470686487
759	84243	1.9105164426007
26093	56	1.91032369737833
2867	3985	1.910216599061
11329	9938	1.9086864541553
7133	929	1.90822465639381
6146	6168	1.90805937908527
10738	862	1.90774382590921
10738	4915	1.90680827013333
6147	9045	1.90670076103713
1638	4916	1.90564411417839
23214	4318	1.90556769645658
2994	759	1.90541326457633
332	891	1.90540119753199
50856	7045	1.90471229263206
1116	2038	1.90468029664573
3772	51176	1.90412612753001
3669	9235	1.90391465089743
2212	5265	1.90368263828557
5551	9235	1.90334436805698
22941	9210	1.90333241703763
2038	5087	1.9016583792981
3145	6521	1.90163088402097
4666	6122	1.89974194082408
10154	7903	1.89937861533866
23179	2765	1.89870298726685
2334	4916	1.89810179790494
1955	7096	1.89759775073792
29992	9056	1.89738369034197
8743	9750	1.89720150727057
4666	6165	1.89687648307942
60676	81849	1.89682047430125
54502	9770	1.89671611303784
51363	9770	1.89450173740233
55507	771	1.89442139111767
2197	6206	1.89350205010794
10409	3482	1.89303807552005
51363	929	1.89142019447215
2074	23179	1.89059134107967
6155	9349	1.88932838606153
1559	1816	1.88875797601179
56	7849	1.8884667915644
3772	84658	1.88631284450589
5143	84172	1.88601236270119
27345	56891	1.88579853912078
23347	9750	1.88552125855987
8875	9094	1.88515174845928
1236	64919	1.88364536297249
10859	1462	1.88106430240036
23214	3579	1.87955282449654
2065	64078	1.87925561626418
29063	7475	1.87874097804448
10738	2074	1.87790323052153
6133	6136	1.8774902999402
3782	51412	1.8766208606126
50856	64581	1.87628977829841
131578	2765	1.87595349010251
4916	7475	1.87569269832008
22941	80031	1.87530442159354
28985	539	1.87421563547166
4869	6152	1.87164785626404
10164	5675	1.87110574451262
131578	50835	1.87072097120053
11342	3431	1.86980830939715
6168	9045	1.86895173866235
6160	6191	1.86809194256032
5923	9722	1.86733844287999
2212	51363	1.86725764793634
3001	3002	1.86609842325983
10164	5915	1.86540858345401
51203	9768	1.86520171844975
23228	9750	1.86493547267213
10409	9473	1.86410449190966
1549	23452	1.8630991495245
56	57408	1.85983631326658
4172	6240	1.85961143988749
11065	83461	1.85913551014756
2212	9056	1.85893549322884
23293	64078	1.85888277959348
23347	8972	1.85787979699745
6138	6194	1.85772791062866
6164	6165	1.8562871445377
1070	7743	1.85609186494882
11276	7456	1.85553956649205
56	8482	1.85431764261859
1638	3854	1.85426229183696
25801	84243	1.85325453175799
50835	80031	1.85305365961198
1773	9390	1.8529610406049
23304	51567	1.85039104799745
5155	6539	1.85000950004304
6136	6167	1.84849277129098
2219	3101	1.84840627209015
23401	8972	1.84773617046263
5675	7082	1.84757861545872
1548	5678	1.84737052088229
131578	23349	1.84704640032607
7045	929	1.8468979320246
10856	4175	1.84630768775754
79168	9473	1.8460890774577
2295	50835	1.84420594204526
10125	51176	1.84351476750931
2212	366	1.84288004145755
10075	6209	1.84259628563042
65055	7498	1.84179543327454
6135	6170	1.84107993012869
51603	5987	1.84022253122396
6122	6138	1.83943063858428
2993	3045	1.83924375828455
1288	1559	1.83920054417419
10384	6772	1.8385517642207
2212	80896	1.83836307527519
2357	9750	1.83674089321347
4318	64386	1.83671868886258
4688	54210	1.8366663768743
11224	6142	1.83621714525503
6152	6168	1.83543296400305
11342	23347	1.83495665201855
2197	4736	1.83394429073939
6193	8664	1.83351613695185
2212	51311	1.83328455352996
4293	80031	1.83044315406552
4171	4172	1.83035799649772
771	8671	1.82994884422294
51168	9722	1.82953723845254
4883	84525	1.82952017186141
11331	2091	1.8282141409918
4869	6201	1.82741759599031
23214	2867	1.82559967322686
1946	4916	1.82445655623438
1559	2891	1.82346970475924
1548	4889	1.82252927707056
2219	313	1.82190743647293
22941	862	1.82173121126113
3508	51533	1.82141318973472
30968	5245	1.82087881191854
10437	1520	1.82048788494178
6142	6209	1.82029149688733
11024	5265	1.81819114435237
50833	81849	1.81719999597023
55573	9741	1.8171237453314
4916	57586	1.81563601959022
10574	10856	1.81556184036971
4332	79168	1.81458631097819
11224	6210	1.81379479730326
1462	6039	1.81364611598963
80896	8875	1.813025060666
6143	6233	1.8121288342995
6141	6156	1.81148120248975
51312	8794	1.81024036493172
1559	862	1.80877788390633
6159	6176	1.80863110746187
6133	6161	1.80852416787603
23643	51311	1.80756692232053
2219	2268	1.80529635665827
212	6397	1.80508367313425
11276	23304	1.80470946113489
29992	65220	1.80456723778453
6165	9349	1.80364484842397
3460	9473	1.80241284095226
4288	5983	1.80188141253861
4293	6781	1.80159014818469
23345	5583	1.80088110688245
2155	60676	1.80083637562281
11329	23304	1.79740569840308
1955	3577	1.79716130615412
212	5266	1.79692443847342
3077	5915	1.79333433309689
2219	953	1.79296679163215
50833	79611	1.79269594530266
3101	8875	1.79244202799269
51296	728	1.79224813606468
4175	6119	1.79189262018108
6164	6223	1.79144222293697
2993	9235	1.79105618807969
10970	6583	1.79005927519826
5829	84243	1.79002508988883
2872	6397	1.78974840218273
10738	1559	1.78960019522081
51297	5923	1.78945893252962
51311	9770	1.78871543648715
10982	9289	1.78867788458921
2904	4915	1.78839263193357
8875	9922	1.78719178624203
2528	56656	1.7871381601571
1768	56	1.78694094676636
3326	3615	1.78539665105089
80097	90338	1.78533858198113
11224	6129	1.78453593447342
6147	6217	1.78443468571913
2074	7275	1.78438645188518
4356	56	1.78278725392421
6847	8483	1.78244502293237
1052	2219	1.78199636430165
1462	1520	1.77944353858998
1070	64318	1.77930722575266
29127	83461	1.77873136447839
1946	56	1.77869294285494
55313	6386	1.77849538999041
4628	8972	1.7783291544101
4173	6240	1.77813377704721
22877	7994	1.7767762900379
4628	6708	1.77570365849392
23401	84243	1.77323342031173
4675	5352	1.77140798053856
1638	9956	1.77140328788961
5063	55076	1.77106932547669
4175	5111	1.77083526395375
10859	5265	1.77071099114725
771	946	1.76995860309025
4736	6188	1.76962787926363
26648	9699	1.76830291697059
1955	51296	1.76692282360003
6136	6229	1.76648907719104
1955	23092	1.7663358366963
4688	51296	1.76550999748274
1536	22918	1.76544551346623
2038	5213	1.76253630850567
4293	84830	1.76216162501949
7535	9235	1.7620228918353
4332	79887	1.76067497197644
11224	6132	1.75938985415791
4916	51200	1.75871947848877
1019	4171	1.75822484162868
84172	90338	1.75788475151616
6579	8747	1.75763350890575
22941	5915	1.75720548316282
6143	6234	1.75711471925193
6192	7404	1.75661579433985
4666	6188	1.75658072625762
1559	64066	1.75639123930043
4318	8993	1.75594503660691
10437	7133	1.75574559406746
2099	56	1.75473787198086
3482	51363	1.75398043581342
9895	9938	1.7533736713628
11329	51230	1.75248628292438
1638	7475	1.75124202428777
2074	56	1.75006793460118
2172	57113	1.7499930311591
6653	81558	1.74974270269385
54502	8875	1.74971578923659
23293	8671	1.74905892281914
2357	4853	1.74839290487892
5915	9210	1.74742585531179
1955	2219	1.74693900490893
56	5764	1.74509293559225
6165	6205	1.74490269633946
22847	8483	1.74478459877718
54857	7070	1.7444384730352
25895	53616	1.74363425002857
6122	6217	1.74197546419691
6138	8664	1.74041384689427
7781	8076	1.7404121871831
1549	55638	1.73914090288774
5265	54502	1.73681073958238
6167	6191	1.73665832875118
2993	3702	1.73608527125892
23354	80263	1.73540211438455
2357	7096	1.73499168264481
6141	6161	1.73476116607814
6781	771	1.73353419512239
60468	9214	1.73247416160688
25957	51747	1.73231188436573
10154	4853	1.73181098807872
55573	9318	1.73105948786795
2765	771	1.73065588995245
10154	3579	1.73030086741877
11341	1240	1.72932534659576
6143	6169	1.72876576191506
1548	1549	1.72851104101632
2038	6708	1.72828948392393
55788	8301	1.72828384714366
1462	912	1.72828157194872
6161	6167	1.72789838003179
51053	5111	1.72756043327006
23347	51567	1.7268840348336
4323	5675	1.72662081894318
1512	1536	1.72629187292354
4057	4318	1.72597239083186
1559	64693	1.72549121067146
1548	23452	1.72235662212721
23643	6386	1.72110904327003
285527	80205	1.720773069114
54878	7994	1.71946822654038
3431	3669	1.71929232721514
1019	10606	1.71827899033252
10136	771	1.71819959872764
417	5915	1.71758484944253
5155	8671	1.71730413441068
4293	81849	1.71595542919755
3034	65220	1.71575679751802
1230	1536	1.71569859445912
81849	9956	1.7154924376294
10437	29992	1.71546380816571
2623	6886	1.71429441784109
1638	64078	1.71355187041572
6135	9349	1.71352209193538
1955	83716	1.71346848880784
50832	53616	1.71166996054678
604	79168	1.71059567985734
3577	4117	1.71034576012361
51603	54737	1.70773914825849
4666	6171	1.70713339136767
56	6781	1.70681187949365
2215	2358	1.7064131018053
3431	9235	1.70591746722706
1559	3451	1.70460021304166
6138	8665	1.70448515559004
51200	6781	1.70382741319734
1638	2904	1.70338093531617
6653	7048	1.70262757169573
10661	84243	1.70203754471372
203068	3418	1.70167319790919
23214	7130	1.70118933575543
51603	58497	1.6997878881935
11043	2822	1.69935633698996
84243	9094	1.69665264195366
55142	80097	1.69610196924759
2066	2822	1.69604588268871
23347	4311	1.6955628801168
6208	6235	1.69509587561666
2357	9056	1.69485890470219
597	8303	1.69444808582169
6133	6160	1.69309104439911
79887	9473	1.69215244672751
10288	29992	1.69198462099059
5111	6241	1.69043382089711
3757	8794	1.68973510339036
11329	3097	1.68936831426924
3108	3115	1.68919827227611
10164	6781	1.68830177947559
6129	6175	1.6863681143277
25940	80324	1.68593256042806
4916	80036	1.68569729661348
4332	728	1.68490662358319
55	953	1.68457413089321
10661	9870	1.68293470668367
1915	6128	1.68221902773859
10384	2633	1.68149263541968
4956	5030	1.68066710571316
1548	5063	1.68039181024695
2305	332	1.6799949710451
1549	8671	1.67980112362183
3910	64506	1.67939288298019
27445	55567	1.67901505026005
11043	2765	1.67842519998674
55266	80031	1.67794738477896
11061	6781	1.67787117253113
6128	9349	1.67744624796372
29992	64231	1.67724195058927
