4495	4501	3.15303292018017
4496	4501	3.14698562911992
4495	4496	3.14620131363185
4493	4494	3.14604817854875
6147	6209	3.14001144444521
4493	4495	3.13816609391879
6147	6218	3.13808664770729
10606	1841	3.13364498545146
6205	6208	3.13327201272797
6161	6208	3.12889249107109
6204	6209	3.12793606769727
4494	4495	3.12472196997283
336	7018	3.12049150009561
6147	6168	3.11734918861116
6171	6210	3.1122691636323
23521	6139	3.11104143589664
4494	4496	3.10868103486685
6147	6204	3.10709184457389
6209	6218	3.10665061847075
6157	6208	3.10655425382628
4835	7936	3.10481322078236
2512	6169	3.10461076590621
1915	6147	3.10458309681048
6147	6229	3.10458076703747
4493	4501	3.10263454601437
4494	4501	3.10248506392916
6157	6191	3.09885115180873
2597	5478	3.09771729048644
1915	213	3.09757691898161
10521	1778	3.09744941770091
2731	4735	3.09494898635715
23521	6171	3.09404700090609
22828	51441	3.09040080018776
6157	6168	3.08843586052613
6147	6171	3.08784579901435
2512	6171	3.08728983462206
213	2512	3.08712103708105
55860	6810	3.0867423558161
1778	4735	3.08652969716119
23521	6147	3.08638849295837
335	348	3.08496506184024
2731	79042	3.08467768650329
6160	6171	3.08461265703755
113419	8883	3.08396544503474
6204	6218	3.08286336903589
6171	6218	3.08248830688675
6139	6147	3.08170587082992
6147	6234	3.08144053568984
310	8883	3.07723961432972
23521	6157	3.07628617721784
30968	51021	3.07476731397681
23521	6206	3.07452512696303
60	6206	3.0730455879664
310	3661	3.07161711983454
23521	6160	3.06989092326499
4496	4502	3.06883833152335
64118	6723	3.06577088450311
6147	6175	3.0654763064895
6879	91746	3.06311786272071
23521	6234	3.06111129162143
10521	2731	3.06105640999353
6124	6139	3.06063504362766
23344	6810	3.05946135354188
51441	57862	3.05659121278824
4501	4502	3.05367997119032
6175	6206	3.05341356643854
1915	6168	3.05185916453766
2762	5160	3.05159021664567
335	7018	3.05026251245071
6168	6171	3.04793702746652
10121	1497	3.04784606705238
10419	4835	3.04779118597069
6143	6229	3.04772804734339
6168	6229	3.04767918901001
6139	6234	3.04569076323868
10419	7936	3.04562698111297
6139	6157	3.04405738189517
6157	6229	3.04404432190563
213	6171	3.04342946513748
4493	4496	3.04269385741649
4666	6208	3.04078343042816
3273	335	3.03739546407302
4193	51499	3.03466974894407
6171	6234	3.03276914906496
4580	51021	3.03206034743117
5036	8890	3.03092757192548
6160	6205	3.03030114723574
23521	6229	3.03015741522056
11017	26511	3.02971136671999
6169	6209	3.02915955790947
23521	6161	3.02786745831617
23521	6124	3.02690623002048
56731	6472	3.02388264673559
2597	6175	3.02179852797115
6189	6191	3.02025172856752
60	6175	3.01982924310742
6209	7316	3.01922287281378
10565	55669	3.01870567651568
213	6147	3.01706149702376
6157	6189	3.01672372045578
6134	6206	3.01451922538923
6161	6205	3.01435216093336
6157	6161	3.01412640292994
6139	6175	3.01359476001548
10521	4735	3.0129892418506
6175	6218	3.01253915393279
6229	6234	3.01192584174281
1915	6171	3.01047452010493
51021	6723	3.00991669050859
6169	6171	3.00896456641905
10048	23008	3.0062551623621
6139	6229	3.00579622547918
6171	6229	3.00529580275307
6171	6205	3.00342348001952
6810	7936	3.001899253455
10614	4683	3.0001077359934
4495	4502	2.99947553247013
3005	8428	2.99942130668129
9768	990	2.99703660630518
23521	6208	2.9952630811033
1657	23032	2.99442796369397
1915	6209	2.99425783167952
11224	6223	2.99312115154768
51141	5937	2.98878801885865
23344	7936	2.98796005105794
7082	9240	2.98533569800563
213	5478	2.98489010291763
6168	6234	2.9844085359476
1672	3273	2.98424424294362
2874	7283	2.98357868485666
6160	6208	2.98221432771376
140609	81537	2.98090812948573
6147	6157	2.97975094312548
11130	4175	2.97848418668281
10314	56948	2.97847209876287
23521	6205	2.97815149268033
1915	6218	2.97782104951898
23521	6191	2.9758358291861
5478	6218	2.97539482107104
11215	2731	2.97527492878391
2332	7155	2.9735546776387
5902	6723	2.97304967286014
25920	6642	2.9692184431597
6176	6201	2.96918964997644
10209	65117	2.96812416592913
6206	6208	2.96785973338865
6175	6209	2.96628328487571
55577	8449	2.96358774542814
30968	6723	2.96226179574689
6157	6205	2.96119650750672
10606	55055	2.96078767517346
348	7276	2.96055324953521
213	6218	2.95881142042845
6139	6168	2.95718422018346
11130	6241	2.95672347808691
213	6169	2.95631501593066
335	7276	2.95412285754209
3113	4318	2.95384400989735
1915	6234	2.95169813005722
51021	7936	2.95142700586107
1497	55860	2.95089687451667
1497	60626	2.94990243579985
28969	2971	2.94913961967155
1841	23344	2.94845034890295
213	6210	2.94640401209124
6147	7316	2.94635974880781
1841	7936	2.94583643073185
5265	6139	2.94352299860757
6160	6191	2.94324985662603
6139	6161	2.94289927532762
23120	4053	2.94254869726821
6209	6229	2.94147952273923
1841	55055	2.94101193069513
23521	6218	2.93987548906833
4666	6205	2.93810374312481
23176	4735	2.93657376941327
3956	6277	2.93528727116556
5515	65117	2.93479097997914
10419	4580	2.93299910603982
2731	6772	2.93153646653101
3636	8449	2.92911430691758
23266	9765	2.92884130207705
2597	6187	2.92854011101725
1072	6222	2.92806542340013
6209	6234	2.92766047754241
23344	55860	2.92603119430957
10606	2747	2.92481578661537
6206	6229	2.92318461343978
11282	5905	2.92231854007618
4496	645745	2.92202949359778
6175	6204	2.91755108754514
23521	6168	2.91734792035713
30968	7936	2.9170059555657
5265	6168	2.91623614664784
10314	113419	2.91512768853115
1163	79622	2.91452272767325
2874	7867	2.91405419202692
11333	7936	2.91213073089574
6241	9768	2.91187632527131
6168	6204	2.91062733906671
51115	8883	2.90959749262097
2746	2747	2.90890818576025
4835	51021	2.90515767522143
4318	6692	2.90357502777501
2512	6209	2.90283287186599
1915	6229	2.90249573574491
6139	6206	2.90153824748144
5478	6147	2.89674627949264
3183	6428	2.89471231539918
259	3699	2.89444794714759
6170	6229	2.89212333029442
1778	8883	2.88994230058301
9774	9804	2.88104185038244
6171	6206	2.87777030762979
2874	790	2.87728772325381
4835	55055	2.87721975494988
29775	85377	2.87617896782205
6147	6206	2.87550088134811
6171	6209	2.87459061429278
1965	9861	2.8743982664577
140890	22828	2.87336845898681
23521	6175	2.87318637173604
1453	705	2.87216500599304
1497	3615	2.87166393657993
6175	6229	2.86888963128796
23560	7763	2.86867343268151
5187	7128	2.8668325098062
55055	7936	2.86611588161724
213	6204	2.86476515742481
23521	6134	2.86457073636214
11333	51021	2.86331102994189
213	6168	2.86287193122829
1915	6222	2.86053445322028
8525	8615	2.8599367756797
64400	8615	2.85869094462803
5478	6175	2.85843229040682
6188	6229	2.85831716358298
10197	8890	2.85672186137394
4350	8209	2.84868139743429
7311	967	2.84669869121207
1915	7316	2.84573468371649
2512	6147	2.84536692220454
6157	6171	2.84424344503798
4175	5983	2.84191530467526
3661	51734	2.84050913107771
23397	83461	2.83999661398482
22809	444	2.83996218712593
6169	6218	2.83914864018282
6169	6204	2.83891570597289
10092	8625	2.83760657431724
5265	6194	2.83710462044672
5099	56	2.8366164051365
183	4792	2.83624553614564
51202	8480	2.83360359206136
6143	6147	2.83353016702653
4666	6157	2.83337064527005
6191	6208	2.83053943289065
23351	790	2.83005579592034
11259	27242	2.82946880581175
3661	8883	2.82882185616198
10190	65258	2.82438421658225
3106	3107	2.82143792529168
1915	2512	2.82140900541476
5478	6209	2.82070309726144
1973	6209	2.81641344247754
4154	79657	2.81466708687534
3636	4735	2.81408774339711
6134	6160	2.81346124821485
26278	81929	2.81284470742328
2992	3419	2.81250484472786
6879	7572	2.81022933059132
23344	6749	2.80927919542553
335	336	2.80882540452008
23268	23384	2.80834673723502
3661	4701	2.80754585284611
10606	6749	2.80720645870512
4173	4841	2.80682059652815
1072	2512	2.80640102931998
6158	6235	2.80503931278152
6168	6209	2.80470598659864
8440	9240	2.80329079281448
6171	6191	2.802616479299
6161	6217	2.8017856421648
6139	6208	2.80150957123021
1859	55602	2.80114934145249
55860	56339	2.80060241749361
10190	3397	2.79977845663182
51647	6993	2.79874649046637
6659	8876	2.79834091998595
5478	6187	2.79705857189467
2267	350	2.79384831478655
2171	9765	2.79332434712865
10302	10486	2.79128339955491
6157	7178	2.79068669548672
10606	11331	2.78999153096711
6241	990	2.78987849283141
6157	6206	2.78708733439252
6169	967	2.78636234942395
10116	26953	2.78421775842078
56	79901	2.7833195949592
6139	6218	2.78169333495833
1072	6209	2.78114965663498
2512	6204	2.78008333510789
182	9411	2.77908253182976
23176	57506	2.77815846450592
22998	9111	2.77803726282079
10486	4162	2.77799083387939
2937	6810	2.77722707369317
23344	55055	2.7762583741269
11333	1841	2.77513368233742
471	5160	2.77417297345928
1316	6809	2.7739577358499
7283	790	2.77304049417303
60	6204	2.77157325640033
3615	8890	2.77120201193544
6799	6817	2.77105122761181
1105	55791	2.77042738173626
6161	6191	2.76949628744137
563	6202	2.7694812649633
6124	6208	2.76879515102288
2878	79001	2.76741170198915
4193	7633	2.76697569392187
23521	6217	2.76423975398878
10606	7936	2.76101199291295
6611	9112	2.75736701975438
1195	9698	2.75660816405581
2937	51021	2.75624984848254
4494	4499	2.75407886987172
155066	2194	2.75378579890259
29080	5898	2.75258412009072
2512	6218	2.7524766477995
60	6209	2.7504588332952
6204	7316	2.75043117592981
11224	6161	2.74919196969636
183	9987	2.74854770385554
1595	6713	2.74505842568354
51292	55055	2.74472637012013
6150	79001	2.7437423387749
11224	6208	2.74262172457903
6168	6218	2.74027491174235
4580	6723	2.73963758530407
12	2267	2.73786172625638
3273	7276	2.73760154589443
6156	6170	2.73676600774273
23360	6047	2.73373066184246
23521	6209	2.73354149926054
1915	6210	2.73203548282679
56	5620	2.7314173814331
213	6209	2.73094793142449
1468	25915	2.73009292264272
155066	5833	2.72917423941223
6169	6205	2.72893704482659
55274	8449	2.72853113261304
6124	6134	2.72730097494401
6147	6222	2.72684400771982
2512	5478	2.72610639367776
327	8209	2.72206783460676
3280	9584	2.72189443182623
4128	598	2.7216417012831
705	8846	2.72113553523755
6209	6222	2.72104865735136
6168	6208	2.7200597251722
51441	7699	2.72000612235461
1672	7366	2.71931558656932
11224	8667	2.71583306586102
10606	2746	2.71321980716747
259	7018	2.71217299543762
6157	6160	2.71120588823729
1841	51021	2.71085312891343
6171	6204	2.70832299354211
10651	3831	2.70831727797808
1915	5478	2.70721516027202
5520	84759	2.70707064008575
10121	3615	2.70597229390988
6204	6206	2.70360711749014
5478	6204	2.70306158455962
11282	23241	2.70305848588146
11333	6723	2.70268248949236
5478	7311	2.70189935848862
22919	3725	2.70140909998721
26278	6310	2.69803024768773
189	7036	2.69706079549722
6161	6201	2.69623021770407
10153	51128	2.69526918356465
336	3827	2.69516085283714
1460	1841	2.69492854680559
6147	6161	2.69334011727951
1465	833	2.69310997432077
23521	5265	2.69251657614507
65117	9587	2.69141971718532
25920	51406	2.69112242613252
3312	9532	2.68943715280283
4143	990	2.68913999686953
6139	6209	2.68812887927866
51021	79711	2.68787100752788
6160	6206	2.68561473431297
2805	79710	2.68503000928434
6222	7316	2.68487479065911
6161	6194	2.68484252032827
4358	8449	2.68433912698428
11333	30968	2.68305442886729
1672	335	2.68294192562935
11331	5985	2.68269971960591
3615	60626	2.68257601291383
2273	3953	2.68253217789215
2512	60	2.68253072729497
27346	39	2.68245544597223
51021	6749	2.68140288374944
55854	57062	2.68091164400361
6143	6209	2.68016510593188
6160	6161	2.67852138730502
1595	6307	2.67718465252751
2874	3615	2.67252570522956
4580	7936	2.67215636455294
6205	6206	2.6716010496558
64764	7283	2.67143135228317
60	6218	2.67080760444461
1497	6810	2.66968259350809
6161	6176	2.66934903263263
6453	65258	2.66809883326184
8525	8773	2.66743504915842
1672	54490	2.66533320195239
6204	6229	2.66508153382429
2314	6015	2.66392693506479
11282	4735	2.66386990994084
2309	5187	2.66094254916117
6156	6235	2.66037084476402
6194	6206	2.65936875175464
10097	471	2.65786401523578
6157	6234	2.65587308124708
5099	5733	2.65393600506166
16	4292	2.65319515332048
26273	81537	2.65307734081269
23607	81929	2.65239083736996
1302	248	2.65103822671289
10915	51441	2.64897715393757
5478	967	2.64884487728926
8697	9444	2.64838660711291
55062	8615	2.64741238198338
6161	6206	2.6471183174399
30968	4580	2.64565685531523
55341	8452	2.64507212616102
10150	27242	2.64504848799564
427	55717	2.64450672442499
5590	93487	2.64399155742677
29082	79590	2.64367335714196
51021	6810	2.64347402099254
1915	6204	2.64279176125848
5705	9141	2.64275265368136
5286	9929	2.63964412868536
1841	8624	2.63956127030573
4076	93487	2.63813507055392
10651	5567	2.6380417969079
5004	5265	2.63664882707278
3921	6188	2.63658784067089
29081	8525	2.63540423646271
6157	6170	2.63480754621858
1778	2731	2.63362900147097
3833	8318	2.63245356999457
5861	6631	2.63147464085375
23344	2937	2.63129468111495
6161	6223	2.629684642857
4792	9987	2.62869872601607
2597	6218	2.62791328453201
1819	7283	2.62742244296032
55740	57211	2.6241813712642
5265	6228	2.62405400889944
1841	6810	2.62341247840263
65258	93487	2.62339509192824
7082	79657	2.62298316575013
10327	51660	2.62290813718337
10469	3615	2.62222744901684
1442	4842	2.62153205910037
10142	546	2.62046557469584
60	6147	2.61957389572943
5985	6241	2.61894571759333
11224	6205	2.61869570978135
6218	6222	2.61720973355553
11022	729515	2.61710271924191
23369	9987	2.61675846128179
6139	6143	2.61563869584394
3240	5320	2.61425103295218
4967	79581	2.61335817887595
5265	6124	2.61268896775004
1778	55860	2.61236448964784
60	6139	2.61192916439804
1974	5093	2.61110152010734
6218	6234	2.61103532006416
158	55034	2.61082995676126
5439	5928	2.60866050256338
10131	2717	2.60790289010001
57018	9584	2.60748158919767
2512	6210	2.60542429044636
2316	92689	2.60528884835381
11224	6152	2.60457795668174
3895	4077	2.60347174239143
1967	8525	2.60109625395422
1026	57103	2.59997286240924
3068	790	2.59960207791506
1973	4809	2.5989211182696
10419	2937	2.59791861496467
55686	7132	2.59777512600709
6139	6191	2.59771059107351
10521	79042	2.59562913614016
10606	5928	2.59510397094462
56950	5836	2.59427891152188
4615	7453	2.59222006254746
6191	6205	2.59142170845222
2937	4580	2.58887618966516
3615	7867	2.58804026873623
11333	4580	2.58714069152385
2147	7276	2.58347890105634
10922	790	2.5791984107804
10419	55860	2.57910049870424
1915	6157	2.57843852413651
51510	9403	2.57705254476835
6218	7311	2.57591517224788
30851	5480	2.57524443252984
3827	7018	2.57280152292418
23521	6143	2.56757032619688
10419	23344	2.56575310495587
5442	57017	2.56556016089967
3875	83442	2.56540653752482
23191	8625	2.56518447274412
10606	5439	2.56365620308264
182	8870	2.56359937704711
6124	6206	2.5635664015843
23344	29082	2.56259772362525
30851	8625	2.56172362739526
6156	6207	2.56165640284887
5675	5678	2.56149339356929
11004	890	2.56128973419349
27429	2874	2.55979779550912
2873	4701	2.55969021967502
4666	689	2.55960034812339
2014	3956	2.55927034154728
2762	471	2.55812912618265
4666	7178	2.55724809196384
6222	6234	2.55328572865922
6427	6432	2.5515711721644
1497	25920	2.55026482462804
23433	55450	2.55004515954957
5530	7791	2.54944281628426
5530	7165	2.54885214870497
2193	2874	2.54868444745997
30968	64747	2.54763221832391
1361	811	2.54691052083284
3273	7366	2.54318004130302
5053	81853	2.54239038537748
27292	4927	2.54168873804574
25941	6652	2.54116775946128
10250	6432	2.54094362761377
25920	8525	2.54073587408017
350	722	2.53927875287071
114882	151011	2.53565776461663
4502	645745	2.53503628036227
6175	6234	2.53407256876387
1072	6218	2.53304585601122
10922	2874	2.53232617119599
6201	6207	2.53194252519684
6147	6208	2.53128277096349
11004	332	2.52932376619834
6194	6208	2.52927865539239
6218	6229	2.52834657668259
4350	95	2.52822158753268
29896	3183	2.52764058597079
6171	6208	2.52753537239106
6147	6169	2.52741079955917
6141	6223	2.52695745770217
1965	9533	2.52674348264561
4690	55958	2.52497670894779
11130	990	2.52297455571334
84759	9128	2.52204435545138
1841	6749	2.52171103175344
5265	6147	2.51945431501302
6160	6234	2.51937419360549
1915	23521	2.51897779281115
6191	6234	2.51840803662224
4580	6810	2.51840489800455
23541	3678	2.51751557097627
6139	6194	2.51625357403731
56681	7763	2.51520455848826
2512	2597	2.51492490292078
4683	93487	2.51479483477883
1460	5704	2.51428364146495
23521	6194	2.5138399542566
4869	6188	2.51365084531866
5265	6134	2.51364329756361
6156	6189	2.51201565732621
6139	6189	2.50998802647272
10419	55055	2.50729030826895
23344	51021	2.50359332479683
34	3895	2.50355355846866
552	56	2.5026006900947
113419	310	2.50092405298895
2762	6723	2.49931504174866
3921	6206	2.49771883584541
1460	2874	2.4973089458943
6206	6218	2.49727658424454
3661	51115	2.49545574677847
6168	6206	2.49517975577549
10575	3329	2.49135174979229
23379	6632	2.4889543447888
2267	4904	2.48828100121143
2937	55860	2.48596109288819
4701	55055	2.48234281735641
1072	6171	2.47893734605726
6188	6206	2.47760451068096
10488	8890	2.47751880776208
6205	6223	2.47669669755471
1841	7283	2.47585787657608
6205	6218	2.47553447164811
51160	6810	2.47336238533632
10285	5546	2.47327485853748
1460	8890	2.47140325862079
10419	3661	2.47099390030869
6161	6222	2.47076114034905
3921	6194	2.47059807860345
6128	6165	2.46905086179156
1527	2822	2.46700222204272
6189	6235	2.4653013724158
4666	6161	2.46496709167104
1361	7167	2.46305214587246
10127	26156	2.46273935542883
10455	5836	2.46240678058448
11212	9342	2.46219041344907
28957	5718	2.46087281857876
332	890	2.46039173828264
79657	9240	2.45930385182952
10455	56950	2.45856100272988
4724	9556	2.45834139317594
1915	6169	2.45788852199871
10419	790	2.45774385269853
23521	6188	2.45742484394626
2267	710	2.45737131186131
6168	6191	2.4566606573875
10421	4074	2.45621523949112
4735	57473	2.456132924302
6170	6228	2.45591828257851
55696	9416	2.45584861474653
2023	2597	2.4555812340789
6929	79084	2.45478849323422
1497	1778	2.45454086605989
1442	5733	2.45271122191717
2937	309	2.45269826858396
6161	6168	2.45242724525964
30844	51399	2.45195581832426
55055	790	2.44979759327385
10121	2874	2.44847314713856
23167	54951	2.44304969586981
10160	5192	2.44290044164055
5439	79022	2.44274251890045
5965	79665	2.44212603726536
55577	79084	2.44187370789704
4580	4835	2.44173988829806
2243	2266	2.44140103619654
10121	60626	2.44077510102975
7168	8678	2.44070004665142
6124	6157	2.4399340022308
10606	8904	2.43983290331966
1717	39	2.43771501734286
6189	7178	2.43691931386252
2057	7101	2.43624343265789
25898	3280	2.43581245747924
23277	55860	2.43464311153872
25959	833	2.43355399167847
8615	8773	2.43191301371442
23032	23266	2.43112740330894
2717	8318	2.43054673764732
10250	3183	2.42960773137569
6189	6208	2.42906516015647
10163	7324	2.42559375571552
213	6229	2.42550661841653
516	9526	2.42481304843521
6194	6201	2.42464298475349
5093	55625	2.42398476547584
2512	6168	2.42338820242185
23433	30851	2.42201624557008
23521	6189	2.42187616709271
2023	302	2.42008318779221
10150	11259	2.41962812177909
10468	7276	2.41787483464162
55860	8883	2.4161846023593
51025	9296	2.41611241077893
10169	60	2.41540947517803
27183	55860	2.41316865690672
10048	79657	2.41175481438993
51021	51160	2.4114745624551
4735	8525	2.41143374683012
12	6217	2.41045658221253
10606	11333	2.40992528770696
2717	3833	2.40975125363205
6124	6161	2.40916212473592
23176	2731	2.40543174421013
25898	9798	2.40539458381359
4350	5192	2.4051351303243
10362	54187	2.40398021198944
59343	9475	2.40265631467863
2874	55860	2.40194687118981
23241	3661	2.40053727121049
1964	64853	2.40015975317223
6209	998	2.40005131886888
10300	10314	2.39821514257249
4735	8625	2.39794786884509
4046	54363	2.39787557590208
55450	7126	2.39632017792122
4735	79042	2.39492775473671
10419	51021	2.39479222477874
6217	6223	2.3947449213681
6124	6207	2.39268753011653
23344	51160	2.39082316262354
55860	6993	2.38934873536778
10197	5036	2.38831309061255
6147	6217	2.38763471325407
11282	23176	2.38562001814307
4701	95	2.3854296867029
2512	998	2.38527484757558
10801	471	2.38504324814643
1417	6915	2.3849345514255
6293	6734	2.38416301870765
23277	823	2.38349515894019
6160	6210	2.38344746152967
1460	7936	2.38251990406695
1645	213	2.38134491219526
5265	6157	2.38126843659132
10095	7168	2.37937389874045
6139	6204	2.37902638724343
11124	5605	2.37842425996483
4496	4499	2.37819752342718
5199	56	2.37803813951191
1497	27183	2.37795278443647
57018	9798	2.37792969334022
6171	6187	2.37529340930065
6168	6210	2.37425933684833
51322	6018	2.37371150111585
23344	790	2.37303707312853
6171	6175	2.37290547444457
6204	6222	2.37200619968969
91746	9698	2.37178139262256
4175	6241	2.37152793165425
10061	24140	2.37133847924049
79084	8449	2.37133444916226
58477	8666	2.37018190377424
9168	967	2.36915009296722
5530	55669	2.36914619547712
51441	6879	2.36862018142977
54363	7366	2.36859440609725
309	4841	2.36789697825836
2731	57473	2.36691773441964
23277	23344	2.36654155790477
10979	8655	2.3657184440443
5478	6171	2.36533394092276
1442	56	2.36139366506332
26156	6651	2.360675463451
51019	51021	2.35993623262261
25898	7763	2.35941976167849
51441	6629	2.35838494477904
30968	5902	2.35819481217759
23788	2762	2.35735783585406
6218	967	2.35670269160878
29896	3178	2.35654650407423
27089	9588	2.35651156005388
6208	6217	2.35465241848567
7019	9440	2.3545253184986
1841	4835	2.35347158818186
6124	7178	2.35285041670779
10419	6810	2.35209296876249
10614	23266	2.35201352714083
23070	29087	2.3519736534559
493	8476	2.35179796740032
51447	8480	2.35172772138983
6134	6208	2.34959915787707
6147	6205	2.34953792372634
10208	57862	2.3490468971268
7165	7791	2.34901167294932
309	55860	2.34700921234257
25898	79609	2.34659441079678
10061	9570	2.3456581035432
6160	6168	2.34323984832648
26278	55746	2.34111102536451
5265	7178	2.3387932756366
2874	60626	2.33832094604958
516	5223	2.33800821255447
10329	55577	2.33794432866878
23241	790	2.33773661201337
22827	6832	2.33637690343358
3875	9168	2.3352528616396
5520	705	2.33366704349328
23451	26156	2.33360064955405
5824	790	2.33325346639231
11001	4841	2.33309344373464
79726	8908	2.33297689637489
3267	54566	2.32887937274244
55860	790	2.32731080033133
6124	6189	2.32646232852111
6208	7178	2.32544505485229
57826	6683	2.32445497407546
6155	6161	2.32392416697872
6169	6210	2.32321395557067
6160	6189	2.32177929323273
6217	6229	2.32165342097298
60496	9874	2.32121482687392
219333	29080	2.32069339429404
11333	1460	2.31996453725087
6156	6228	2.31981141772048
26088	9570	2.31932856271199
6651	91746	2.31874728517038
1967	64400	2.31748321475959
4904	6169	2.31574353007342
79654	8615	2.31380499071834
6208	6234	2.31364481180127
26953	60496	2.31353563118268
248	5458	2.31180280019998
11331	1841	2.31000874500844
6139	6188	2.30971539557568
4154	7082	2.30969300384488
5905	8525	2.309668063916
51292	7283	2.30760292572741
10314	4735	2.30742296599207
60626	79084	2.30407287665978
10036	11331	2.30315003612627
6241	79682	2.30226982894376
11282	8883	2.30188710444073
64400	8525	2.30169604022117
248	55351	2.30166252891664
2937	3661	2.30032018917433
12	6205	2.29882764386055
10664	7110	2.29796037613276
7763	9798	2.2971917609537
2976	3615	2.29641379375829
10419	6749	2.29584835903513
6139	6205	2.2957839338494
3744	57818	2.29557872846242
3359	56245	2.29529126295774
563	6637	2.29278742283635
6134	6171	2.29229117442896
6810	8624	2.2919155871117
81537	8560	2.29109625695557
1072	6204	2.29076968607711
10455	114908	2.29011275604597
6157	6217	2.28994087824432
4735	8615	2.28936833172447
11336	3399	2.28742581260759
11331	5902	2.28660001657527
2512	967	2.28592838519312
23451	9318	2.28533282273064
10419	51734	2.28358849594867
1737	9929	2.28354327474467
12	6209	2.28289012047469
23521	60	2.28180927086019
10169	6206	2.28178405743596
1460	2193	2.28121336337902
23036	563	2.28015180621172
10521	6772	2.27988830621931
2512	6175	2.27797945501497
2762	54458	2.27794754283032
166	51647	2.27724671055673
10121	7283	2.27609730980598
5902	64118	2.27528027524848
10606	23344	2.27507659170944
2193	6810	2.27420020061183
10062	1601	2.2740948669364
23788	6723	2.27402343470047
23225	847	2.2729067137615
471	54458	2.27254425870952
23241	5905	2.27226963098135
29087	57473	2.27200130985636
1497	29081	2.27025782355799
25920	55860	2.27010876882966
22944	373	2.26883545608018
63916	8930	2.26834217543198
6205	6209	2.26792460865537
10137	10614	2.2638421166712
4172	4175	2.26265471799644
79646	81929	2.26208359007577
26088	78996	2.26042832719526
27292	8799	2.26009480715244
6157	6188	2.25877751988557
3615	80347	2.25847937482721
55746	57826	2.25760998051427
10092	23191	2.25686944527848
51042	58477	2.25683813163475
54480	9497	2.25635685504425
1601	7791	2.25596184146643
6632	9584	2.25545669971329
10208	6047	2.25427032161599
10059	26037	2.25345193175933
3418	5053	2.2522223771933
3921	6229	2.25036220230346
51125	65264	2.25020524144662
3831	63916	2.24979062367172
10209	1810	2.24936846825663
29081	51406	2.24868775163253
10606	51021	2.24768357451405
2597	6209	2.24508804839441
25805	3267	2.24300693855884
6168	6189	2.24229596642769
113419	51115	2.2404742090947
1915	6139	2.24044618995725
4594	55327	2.2391148392851
51021	5902	2.23826334532945
23344	4835	2.23740562414182
2512	6206	2.23647056680432
10419	51160	2.23609102153375
3419	79581	2.23465000748381
6156	6176	2.23448974535766
1487	8502	2.23405582733089
26133	7165	2.23344838466239
6124	6194	2.23322613503872
6134	6234	2.23234796954359
112950	52	2.2315603888504
3329	3875	2.2307630518809
23191	25959	2.2299170965564
1611	6652	2.2297080633773
23191	30851	2.22914968257678
1854	5236	2.2287950935324
6144	6176	2.22870318676462
3240	5919	2.22815581519334
55015	6632	2.22545719731246
4701	4835	2.22519832410815
6427	6428	2.22462915223838
25920	55274	2.22189277711628
142	207	2.22141142401769
26268	6778	2.22060824686255
10469	5036	2.21946884218904
10084	51693	2.21816452732806
7165	9929	2.21816288736713
1497	2976	2.21674099535724
6188	6191	2.21526756507753
11001	79902	2.2126171605505
6134	6139	2.21257781316852
6130	6171	2.21182026542564
28969	39	2.21176246639957
1497	8449	2.21173226502744
51499	7633	2.21168681919079
6156	6201	2.21129160449752
6139	6171	2.21085665214963
10048	6683	2.21070655628147
51160	9342	2.20952476646318
213	6234	2.20910087714699
10212	4869	2.20873068140083
23032	6787	2.20848320631326
5199	5733	2.20827134203714
7076	9168	2.20823516022338
10208	57018	2.20757747730823
5192	95	2.20704531339558
6150	7167	2.2059623346826
6139	6228	2.20392505444617
1861	55308	2.20355958232215
10606	79022	2.20348763503709
4173	4174	2.20345552333296
22828	23774	2.20275201258583
11333	4835	2.20251318759421
114882	5937	2.20142336794667
23120	56	2.20119482942533
4835	6810	2.19959986669613
6206	6209	2.19812166479002
25920	5905	2.19791215715156
11224	6141	2.19706623908226
26589	2968	2.19665809331457
10314	2874	2.19622737494799
23384	7132	2.19589690033274
51021	64118	2.19580399984071
3921	6175	2.19564635861912
327	4350	2.19522255308883
10981	4927	2.19510356265711
60626	6929	2.19344231148687
54867	5833	2.19269494833041
10300	2665	2.19170645263365
6241	9319	2.19156264687262
1497	2874	2.19136563477057
51526	988	2.19133744601933
7453	8625	2.19022587709848
5520	55854	2.18972470512622
2029	4201	2.18815615929182
185	3321	2.18795255260982
1841	2193	2.18635848698409
27292	55669	2.18525982721299
3921	6139	2.1830203065049
5515	9587	2.18290966596589
1657	3831	2.18267686461969
3636	6464	2.18248830234304
10284	8896	2.18044261656514
5824	6611	2.17956802376894
6210	6218	2.17878763848203
6193	6207	2.17850998946362
4904	967	2.17596334519495
4236	4928	2.1753328469082
28958	516	2.17496459390024
23433	5480	2.17402848877801
2923	7184	2.17384719698157
6161	6189	2.17350220843325
3155	6993	2.17333508452255
2907	396	2.17313670393657
3921	6187	2.17158159764438
78996	9570	2.17122907515983
25836	9698	2.17035224400478
10575	3875	2.16984221514663
7994	9733	2.16952489411294
114034	133619	2.16902930206005
10054	26046	2.16790854542462
10606	8624	2.16710967527738
4688	9111	2.16670298265643
2874	56339	2.16530446017721
56339	7283	2.16517455877827
23607	54793	2.16492598020861
6204	6208	2.16440723951224
7791	8517	2.16426126133988
25941	6305	2.16390577595924
10197	23246	2.1627822947714
2731	8799	2.16018808312507
30968	4835	2.16004439974363
10922	113419	2.15771886194843
79581	8615	2.15554890536749
60626	7867	2.1547104175259
1442	5099	2.15432621274874
5510	6993	2.15426622412963
10651	4905	2.15333283138044
28958	29058	2.15193143268506
51084	55011	2.15149068939746
51123	6613	2.15049396528137
5620	778	2.14978641832536
10641	6050	2.14978143229005
155066	54867	2.1494747604809
29081	8615	2.14748435764292
1460	6723	2.14734514617501
10488	51021	2.14696225273258
25920	27429	2.14260864256774
60626	8449	2.14160403793116
5265	6206	2.13976544061752
83743	9533	2.13879474750734
4666	6124	2.13878763002252
23640	790	2.13864651256023
2512	3329	2.13859072435548
6161	6218	2.13688855151528
6139	6201	2.13514038990538
6143	6234	2.13466969512805
11180	55062	2.13462895084531
23344	27102	2.13460460519172
27292	8525	2.13347130005267
64429	8449	2.1333027632155
4501	645745	2.13254269031823
3950	7366	2.13216777933953
2597	6147	2.13093104836697
26589	79155	2.13089409668865
6168	6205	2.13077602595759
514	6138	2.12847297861963
2235	26268	2.12837674503754
5478	6229	2.1283752780725
3615	7283	2.12818111317863
6168	7316	2.12805878367706
6155	6208	2.127209557164
6156	6194	2.12681176045002
6171	6222	2.12636829603878
6156	7178	2.12514198758954
10521	57473	2.12295448310725
5919	6676	2.12266921774746
196	4082	2.12174966598685
140890	26953	2.11952374346099
6629	91746	2.11832442181388
54874	9411	2.1144961795865
29081	3615	2.113809110265
6187	6218	2.11340241155306
3921	6147	2.11326808889244
10127	7572	2.1121361692915
29058	6881	2.11158746122013
29082	310	2.11124915353607
6156	9045	2.11003736882373
57018	7543	2.10953872268818
5868	7411	2.10934915547568
1072	6169	2.10698747265245
8908	92689	2.10646823170431
1639	55701	2.10371158858093
55027	55718	2.10364176479449
1497	4735	2.10304948643477
522	6202	2.10288011471145
2717	28969	2.10239512837382
6293	64118	2.10231355095892
10651	10904	2.10228348167577
55860	60626	2.10193082662775
4735	5905	2.10179558664802
55274	6642	2.10025592239985
1497	7867	2.10020117279673
71	998	2.09935948648433
4738	51065	2.09785863596076
83461	8570	2.09523035062956
113419	3661	2.09448349635134
4735	55274	2.09376988182912
4580	51160	2.09024318255534
4842	56	2.08797268893968
142	5931	2.08693403349299
10606	51292	2.08608650759034
80347	8890	2.08594020704029
4809	6209	2.08485348920606
11215	79042	2.08413421693412
1841	79022	2.08374701413865
28958	3795	2.08342531902852
6147	6210	2.08312326165386
23344	5499	2.08292901053427
5905	8773	2.0824525386605
2874	54741	2.08219350938767
6176	6194	2.08215954564543
5265	6234	2.08198567992036
10969	51042	2.08128870253472
10314	310	2.08108312830539
6205	6210	2.08067755189535
6202	6230	2.07966496741709
22868	4236	2.07958276729921
6170	7178	2.07873084173569
259	727	2.07808222885098
2597	6204	2.07769642878478
5590	65258	2.07755746042608
10190	3399	2.07724216687913
55573	5594	2.07670328820165
1937	6175	2.07669259469687
10521	64718	2.07611773140087
55142	90338	2.07272583884557
55818	7699	2.07268426245004
51567	84162	2.07205239152924
23521	6210	2.07170640570469
10606	64118	2.06943033813255
1968	23753	2.06929796349453
5700	6169	2.06786236233267
1642	23516	2.06786062672267
6155	6158	2.06757781711629
51042	56259	2.06743290898986
151011	26225	2.06725058021502
10915	6047	2.0664642955729
10018	8613	2.06481811581055
51441	905	2.06461261762034
6171	7311	2.06040223355851
6642	8525	2.05891868912118
2937	310	2.05845396435742
6147	6194	2.05772762492721
23208	79969	2.05621654741092
23344	8883	2.05604197959686
6155	6235	2.05565553019533
728661	92689	2.05512282511578
10127	6879	2.05500289297487
10140	9439	2.05483157904272
5530	9929	2.05439529659539
4154	9101	2.05438460563809
6015	60626	2.05398681154265
114883	64718	2.05372708934489
5265	6208	2.05328392714617
55577	9342	2.05244121984708
8887	965	2.05079202769492
6772	79042	2.05050807273949
23360	57018	2.04999346969481
604	7803	2.04953581180138
2512	6229	2.04813482039496
54741	7867	2.0474332019252
5211	9415	2.04737549947633
6421	694	2.0472425969207
3273	348	2.04686748875357
10419	11333	2.04671381286259
185	23158	2.04660393669043
3422	6713	2.04654250837338
6157	6176	2.04539406875513
1737	2063	2.04473039286627
25920	8624	2.0440397890809
3709	51279	2.04385182000809
310	51115	2.0437738570775
5192	79711	2.04306392038847
22828	57862	2.04246114405492
6240	9768	2.04237527384385
26156	3836	2.04158098381232
25920	29081	2.03934611472903
51160	7936	2.03933932036653
146227	6019	2.03931762803828
2130	54934	2.03855181206878
6652	79022	2.03852262272801
139081	3758	2.03690085641078
6683	79657	2.03639701528496
51562	5885	2.03619615458607
10048	23244	2.03607500184003
1937	60	2.03582175994504
10494	8883	2.03379765866096
4205	5495	2.03287400547455
10419	3615	2.03254864668635
55062	60559	2.03254263836178
113419	55860	2.03201669134709
6170	6207	2.02868171844748
10421	8449	2.02803494640902
790	9112	2.02784981118029
6157	6204	2.02769797907888
9015	9698	2.02757793859495
4666	6189	2.02745205814522
3898	6867	2.0271199703541
55274	60626	2.02658299294625
3939	6319	2.02606664655563
4580	8677	2.02599336894381
91746	9440	2.02558109589985
1497	55274	2.02509792120214
167227	178	2.02470389862783
1431	64764	2.02295988988728
6204	6205	2.02252412072528
26953	55696	2.02206053870185
25996	8892	2.02181703999072
6310	6683	2.02127675552028
6641	7283	2.01779832845438
1315	178	2.01767826849933
2243	2244	2.01589876243124
1340	7311	2.01575681947035
3613	79022	2.01541967932081
6603	7384	2.01515044373914
3699	727	2.01454102670736
11282	1778	2.01443008659719
57149	8894	2.01412615631959
2512	6205	2.01390475497151
10469	8890	2.01348962888027
6206	6234	2.01292790315111
6781	8456	2.01185784759882
5875	9146	2.01167739948082
22913	51097	2.01166189299516
7319	7324	2.00913083513811
6218	7316	2.00872750273291
25920	2874	2.00855016066591
7542	9040	2.00803456272113
471	79084	2.00754568735719
1462	5865	2.00619425059694
6696	7045	2.00599243701835
10160	8209	2.00545368678085
2267	6171	2.00386939894453
3273	7018	2.00352859967489
1854	5931	2.00241909229119
9334	9439	2.00233405880381
3895	7525	2.00226110518659
10419	7283	2.00189764809719
2171	9732	2.00173039310417
25978	57515	2.00117052872118
178	55746	2.00068832524434
51115	5709	1.99996367997764
10250	57018	1.99967994169204
23208	56	1.99923254477385
5499	5605	1.99723567020221
23234	891	1.99499528072032
1915	6175	1.99494352732004
55860	64747	1.99431301980276
158	51020	1.99316366786449
2872	55701	1.99299858133643
55255	5530	1.99279832662599
2058	65258	1.99247142912448
84722	900	1.9923960625911
10801	55034	1.99165983089801
4927	7165	1.99119431087726
27346	4143	1.9905532468842
6993	93974	1.98997311157135
55860	7936	1.98816005969448
4522	4841	1.98771747184831
3122	4318	1.98748460607825
51021	6293	1.9872737230929
10419	1841	1.98659678693064
3934	4582	1.98572704727311
10614	57826	1.98499658888983
2193	8890	1.9846145536898
6156	6193	1.98446438715538
51123	8449	1.98419275518656
5199	8398	1.983077358397
55671	5861	1.98231603437857
55718	9354	1.97683778874358
4050	4318	1.9755698088944
259	336	1.97545983714063
51128	6629	1.97419507797607
51441	91746	1.97086076811028
1973	51714	1.97085210957001
57016	64761	1.97012135530787
253461	4792	1.96991480903317
4799	5827	1.96839926348193
3615	8449	1.96834834371351
23411	51562	1.96820282998907
1778	60626	1.96812633868819
516	5827	1.96790773685298
10127	6651	1.96607412101835
5499	6810	1.96426194609843
29995	64577	1.96411939966254
158	471	1.96389423494313
3718	6915	1.96360273358164
10314	60626	1.962676898297
25963	57862	1.96088086419234
10782	25963	1.96017181129675
6139	7178	1.95941097233267
29081	29956	1.95880301955343
10606	6723	1.95560501793064
4904	6171	1.95510646672833
81611	9702	1.95505564240213
5520	7332	1.95419014389925
6749	8624	1.95373832161757
6139	6222	1.95172391425221
6147	6191	1.95115761065912
55055	7283	1.95113632489565
55737	64747	1.94888101691431
1841	8904	1.94869299927189
6161	6171	1.94707475008542
10904	6760	1.94596550840288
26225	8908	1.94588789185551
51021	6734	1.9454761554993
24140	9570	1.94540819293727
140890	51441	1.94451728827858
6641	7402	1.94381607163144
4739	83463	1.9434022427937
2314	8883	1.94322264587482
55854	7763	1.94283504460264
1163	83461	1.94260917019142
1604	8347	1.942443130538
6728	9474	1.94216480573388
2058	93487	1.94202715492732
10314	1778	1.94171169886015
55832	7259	1.94171091101702
274	950	1.94114166319334
26156	5515	1.93967830250204
1778	79042	1.93859108302989
2669	8660	1.93802376178191
51734	8883	1.93794540665045
6161	6209	1.93763333567751
6168	6169	1.93675961875474
26532	4842	1.93624655701022
4666	6191	1.9360780080737
11215	3912	1.93529857637492
23743	55699	1.93497818337753
5564	80273	1.9338736221152
54915	8480	1.93325223338822
51160	6993	1.93114147320026
10208	10782	1.9311135753384
10606	4173	1.93079117824978
10614	9765	1.93071398653864
2193	8402	1.92920835991732
4205	81537	1.92805829077648
10327	1841	1.92754124467712
55577	64747	1.92674789644359
60	6205	1.92228406661996
6205	6217	1.92197565307225
4735	8883	1.92158608670083
5612	6629	1.9204360933791
5099	57113	1.92026325039175
56339	6603	1.91981066161053
30851	55450	1.91861452708265
29081	8449	1.91785115010611
10095	4720	1.91719157229323
6249	81929	1.91511796285554
55739	5718	1.91510831137837
10664	11011	1.9125089251973
2874	6603	1.91191212850609
10419	310	1.91103644250986
23191	4134	1.91062352132117
4735	64429	1.90919614655535
12	6169	1.90719835865918
64118	9277	1.90654287031777
8525	8799	1.90648915719213
25994	645745	1.90476688696061
23167	79646	1.90249615795503
7009	966	1.89954685094765
6161	6234	1.89924964674047
10113	4735	1.89783832142713
27102	6611	1.89599688503546
5690	60	1.89538105085899
10488	8666	1.89492279978292
1819	2665	1.89490968846797
24140	80308	1.89419877623229
4175	990	1.89320945941088
5265	6189	1.89297510523468
4735	6464	1.89289964569064
2937	4835	1.89229378710977
2193	60626	1.89188529347233
2222	2224	1.89102887564335
6175	6222	1.89040861535673
7283	7867	1.89035892832101
10521	2872	1.88995067330123
5292	57763	1.88920209115371
2520	3718	1.88900090809
6209	6217	1.88872628629234
10025	79643	1.88826962818308
1778	25920	1.88780761739859
5515	7994	1.8877312578885
1019	11333	1.88764687738386
1937	84790	1.88610676589372
25843	51018	1.88606509473019
10488	6723	1.88569339376004
1462	8876	1.88527833517197
1778	57473	1.88525127798695
2314	310	1.88486452067354
11282	8525	1.88470529742805
79788	8554	1.88213372322762
25936	55701	1.88171672013357
6810	8883	1.87992918307425
4580	8890	1.87964234866698
10131	3833	1.87955632628018
2937	4701	1.87939969880691
54880	6670	1.87910096911888
5199	56999	1.87893306568287
64795	9295	1.87817465457542
10606	207	1.8780201386827
10329	4927	1.87618209300548
10038	27044	1.87534419943732
1654	91746	1.87531106853122
55055	55860	1.87356237032302
5499	55860	1.8710607225225
1859	29072	1.87089423792512
471	9093	1.87075553604778
1112	4594	1.87046185498736
51441	6047	1.86996001871721
10314	8449	1.86952700632728
6124	6205	1.8695140217943
11331	2747	1.86818594168947
4927	57017	1.86521886695029
10527	6249	1.86397217120518
10419	8883	1.86018624865708
23344	4580	1.85973300062311
2907	6611	1.85922338619956
7699	905	1.85888793990468
23351	6641	1.85715264382723
6141	6205	1.8567569581874
29894	8243	1.85633663604765
55718	55746	1.85587200732926
143	29081	1.85561183675145
10137	56034	1.85450060743197
1737	55188	1.85439928065088
6204	6210	1.85439024762403
8507	9532	1.85387284489185
51307	8848	1.85322662396232
5675	79098	1.85203520390677
6171	6188	1.85136977443866
2512	4904	1.84992197471228
10000	56	1.84883287666974
1497	8525	1.84834613936643
117246	79084	1.84658639136779
3441	9945	1.84615741628852
2992	4927	1.84596203729502
2822	79901	1.84396130241145
23032	26234	1.84309427623564
1615	6652	1.84215391833383
471	9570	1.84202625722752
4735	57506	1.84066524206493
23521	6204	1.84050445882664
6629	9698	1.84016729011184
51128	51441	1.83950675204284
10048	9101	1.83928532243486
1841	6723	1.83822056512786
10606	4841	1.83785082018887
114882	4967	1.83750986818062
10616	11313	1.83684651558477
2731	2872	1.83679571802392
6723	7936	1.83555509651266
6208	6223	1.83546591387305
10179	23063	1.83411680192097
11259	214	1.83408926952078
51715	79751	1.83299752872074
213	6175	1.83279882413501
55178	80273	1.83270136238628
6169	998	1.83180250871305
1778	310	1.83138876882173
56	5733	1.83115966343422
29081	60626	1.83063188761525
1201	4047	1.8301204241893
23536	27034	1.82991673969301
2907	9112	1.82889854737862
10121	25920	1.82862772198233
57062	6047	1.82851816384201
1460	51021	1.82813706727507
4734	5530	1.8277032021628
64118	79711	1.82726826974494
2014	6277	1.82712762928278
6156	6158	1.8261440003832
140890	5000	1.82498556170747
10897	29058	1.82327192365437
10419	2874	1.82318231842327
30848	56	1.82185821441885
10327	6723	1.8215792922318
2873	95	1.82067052253749
6189	6201	1.82066839121377
3416	6867	1.82038264271604
5827	8574	1.81970227879793
23588	27250	1.81953796964946
4134	5532	1.81844008921721
3397	444	1.81829117018352
27183	60626	1.81778116062166
1072	6147	1.81738253362492
51084	5211	1.81663680334031
60	998	1.81643807336598
25920	3615	1.81589746841998
29087	55860	1.81571062940097
2678	8743	1.81408585689716
11243	2194	1.81386168916004
3909	6692	1.81343308707569
50488	5601	1.81199715384037
6208	6229	1.811214869971
10419	80347	1.80944987715958
6171	6217	1.80924946044201
4495	645745	1.80907941060255
2747	5902	1.80877706981714
1611	29902	1.80868092168352
10075	10169	1.80804363818499
114882	6882	1.80767091335955
6194	6217	1.80754731255937
10190	5590	1.80451923274299
6143	6168	1.80405311980406
9817	9847	1.80307755401886
23370	24145	1.80241541882744
57862	6879	1.80220584487827
5733	59340	1.80196680940941
55255	7165	1.80194572563315
5510	9342	1.80174805883704
151011	5965	1.80077682323831
7167	811	1.80034188836084
2512	6234	1.79620187860157
55038	5589	1.79568053890443
3273	54490	1.79564712647969
4089	55197	1.7956392511572
25920	7283	1.79426544403004
2267	6169	1.79244484413276
529	5690	1.79218537636797
23607	6249	1.79181197988611
51160	55860	1.79168528900128
1195	51322	1.79094398087031
6128	6138	1.79063390098391
10006	204851	1.79044115144669
310	64429	1.78933746536171
84079	8879	1.78916036750196
6683	81929	1.78863343733472
6158	6193	1.78751552209715
64782	7832	1.78685617907075
3032	79042	1.78589613368566
5701	9861	1.78576011258943
8525	8575	1.78486945012934
6993	9342	1.78474180530454
2874	6810	1.78457052074706
3636	8625	1.78412514577032
11259	9411	1.78325012988637
23241	27183	1.78324897591653
3992	81853	1.78176061191913
2937	8883	1.78164996510699
10113	5442	1.7814405426149
2976	51188	1.78096763539472
10330	54458	1.78038246792494
471	80004	1.78007501973867
51019	51160	1.77964885120849
2874	6641	1.77940438467314
6188	6218	1.7786304042664
10302	57016	1.77789057342452
22984	55127	1.7776741141788
113419	2874	1.77743044368292
22828	6651	1.77702506946453
27102	55860	1.77700808111024
6168	6175	1.77612299784451
57862	9440	1.77520650077248
2937	51115	1.77515314933106
10922	54867	1.7751095017282
309	55055	1.77448029378914
3356	5733	1.77417306215611
6160	6223	1.77397548992685
5921	9240	1.77370441168541
5499	7384	1.77345595282159
8209	8309	1.77045396223945
2512	7316	1.76924427285508
114882	5530	1.76885666082832
23120	5675	1.76639125777745
30968	6810	1.76605864468082
10327	95	1.76592630630966
1353	2287	1.76536399706658
93487	9532	1.76407993768262
1072	967	1.76276217297425
2926	3419	1.7626324483761
4734	7165	1.76240176689736
25836	91746	1.76158353642566
10419	10922	1.76129477306978
25776	26088	1.76077948068507
5721	8721	1.75938489078271
83463	8358	1.75908521400375
23379	7326	1.75828552495331
23644	84364	1.75818874562438
51734	55055	1.75789422055213
23277	60626	1.75715268116023
56	887	1.75697112726763
23203	8883	1.75660143996715
23241	4735	1.7557916585725
7150	9733	1.75357330121697
7126	8625	1.75338479232677
8624	8904	1.75313752181073
4927	51123	1.7529181099402
10327	10606	1.75261809268265
23241	8883	1.75138214632269
11180	5965	1.75126122468628
6134	6168	1.75111041882412
10121	7867	1.7506446068178
1497	51406	1.7483545913643
56	5675	1.74822001311608
57862	6047	1.7478346491088
2130	57862	1.74744961386604
26953	51441	1.74674035227949
11215	55656	1.74663552141655
790	7936	1.74612449264741
6205	6234	1.74497246155631
10421	27095	1.74487356155995
51123	51188	1.74424631114372
1657	23266	1.74401266841149
57018	59348	1.74369306505775
10330	5691	1.74300142691627
348	7018	1.74284322062533
2057	778	1.74268012960715
10486	23433	1.74230166860283
64429	79084	1.74228142768053
6208	6209	1.74176708509746
143	1778	1.74174363712711
23521	3921	1.74166514326767
1778	2314	1.74018990370369
28969	4143	1.7391383632842
51714	6135	1.73862757027898
2147	348	1.73808449372667
3280	6651	1.73806197169728
6882	8697	1.73735145931264
10084	9092	1.73727889253867
25909	26054	1.73707565698015
23351	9112	1.73642863392399
11331	6723	1.73573566283434
10036	6241	1.73520086994508
2058	5590	1.73512343699707
29058	5705	1.73383237935802
207	3068	1.73343124582419
4927	8449	1.73312340212794
6204	998	1.732064890998
4172	6241	1.73134478492865
6152	6223	1.73122022392714
3716	4122	1.72981398320358
6124	6191	1.72893253818858
2171	3399	1.7286040906783
23176	23265	1.72814643001918
5824	9112	1.72766712343278
11309	7072	1.72639987040553
3420	51065	1.72638462580066
3921	6218	1.7263555874346
1595	3156	1.72481480978807
1340	6218	1.72465506466185
6157	6209	1.72430318787041
10574	58472	1.72426000277002
4173	64087	1.72390133449439
30968	9141	1.72324728101613
22822	3267	1.72276165059946
6133	6194	1.72118030181517
1401	2850	1.71971471987616
3993	6642	1.71929237312297
10250	4718	1.71768532106153
1407	9648	1.71753460973896
10273	4841	1.71472936177274
5223	9526	1.71443098884466
10121	5905	1.71423420489861
6191	6229	1.71423136418194
11200	54930	1.7139211843422
5824	7384	1.71387552603006
10521	8625	1.71331554345796
3033	7001	1.71262719121331
10072	310	1.71234248648902
3416	8517	1.71233063590387
25972	8930	1.71127835419015
5499	5709	1.71049097400178
6882	79624	1.70986864545296
4927	51188	1.70753924942581
29956	55274	1.70718465432099
10160	4350	1.70623496806234
2332	7257	1.7060119787072
3451	3651	1.70566068654962
213	967	1.70497977803822
5199	9472	1.7049719111324
302	54587	1.70484541096355
2021	51292	1.70453787069258
5605	7384	1.70382673919268
23344	310	1.70285844305906
80775	81576	1.70231275101656
51021	8890	1.70048576562012
6217	8667	1.69972628691434
2327	4620	1.69897932798907
1460	4580	1.6989523533256
552	5620	1.69776895973762
3685	9732	1.69640498457791
3399	65258	1.69620613700076
6205	6222	1.69499111449903
16	55157	1.69399242370302
23186	81537	1.69306467135265
1027	5885	1.69258583232216
54700	6629	1.691112084406
2193	955	1.68743571629367
1915	6191	1.68590873550311
6155	6157	1.68575607483648
5265	6229	1.68573213322155
11171	1965	1.68564011695352
166	25941	1.68449740479137
1737	27292	1.68382261359899
56	79969	1.68344505739125
4666	6141	1.68333048696886
6772	79726	1.68328087899434
694	9821	1.68308928380108
213	6222	1.68308398895277
6157	6218	1.68282977762455
140890	9416	1.68256136015299
51020	55034	1.68127550215146
22828	26953	1.68125038398722
3083	80781	1.68089485079229
4835	51160	1.67988366163517
207	5905	1.67967240289892
6130	79086	1.67885935273634
207	22913	1.6785281037538
6169	7311	1.67816910239412
1778	8625	1.6779262059982
4680	778	1.67784128733373
10072	29082	1.6775627750111
10527	79624	1.67554266461135
9296	955	1.67415957747936
4735	8799	1.67411075937449
23099	64121	1.67218925846241
23011	7763	1.67207859352442
55969	6209	1.67136923301317
55161	8896	1.67130693341213
23344	79022	1.67105734076437
1915	6143	1.67028240602515
5345	79001	1.66982428985373
10084	581	1.66965964644889
266629	6439	1.6691833353697
6204	6234	1.66896853146909
310	8309	1.66893779838802
10419	8677	1.66730468494781
54867	55055	1.66724999236249
51160	64747	1.66388974351385
23265	4134	1.66388803670297
10150	182	1.66377045999442
23266	6376	1.66354908124935
1855	27102	1.66326812286225
5932	9475	1.66319703553287
3417	847	1.66191757379721
54741	8402	1.66154051669841
29956	8449	1.66037771702425
51170	900	1.66030494840313
151011	8908	1.65953749084625
2731	8625	1.65895655516508
4580	55210	1.65876035702092
10606	4835	1.65816601272445
6434	7572	1.65772029667674
3399	4162	1.65718154869385
23193	2907	1.65705039609817
3188	6230	1.65628107203006
7753	9584	1.65607881617634
1315	55717	1.65580097214287
3921	9045	1.6554938552652
2992	51123	1.65507138841871
8079	9112	1.65266106421269
23360	9584	1.65222872760851
56902	705	1.65150820781092
60626	8624	1.65110368713118
10897	51021	1.64736160543235
10782	55696	1.6470406646949
54458	55748	1.64666303036376
2222	3422	1.64612306549418
10314	8883	1.64609896723034
5590	9354	1.64570197792251
3280	7862	1.64559138388993
55055	6749	1.64512561520122
3912	57470	1.64461658068545
3699	5340	1.64332992223687
8318	990	1.6428288141462
55055	6810	1.64281390307965
54934	57062	1.64236938119579
55791	5612	1.64159149028163
51020	9570	1.64085064464961
23012	57826	1.6404562951249
4580	79711	1.64034773591237
4495	8793	1.64027040289663
6206	7178	1.64021688094537
3795	6652	1.63981564328624
10980	9141	1.63936216729737
6134	6194	1.63933475508078
23658	51181	1.63865071322253
10300	60626	1.63864631997567
10036	4172	1.63794809755356
10419	60626	1.63788815010246
1545	4783	1.63656245448192
5903	7337	1.63579542352382
23268	54948	1.63552260942275
6723	79711	1.63304211551183
1462	6282	1.63268812752179
10314	10521	1.63230484901551
1639	6603	1.63096261502004
6147	6188	1.63080654064786
25805	56288	1.63036516915848
1072	213	1.62944755808488
30968	51160	1.62924770491616
1571	2944	1.62822009598159
10419	1460	1.62742508968736
4495	4499	1.62457398811389
7045	7366	1.62456775979873
1669	6422	1.6239931522607
10302	23433	1.62379847633148
1072	7316	1.62326630109664
4154	9107	1.62301216335126
1340	6194	1.62294983355529
7167	79001	1.62275135123471
6124	6228	1.62198405766329
51118	9877	1.61984801856783
10197	1503	1.61984331973154
56999	8398	1.61935371406997
60	6134	1.61909364513867
6157	6194	1.61886851077428
22938	91746	1.61829707891865
6915	933	1.61788113313477
2872	3983	1.61742628488919
6652	746	1.61662540480959
27183	29081	1.61629403030232
5928	6723	1.61605341470057
6603	7283	1.61602301949652
327	4701	1.61585924319396
213	2267	1.6158355576408
7525	8763	1.61528357399415
56339	6810	1.61516316267702
6208	8667	1.61509935166177
2976	79009	1.61470767046799
23354	9472	1.61407398852527
10488	30968	1.61403404027443
10284	11224	1.61360840502689
56	59340	1.61306235797999
1497	27429	1.6125118306596
2057	4680	1.61201373608569
155066	26355	1.61195248741899
60	6171	1.61121867844232
23160	9318	1.611053924835
9318	9584	1.61094857881406
166	5434	1.61087493022968
6139	6217	1.61061555154484
51406	6642	1.60986091042658
155066	23397	1.60842902695071
143	60626	1.60744692998714
3831	9240	1.60596234895251
10197	4686	1.60588714284674
2926	3267	1.6058294412865
60626	7283	1.60447804284937
23607	81537	1.60358738098345
128	55556	1.60307131763654
23521	6222	1.60288017160708
1195	25836	1.60268594564775
55143	83461	1.60183817448699
2314	23344	1.60175016858283
2280	9040	1.60172558131648
10606	5902	1.60047427196795
79711	95	1.59968893040425
10302	9637	1.59934714328923
60	6229	1.59848530459885
10054	51747	1.59796656629303
2747	79019	1.59785746544503
6169	6229	1.59727510187909
7283	8773	1.59664465479922
1654	9698	1.59664171518786
12	6147	1.59324264751641
56947	79892	1.59290691308767
6139	6156	1.59280494387428
6157	6201	1.59165813110929
8398	9750	1.59039147429213
6047	9584	1.58886885168191
310	4580	1.58879709534223
29780	3638	1.58866785266134
7699	91746	1.58853149363971
4904	9221	1.58785209798858
5230	811	1.58768140548091
6139	6176	1.58705537911693
1387	7090	1.5849042979328
10614	56034	1.5847872096371
51441	6651	1.58416133536087
4735	55860	1.58408841512671
2193	4580	1.58287365123374
421	54587	1.58189695251216
1460	60626	1.5818606866862
51115	55860	1.58181429980595
4496	8793	1.58143575470621
310	51734	1.58070332897093
10969	8666	1.58051279534618
4522	64087	1.57963101876805
5478	6169	1.57934794086559
6416	7286	1.57930093114417
6210	6234	1.57929990726687
4154	5504	1.57862655622116
6175	6188	1.57839149003684
6535	900	1.57814835011149
10606	10922	1.57776000258038
1019	10606	1.57714015183653
50831	55351	1.57638413620074
4350	4701	1.5746153216483
3661	8677	1.57410165657445
23369	57018	1.57375434401031
64761	6764	1.57343580467198
6882	8525	1.57261041771062
6139	6160	1.57186356590353
6161	6229	1.570734512884
2873	3661	1.57068725523519
55740	8879	1.57053662116051
27429	3615	1.57026203562015
29956	6464	1.57012189742608
471	56683	1.57011198544929
1841	5439	1.56998258195225
25920	8773	1.5699278823384
5827	79022	1.56964418297806
4841	51734	1.56832051139888
6161	6204	1.56725421422145
5567	8440	1.56639578237193
471	55748	1.56573793504685
6191	6206	1.56323449195014
58533	8440	1.56256307936382
2907	3420	1.56056366058545
10208	22887	1.56009695583312
10327	51021	1.55973371833265
10329	8449	1.55840443515414
30968	64118	1.5582716149473
4620	58503	1.55750703063808
64240	6709	1.55717612881337
2822	50833	1.55685619403965
1051	3034	1.55680222678536
10938	26234	1.55616940035898
10492	26135	1.55607856434836
10488	6293	1.55597561379736
27068	990	1.55581776552152
10242	9576	1.55507843983992
113419	56948	1.555008096246
10915	6632	1.55464853893722
6124	6137	1.55405059111196
3613	6652	1.55331791032416
1973	6204	1.55271611124527
10525	27341	1.55099083471137
3912	57698	1.54941832001916
5478	7316	1.54907770428648
10560	51322	1.54711837714516
25920	60626	1.54706226041746
5590	57016	1.54590289790483
25776	78996	1.54570286890921
10768	57473	1.54552037145194
23351	25920	1.54377956831349
55746	81929	1.54274688237485
6787	79646	1.54139001494784
2316	23191	1.54112202585303
10285	6902	1.54102376122816
4174	4175	1.54099548860357
5520	9533	1.53922799652047
25777	27102	1.53894224238055
23170	51025	1.53808734266583
29058	29086	1.53597938304616
3875	7203	1.535853124698
23036	7422	1.53574375045894
57826	81929	1.53527586596608
55905	8795	1.53432191074322
23397	8570	1.53424647718788
10075	6206	1.53398913529752
6124	6147	1.53364570393257
1841	60626	1.53320838667017
55161	5701	1.53298264135289
7019	9698	1.53248494943109
3898	8517	1.53241560312039
1459	528	1.53173530491245
10006	9867	1.53030668527092
10419	4201	1.52992530136425
6134	6175	1.52953717485562
23344	30968	1.52839705027943
54877	5507	1.52835124112771
178	55726	1.52811039337067
4069	51669	1.52699949295528
1819	2874	1.52673714984293
4154	9240	1.52663741578881
231	57761	1.52595491238049
29087	9391	1.52435127975832
5985	9768	1.52375473260518
6201	6217	1.52359823902895
64429	8883	1.52310021570119
4205	54951	1.52294606265387
7414	8887	1.52283240561276
30851	7453	1.52264548278762
10250	9584	1.52199524065267
471	55695	1.52185312246161
10521	79726	1.52175594004718
64400	79654	1.52152843315752
27429	51406	1.52151064529741
6917	7453	1.52120342523504
1778	4134	1.52087579107234
6175	998	1.52013479209329
27292	3419	1.52004168300092
10419	56339	1.51861513769036
25909	9295	1.51790917559619
5499	7936	1.51697785580285
529	6209	1.51655198066264
2971	4143	1.5158132138718
2597	3921	1.51494166010536
12	6218	1.51470278887603
3840	54472	1.5142588521087
10922	3661	1.5136056027593
1601	8887	1.51289894317377
1020	8379	1.51243603989008
51647	5499	1.51187924585405
54490	7277	1.51153538647398
2731	64429	1.51089820043781
10327	29058	1.51028350794371
327	3661	1.50997783379588
10904	5567	1.50947616321941
2801	6603	1.50924679244999
2992	5715	1.50915091990883
23268	81576	1.50912295749152
23433	7126	1.50904444208857
2873	55055	1.50861068612062
5792	8243	1.50780018394407
10769	55341	1.50727925010032
493	5530	1.50695960360799
143	79654	1.50652676792672
29082	6810	1.50598810557538
54951	81929	1.50589630045243
6726	9445	1.50543688274522
23344	9909	1.50493367550225
10574	58477	1.50486770633455
81929	8440	1.50393177521022
23351	7283	1.50341372849088
114883	6464	1.50198565577911
10606	1460	1.50153045607661
29058	8574	1.50121797723061
10460	891	1.50114891482975
5763	64960	1.50073700878889
54498	5797	1.50050372905034
6136	6206	1.50049923335764
2314	3661	1.49975458593665
3661	51647	1.49941400024653
54934	8603	1.49894745410981
1786	8625	1.49876113054325
58488	65258	1.49852934635226
1778	55274	1.49808603157919
60	6169	1.497885935136
1497	3636	1.49784719950923
4683	493	1.49716483067198
9318	9440	1.49639280030513
4735	6772	1.49628937195749
79624	9867	1.49614976301755
10097	79084	1.49426748162077
23266	5747	1.49409344477695
25920	2976	1.49352773768106
10314	29956	1.49336517467457
11331	51021	1.49310484448141
2027	2678	1.49280497630065
10606	4522	1.49249201673731
10922	2029	1.49158785728191
10153	6629	1.4914541204971
6157	6210	1.49050461397809
3836	4616	1.48947306173203
55299	9889	1.48940576710136
25972	8887	1.48934512169768
203068	28969	1.48919285939987
28969	29925	1.48894355255249
57017	84364	1.48859994701555
5447	5723	1.48846081393838
1365	6584	1.48763412775778
6175	7311	1.48709263686231
6189	6228	1.48686404592384
26577	57048	1.48621531508936
5151	55450	1.48591267391761
6169	9168	1.48580072242594
10969	58477	1.48577790010212
27292	79029	1.48531034891124
1460	6810	1.4844256553761
2597	7316	1.48421138931507
10362	25941	1.48294525811137
6629	7699	1.48253888572048
10160	51734	1.48248442626712
10048	7082	1.482046138688
10160	4841	1.48147408659789
1841	2194	1.48014040336427
1984	60	1.47955180478455
2512	5690	1.47926530145235
10036	23397	1.47868502984711
2740	909	1.47826021708506
10494	25776	1.47709431560984
27242	9411	1.47668869114945
10897	7389	1.47641898393371
151011	54793	1.47484592325688
51406	6993	1.47408265142412
355	79714	1.47343106629605
1638	26047	1.4733413876893
166	5709	1.47320141966968
11259	182	1.47302648330388
7165	79581	1.47249878209741
113419	2193	1.47223271854324
23032	3831	1.47115820147752
4904	6218	1.46998685811605
10314	55577	1.4694862874421
10330	27089	1.46946593104741
10327	54867	1.46891537637924
51071	54187	1.46867141435251
4666	6207	1.46769615281456
140	27010	1.46759680735435
3831	8930	1.46733156137435
6134	6228	1.46706929603734
10302	11259	1.46629435109937
2762	64118	1.46624642572343
6176	7178	1.46585788272096
23265	4735	1.46553949537298
6137	6201	1.46533558930298
10330	6723	1.46474981736787
30844	65258	1.46419871942685
29780	3934	1.46412753788291
79084	80308	1.46375927947819
23327	4783	1.46374806447998
6168	6222	1.46298764813367
5266	64063	1.46228826909838
51188	7867	1.46222243781469
3419	4927	1.46219606113806
832	9577	1.46165575759967
79084	80004	1.46116447908189
116138	64755	1.46107804797681
8417	8887	1.45998463575158
5328	8876	1.45938764834573
6749	7936	1.45887138197873
23234	9055	1.45880632663397
6130	6160	1.4571215658004
2335	29995	1.45700767639642
1687	800	1.45680218952701
6158	6207	1.45622349524892
26278	79646	1.45230354705509
2874	5824	1.45225896883671
2063	5151	1.45077938445125
2057	5265	1.45066792255001
1497	6015	1.45044157869541
1841	2937	1.44914610367873
2029	5905	1.4488501170854
10641	9948	1.44883759161993
6209	7311	1.44817613869843
4666	6201	1.44798033587859
4350	8574	1.44631046022616
26010	9948	1.44586224409452
158	9570	1.44582431500415
26010	29775	1.44552848508785
6168	6194	1.44503061951953
10554	54867	1.44491536426512
3827	9249	1.44490989934243
213	7316	1.44476838456411
2762	5902	1.44472952977423
10419	10606	1.4446960275875
2873	4835	1.44468704590292
1965	5520	1.44461730712983
25920	8449	1.44431949397085
142	7283	1.44343883568457
11130	4173	1.44301964013464
10140	10276	1.44298778789294
3416	3898	1.44273126196029
11331	11333	1.44252778182219
6209	967	1.4422631031755
60	6168	1.44209573187492
23443	55937	1.44182011193384
11345	5573	1.44161380082411
28969	990	1.44106182176661
23351	27429	1.44043823806636
1453	5520	1.44028083663301
10137	64219	1.44003007893334
4357	92689	1.43949173904062
1841	27315	1.43908484366932
2193	7283	1.43844641438084
26156	55802	1.43812588541878
51292	51734	1.43761958305573
310	8677	1.43755438835568
10327	79711	1.43751805160421
4904	7311	1.43728441131514
1778	27183	1.43681562877615
5520	9128	1.43567802690919
51504	79753	1.4356129529168
10300	7867	1.43528992647988
1195	23036	1.43526082488987
7283	8402	1.43490495244285
529	7311	1.43417534788411
1026	55905	1.43308091300519
5646	943	1.43302865176395
57188	9813	1.43207561398531
60496	8065	1.4319163529159
29082	51021	1.43162328784735
1460	51160	1.43151865042022
10072	23344	1.43140205365497
51441	9584	1.43036801298528
28958	6881	1.43034313388447
6176	6235	1.43015303590309
11224	4666	1.42999130668864
10127	9584	1.42857117182783
6201	6208	1.42819982060923
2021	4841	1.42765732706089
310	6810	1.42736502167574
22809	57016	1.42695006107839
3661	4580	1.42686583768096
25963	54934	1.42594199991108
10521	8883	1.42558073656399
60	6208	1.42537241236564
22818	6652	1.42503996768301
6147	6187	1.42501866060065
396	5723	1.42468440506718
4350	5106	1.42370338781938
6206	6217	1.4236469030016
2731	57506	1.42103015667605
25972	5796	1.42086298988513
27292	6732	1.42049586653513
3183	4718	1.41992095260128
38	55556	1.41926214732956
60684	8702	1.41920880290221
2520	2949	1.41906839452746
1657	6787	1.41896900527133
79654	8525	1.4187238688023
29927	57149	1.41842775170845
23521	4666	1.41730358023395
25839	51065	1.41691353692317
10197	3615	1.41661499388529
29095	4830	1.41525032733243
140890	56270	1.41493900853277
6641	7458	1.4143072428415
5733	9750	1.41406392816844
23560	5861	1.41346614917767
4552	7082	1.41299434304293
3267	55669	1.41201850885675
10330	10897	1.41197142085934
11336	3397	1.41164721500036
10362	8991	1.41163374535123
3909	7366	1.41015242614951
2874	3068	1.40929765352134
51021	55210	1.40586016953248
6171	967	1.40550117868411
23344	8624	1.4048897426089
54951	57826	1.40346921982546
10327	1891	1.40338050236186
1717	2224	1.40224302677592
6191	6218	1.40211752452218
11331	516	1.40199506126148
64397	90379	1.40175333711953
2731	3912	1.40160213506713
1460	5499	1.39920340990582
26156	9440	1.39841330402483
6157	6228	1.39822642104575
10915	905	1.39785361817757
11331	79711	1.39765390856759
10682	6319	1.39709152306641
55197	79893	1.39706446274301
25920	3993	1.39698470613617
64747	6810	1.39645941597617
54431	55034	1.39627136031907
6723	8890	1.39582335113521
11282	57506	1.39552802308012
6170	6188	1.39503021496932
23246	6749	1.3943343949598
27429	55274	1.39392835139759
4076	65258	1.39197724953862
1810	5515	1.391713554552
26278	57826	1.39117433933765
2029	3661	1.39093706425973
10061	64429	1.39043563624067
55860	7283	1.39039642471401
6156	6157	1.39034255635508
22913	790	1.39033423350571
3267	9341	1.38871280069966
1544	51179	1.38839023908552
24140	29081	1.38822687436448
1841	4580	1.38778278387616
140890	54700	1.38776973012891
5439	6723	1.38729068068741
29896	6428	1.38635359225957
8301	8898	1.38584970155783
51123	7165	1.38584534160773
29081	2992	1.38565488177015
2937	7936	1.38518736142899
1974	55209	1.38280901714324
23774	51441	1.3824818892902
12	967	1.38212572845878
120	23176	1.38166165243854
10915	25909	1.38111267765083
6152	6161	1.38016300066535
10606	7283	1.38009246123802
114882	79581	1.37940775503454
2746	79022	1.3789239471456
58190	65057	1.37891086721878
29956	4735	1.37825949877697
22984	64222	1.37821232042162
23277	27183	1.37732923072788
5605	9112	1.37654366955358
3912	94081	1.37640203749844
6167	6637	1.37621374659935
10116	60496	1.37557611575741
23118	55082	1.37522069398579
27429	5824	1.37410415501479
6217	6218	1.37391021199729
434	6504	1.37329614311454
10797	8930	1.37309270379438
60	6124	1.37304497224437
1460	23344	1.37127038439447
4835	6723	1.36968913017884
4869	6229	1.36968271677791
23011	51552	1.3691329580412
60626	6810	1.36897416283818
27292	55656	1.3688030838797
6596	9197	1.36703123568461
1417	23120	1.36690306288851
25959	4628	1.36649818784322
10922	55055	1.36633532883435
57016	9111	1.36611885046449
10302	6917	1.36552813935343
10018	678	1.36543390727588
55715	8525	1.36539690795175
4701	51734	1.36526467645098
3912	3983	1.36524800699218
2746	5928	1.36509316300125
25963	55696	1.36500685998642
1051	4128	1.36492999923651
10430	990	1.36462735949665
10131	5682	1.36249500070771
5265	567	1.3622658035217
8908	987	1.36191212271822
8624	9909	1.36084732395676
1495	667	1.36069400894671
1069	3033	1.35899221641814
29924	4680	1.35873858533345
51322	65117	1.35816749536257
6208	6218	1.35768295036773
79622	9768	1.35750635627648
1841	51693	1.35723593068934
25941	5763	1.35707429550963
22868	53918	1.35618594001636
2992	55669	1.3554294212744
2194	54867	1.35538274355033
2937	51160	1.35449077003868
64963	9141	1.35434100007046
10521	8908	1.35263223649533
10440	25843	1.352331701016
336	348	1.35215787522363
3122	7366	1.35204451427849
10606	2194	1.35187828802627
26156	91746	1.35100780472598
2309	4792	1.3505836001268
23521	7178	1.35025868681975
10300	10616	1.35022829653183
2665	4841	1.34872989314177
26156	6879	1.34730947638822
23451	7994	1.34615776539986
259	335	1.34598664158835
27095	60626	1.34550296785841
4594	7525	1.34497942995797
5879	8870	1.34489162985941
4436	56947	1.34459226418792
11331	7936	1.34441321820649
29072	80335	1.34376535270624
54103	833	1.34320476881234
10938	9411	1.34256808393201
10521	78996	1.34226669704357
23351	2874	1.3419008489969
2971	513	1.33983240646066
10127	23451	1.33979960641782
6129	6223	1.33943112826145
4522	79711	1.3392465667427
3909	4318	1.33914676253276
10314	23277	1.33822289064151
2537	5340	1.33668739454785
23244	9101	1.33657797936094
7168	8894	1.33427497487584
30851	8678	1.33367097025879
3921	6134	1.33273482727533
1645	1646	1.33216592275336
51552	7150	1.33157324058843
10327	55055	1.33101529598979
23369	9584	1.33079269556775
7867	9040	1.33073387237348
23265	2731	1.33067420493342
10314	55860	1.33063319794733
5532	8883	1.33060265295572
6205	8667	1.33057422122854
4168	6523	1.32988147507173
4927	80308	1.3297360937185
23167	55718	1.32964574163335
6209	8667	1.3293012435082
7422	79001	1.32858007311422
6157	6235	1.32785021884607
2822	56	1.32603743062194
29081	4735	1.3256222547737
2314	51115	1.32490076729035
778	8398	1.32434732923877
1778	58190	1.32340274142286
6160	6217	1.32286089790154
3909	7045	1.32239180480507
30851	55034	1.32182572567463
1615	6611	1.32181025778369
3373	6576	1.32063856719333
6240	6241	1.32034326883039
1778	23241	1.3197415248256
1855	207	1.31967147315984
65258	8887	1.31966794785598
23176	55656	1.3189822019021
51593	7753	1.31841222085821
6917	79902	1.31803873483099
5093	7326	1.31757909659037
10140	9792	1.31703995327664
2067	3635	1.31580043590917
2267	6210	1.31382911865884
10797	23032	1.31382708926529
1395	23208	1.3132158695134
10469	25920	1.31296445685553
2620	8773	1.31192081513708
2731	79726	1.311793586476
2029	22913	1.31178060765591
54874	9732	1.31176220786547
4522	5902	1.31146883562601
292	51188	1.31095559631883
10020	2517	1.31092555982805
5478	6168	1.31082032495997
140890	5903	1.31043430427607
6129	6235	1.3093512767841
6659	7076	1.30920627895132
10922	51734	1.30894046936207
23160	9584	1.30877955717798
23191	7126	1.30819263766812
5696	79711	1.30803378801437
4205	57826	1.306701278303
529	6204	1.30649946929354
6188	6189	1.30637308517416
114882	51290	1.30577671567458
29058	79590	1.30572432132361
10155	5605	1.30421076536908
6168	6170	1.30386822976025
11331	5439	1.30322551377367
25843	3836	1.30274585612354
1973	6169	1.30238018416971
55810	8622	1.30186150362604
51499	57103	1.30140527985743
54915	81873	1.30071943601128
253461	7422	1.30071223988271
5510	64747	1.29996865827188
1778	22981	1.2996058964084
10250	23369	1.29915773743584
10651	8440	1.29884981341015
6376	87	1.2978293866808
5033	5230	1.29772186057542
55860	6603	1.2976478022325
23286	728661	1.29759534921676
11193	5530	1.29754924446546
2874	7936	1.29628185666008
79622	8318	1.29564433301917
6176	6208	1.29535321595255
3636	55274	1.29525055243274
1497	8624	1.29519386442253
1072	998	1.29505351235589
2992	79581	1.29488630872954
2193	55152	1.29432323114635
25805	30844	1.29412767024993
9411	9732	1.29375674603512
10273	2193	1.29263731363508
6734	8890	1.29253950543648
10915	9295	1.29229164787967
2747	6749	1.29081647452942
55969	7316	1.29072344539241
10284	56851	1.29042567909173
10651	3912	1.29003858411666
2874	55055	1.28872998473865
8065	9334	1.28864072909549
3397	3399	1.28861714669326
6234	7316	1.28781582957488
471	6051	1.28714580094064
2874	8402	1.28636783313167
10782	5894	1.28626790054061
9411	9497	1.28575532367869
11331	5682	1.2856701324906
5796	8697	1.2842971744087
10240	9749	1.28400557154021
6170	6235	1.28351073528836
23560	9798	1.28308567070348
55450	7453	1.2829895399141
200081	56339	1.28285626378039
23379	7543	1.28275753643341
11080	6780	1.28222197743703
25909	26130	1.28177459441439
10020	10190	1.28029759788134
3267	51123	1.28029108876655
22889	8795	1.28011303791452
51123	55669	1.2799653282119
2281	7402	1.27877264141236
23268	23394	1.2785178583372
2512	805	1.27784982726935
24140	64429	1.27763706803404
23521	6170	1.27725728188352
23008	9101	1.27714300548601
4701	7936	1.27585964125516
6144	6170	1.27500574147343
2021	9784	1.27438832540748
10197	80347	1.27409237641051
1497	6603	1.274003553425
6144	6201	1.27338391974522
3280	5861	1.27326990913753
10121	6603	1.27326591706806
10121	8615	1.27302539927488
1072	5478	1.27292386766872
3661	6772	1.27225483689449
5364	55274	1.27165132208675
6168	6187	1.27127242424042
54466	79585	1.27079417259539
2309	3682	1.2707253690007
3267	7430	1.27035409536749
4047	6992	1.27033162710388
4841	55055	1.2703091358992
113419	4735	1.26948845318508
6124	6160	1.26938878855068
6249	9240	1.2693562227244
4499	4501	1.26918180452353
4174	6241	1.26856833015072
6155	6176	1.26822670102338
54676	7791	1.26747592285223
1672	7018	1.26713031121184
23032	56034	1.26689408054981
10574	56259	1.26644262201813
29081	55274	1.26554744573476
1072	1973	1.26528289825199
6139	6207	1.26512153806714
5223	5682	1.26498950000945
23451	9440	1.2648569430736
10208	25963	1.26438951902976
1487	8243	1.26437538735489
10402	51170	1.26422673235713
1841	790	1.26385175123455
10048	10614	1.26322683528215
10121	79654	1.26317398998661
5199	5620	1.26242386694922
3921	5265	1.26210167338124
5160	6723	1.2613492991973
6879	7699	1.26127533622345
4809	5878	1.26126425045226
114882	51141	1.25839720016658
29087	4735	1.25820914176025
5865	6282	1.25764817806291
5763	746	1.25689677817619
26088	79084	1.25686315663025
113419	6810	1.25684749213932
2926	55669	1.2564664677806
2872	79042	1.2563457781717
6293	6723	1.25627974544153
6170	6189	1.25585232002259
11282	2314	1.25534312083365
4835	8677	1.2552433099171
10606	6810	1.25518412420171
10121	8624	1.25517242332972
2193	6723	1.2547411219664
26156	9818	1.25442854370191
55602	9584	1.25422449354265
2512	6222	1.25419916268499
57017	7453	1.25314762519518
23560	25898	1.2526664820507
11215	8799	1.25236711549909
51399	5151	1.25115860019698
1119	687	1.25075747190861
4735	8449	1.25044799755773
23176	5905	1.24984896225295
8323	9748	1.24977306338168
1497	2314	1.24948374468707
55602	57862	1.24930642645907
213	2597	1.24829177844349
29956	3636	1.24758898170016
5707	7203	1.24750599223324
1395	79901	1.24704540247379
309	54867	1.246790118127
10208	51441	1.24652851728858
55701	57506	1.24628295818786
5442	9146	1.24579516635117
335	54490	1.24511590483512
2597	60	1.24438463212616
10181	7748	1.24380638542944
142	29894	1.2428829755105
11219	5458	1.24269254182408
10877	2520	1.2411830821287
51406	9342	1.24072732149163
11171	5701	1.23983198180562
1739	8799	1.23981022453636
28958	51021	1.23972852654457
4701	51021	1.23884788887635
529	967	1.23838944854805
10616	10922	1.23834805022826
55701	6603	1.23806712909177
23753	6723	1.23797197949731
5796	6613	1.2378841452473
2263	4050	1.23785502646272
4673	665	1.23752126841509
29956	60626	1.2371792891109
167227	55718	1.23691518185121
6194	6218	1.23640052679072
8323	9101	1.23617163624961
1019	11243	1.23610991333702
2597	7311	1.23490703407506
4841	6749	1.23405926968722
10574	10969	1.23382187957441
10486	51112	1.23275069232797
56034	64219	1.2327074773718
1719	3418	1.23096718083897
56034	6787	1.22955956088342
23241	23640	1.22866964916583
6659	9168	1.22726546840294
10983	5053	1.22561628503168
23351	60626	1.22521900644161
444	57016	1.22492523804572
10160	327	1.22421800686816
4501	8793	1.22411894308303
1942	9584	1.22371213539279
10000	23742	1.21974500116733
3122	7045	1.21964480204984
10651	55669	1.21950870444449
10463	151011	1.21948585491597
6134	6147	1.21941339708984
27292	7165	1.21898937158425
10097	55577	1.2186194445875
54469	81537	1.21841778106041
10486	5590	1.21822573458781
3661	6603	1.21811859376053
2937	8574	1.21757669766174
23344	3661	1.21753285441114
55763	7791	1.21713395169949
2512	6187	1.21661745155554
23528	9669	1.21633381988096
8930	93487	1.21503862338894
7045	718	1.21385879575886
5824	64960	1.21314648533743
10419	6015	1.21298223506692
1497	56339	1.21257197424833
4170	5879	1.2121010282816
6723	6929	1.21207472601765
29081	6642	1.21200756961846
5530	8440	1.21189799379565
57017	64400	1.211722646817
55327	8763	1.21156112206127
1739	2872	1.21091306510392
29058	29082	1.21071285974721
10209	4501	1.21045497193246
11331	54939	1.20879751687566
1019	1841	1.20877707380808
151011	55062	1.20864655369811
5827	6652	1.20834697180277
1778	5532	1.20797263084894
51021	55055	1.20782143711719
28958	79590	1.20776347696068
2193	7867	1.20677089033811
189	345	1.2066598154623
10314	10922	1.20576146212728
23360	55854	1.20575353433813
79682	9768	1.20571182529656
10169	6175	1.2053134613901
10084	8890	1.2037719728317
7110	79609	1.20373316724283
26010	5480	1.20303536625597
1445	8449	1.20291180358991
10131	516	1.20289952453925
2992	54566	1.20270942267449
58488	8930	1.20247844499305
6160	6229	1.20220792117512
6144	6156	1.20171972145565
11282	8615	1.20168573497577
6143	6170	1.20156815228115
6603	9112	1.20148007021874
25920	56339	1.20090376531704
51188	8449	1.2008130286006
6723	8818	1.20071033373483
79084	9570	1.19946800955503
3795	55055	1.19940732923621
151011	5937	1.19920771203596
54363	7045	1.19861223591548
10137	9411	1.19821762224098
151011	2060	1.19704572141705
51115	5217	1.19695849183127
10560	1119	1.19672629305915
10682	3939	1.19666889148948
27315	2937	1.19663411856458
25920	4735	1.19661076605203
23397	55143	1.1962287910528
4735	79726	1.19604781174834
2263	23194	1.19516382072851
6464	8449	1.19482040689808
7572	79753	1.19479472220399
22828	4140	1.19437056961271
23170	81605	1.19422403870054
1737	7165	1.19416540310972
7326	9798	1.19351101170935
1627	8714	1.19335912355707
30968	5705	1.19328326437452
5530	8655	1.19322786793829
1272	5923	1.19299535199779
1497	7283	1.19286869481874
60	71	1.19181159616158
10521	11215	1.19164248753478
11167	3953	1.19163363129768
3628	8334	1.19138884153298
1611	55055	1.19098510170185
3636	64429	1.19062979347715
26088	328	1.19027976226656
120	2731	1.19021221439304
23344	51115	1.19014059838236
4915	56999	1.19005925053671
10092	30851	1.18998266217824
226	57761	1.18875110132536
11341	862	1.18865570625835
23640	5824	1.18862476930085
3632	5306	1.18819844511192
56	7475	1.18796558114782
2731	64400	1.18792322985029
51647	5824	1.18734410218804
2747	79711	1.18719629365938
6228	7178	1.18719385886881
27292	5530	1.18717508488919
5099	887	1.18705449442497
1361	27141	1.18627441273201
54939	9526	1.18620119595464
1497	6642	1.18612285025431
4835	51734	1.18611571764711
10208	55602	1.18599723592129
10221	79609	1.18581899939581
3419	54566	1.18580057072694
6124	6201	1.1857921400476
29082	307	1.18561631009123
22827	7332	1.18497945501595
64397	79624	1.18489856395676
10155	5824	1.18425934978564
23351	8402	1.18406209493632
4701	9158	1.1840313574022
689	7178	1.18395079801621
11180	4436	1.18294602898275
5796	65264	1.18278174956656
5439	54867	1.1825511846927
2731	55656	1.18227112899056
11193	55669	1.18167456315652
3875	967	1.18122835191563
3615	790	1.18024344219303
26268	7072	1.17998505971166
51606	830	1.17966381084793
1841	2874	1.1795724135527
6124	6188	1.17930032564763
3921	5478	1.17898864143755
51322	91746	1.17893045217745
3417	5984	1.17831864057167
140890	23063	1.17797470615558
23607	54469	1.17736838106074
51188	60626	1.17735810360411
11285	8678	1.17728650213771
114882	81929	1.17726765602433
811	9709	1.17704171944873
23607	54951	1.17650984047886
10614	23032	1.17595381776624
6124	6176	1.1758647200997
25972	55669	1.17489655374146
22938	65117	1.17444302300673
51441	55602	1.17355819993161
1020	2058	1.17352697400726
26234	657	1.17265510549465
3795	5827	1.17239080286957
23593	310	1.17178421835905
23012	5495	1.17134664807668
7763	8452	1.17127960491766
10554	6576	1.1710812366061
6709	728661	1.17105682854237
1452	79693	1.17099014394701
10113	79726	1.17098908684647
11224	6217	1.17057741515081
79581	8525	1.1689687969959
79657	81537	1.16875876437246
10254	25805	1.16866207785521
51188	54741	1.16862657890616
55718	55858	1.16818049461697
7763	9318	1.16817312151827
1033	23595	1.1681537341672
51773	81888	1.16681871236878
27429	6641	1.16654816634036
10473	7013	1.1663168176736
2926	56288	1.16590753553569
6143	6217	1.16588329494795
26128	56034	1.16507878465041
6173	6223	1.16504516931744
310	4835	1.16470386202875
8449	9342	1.1641700938784
3399	5590	1.16325213932
6160	6218	1.16314102354191
6176	6217	1.16301642640214
23376	55656	1.16264686348896
10481	22899	1.16258840200401
310	79017	1.16227502064872
1841	55860	1.16217533847273
10651	25805	1.16009194991362
158	55748	1.15924684442878
10983	56898	1.15910408562891
1163	55143	1.1589016198984
1378	2850	1.15889241453574
79902	8678	1.15863261856494
2512	7311	1.15848766639566
4193	80273	1.15842327593379
10036	5985	1.15839772636428
55669	79581	1.1580148071965
23411	29080	1.15787830058082
6134	6191	1.15770546304958
1455	79902	1.15707924142119
10140	4659	1.15703062600906
11004	83461	1.15649620388675
3956	9168	1.15616603812678
51202	79693	1.15602788418711
2907	5824	1.15570332783294
3615	5036	1.15439493912274
1942	8613	1.15424045774297
23351	3068	1.15380721156834
3273	3909	1.15285524038824
10327	4841	1.15280098204199
2592	64718	1.15272662090092
51441	9440	1.15212909783435
54741	60626	1.151612166003
5265	6161	1.15144405584307
5495	81537	1.15135019286311
25898	56616	1.1513176131487
10314	3661	1.15084813278946
2874	55274	1.150250428623
7915	8502	1.14924597698654
2976	8624	1.14886020625777
57060	7126	1.1482211704443
6143	6157	1.14801663948645
2620	79665	1.14794529752923
25972	3983	1.14779416488865
1942	7555	1.14772067663227
25920	790	1.1476874334746
2021	207	1.14762975642386
5520	8480	1.14746341452016
55748	8894	1.14709971068577
6629	6879	1.14699780036443
7316	998	1.14662958544566
51660	5682	1.14630933272154
10121	6641	1.14548380556775
7057	9589	1.1453988698357
10302	65258	1.14522251241773
10452	421	1.14512478092749
2029	51668	1.14505641514049
10006	140609	1.14431852712593
4350	9784	1.14410826255214
1361	9709	1.14403141344447
113177	643641	1.14367199083476
167227	286148	1.14313420109441
4074	8449	1.14262763403793
10362	891	1.14262044511071
4154	6788	1.14235896700667
23588	6594	1.14195480886414
22938	51322	1.14164723243154
444	6696	1.1406870531169
29956	4927	1.14065174246675
10018	2309	1.14054121546024
1717	6509	1.14037951035319
7184	811	1.13999145573251
387032	4690	1.13986110455823
10036	51107	1.13969085394507
1195	7699	1.13950263212292
26355	516	1.13752135323651
23788	5160	1.13725588720396
2909	598	1.13703002385648
4285	4835	1.13594580285325
718	7366	1.13587016268634
25776	8625	1.13525436611664
51307	54800	1.13523312183763
1778	3636	1.13518015774062
10691	7564	1.13513371579861
25898	6651	1.13472004289076
6156	6232	1.13458368165767
10575	22948	1.13442913804451
80213	9474	1.13397807595772
51020	63875	1.13379007743103
4173	5931	1.13375575943159
1778	745	1.13201921856716
23032	79646	1.13201633079857
10327	11331	1.13194902495682
6173	6235	1.13152806191322
23032	6249	1.13054968863177
10897	5696	1.13009066285667
11329	25972	1.13000681515367
23012	23158	1.12973220939666
6734	80347	1.12962909285613
5705	64963	1.12956588763528
3280	6632	1.12925896325135
23167	493	1.12906502373573
5601	56339	1.12892507292169
7165	8099	1.12890881360469
57862	9584	1.12864483244249
60496	79612	1.12862833085576
345	7422	1.12839134191896
3636	79084	1.12836753592428
23742	2822	1.12818073001831
3178	9774	1.12778133273383
1958	5621	1.12656259795489
10314	79084	1.12655667971992
2314	60626	1.126551027102
25972	3831	1.12563699396935
1841	54867	1.12523976716153
30968	55621	1.12494381385577
1453	7756	1.12483161498591
55854	57050	1.12461889623219
151011	6882	1.12438487803964
1841	9909	1.12404521003256
5439	5499	1.12392668154345
6223	6235	1.12358114909663
2171	57496	1.1233476713489
10691	23099	1.1232245148477
51567	57470	1.12303162075386
23032	23527	1.12257719654229
26355	3613	1.12096232942941
7165	8525	1.12070297532521
4134	8883	1.12035605043556
6124	6168	1.1203297320025
207	4150	1.12028161207753
10006	7525	1.1193095573703
1819	3615	1.11909582644371
60	6194	1.11789752115109
10160	6576	1.11777540916629
5937	79624	1.11762916751379
516	51660	1.11696806857193
6155	689	1.11691887318287
55718	8908	1.11636788474085
3661	55055	1.11633801470003
10651	79581	1.11633503255928
2267	6229	1.11616805087202
5709	6993	1.11602537880125
26046	80762	1.11501809328964
310	64747	1.11445626970973
1460	30968	1.1141962536622
4835	6749	1.11397428730599
2060	55745	1.11356860208298
471	55577	1.11352533855734
4067	51379	1.11293816657326
5902	5928	1.11280684866062
5458	56	1.11278539035556
8449	9040	1.1124307285199
10904	85377	1.11195025931901
3613	79058	1.11148791800755
10302	7453	1.11098721987886
10121	8525	1.11094966336047
2731	8615	1.109876227233
203068	4143	1.10962721007001
23277	29956	1.10923377471352
6175	7316	1.10895360531097
11140	30968	1.10887361033987
4616	9587	1.10872442579789
5796	8525	1.10850670350693
4841	8761	1.10837735108624
10981	27292	1.10808091457548
100133941	2805	1.1071530075038
55870	56	1.10700162676228
10565	2992	1.1069673157413
55854	9798	1.10693048002597
25836	6651	1.10675181405622
10616	3373	1.10673616587593
55450	56935	1.10638252580171
10611	9764	1.10528353687428
11219	248	1.10505217805363
5796	6774	1.10481389740398
10915	9584	1.10467602667574
1399	51593	1.10410141447796
6155	6207	1.1036432388376
120	83937	1.10276642302525
23344	823	1.10268706663174
10190	4162	1.10202017563065
10975	5687	1.10183546292131
14	5704	1.1017871268175
10113	6603	1.10138670460505
10330	7389	1.10117368480853
55858	6821	1.10066090089905
3615	51188	1.10045205702279
10084	79081	1.09895056211098
1497	8615	1.09832160559299
23265	8883	1.09824769355739
10054	204851	1.09797284672088
23607	9867	1.09764749749919
55669	79155	1.09751215412898
23521	2512	1.09729240161341
10419	113419	1.0969803847004
10922	3068	1.0964727821075
10127	79753	1.09613304358932
26953	27252	1.09595209405538
4162	57016	1.09562044345523
10469	51406	1.09517705056559
11011	4204	1.09450789529986
2010	6992	1.09450541874737
3419	7165	1.09413753198991
3615	55860	1.09307963647477
4690	60496	1.09276452862254
4841	6723	1.0927367008459
3151	57570	1.09268417820376
10155	9112	1.09256755974997
678	8613	1.09138726223163
7018	727	1.09120201737489
2058	4628	1.09116692157788
2878	6150	1.09087767490009
3920	9563	1.09017126015836
1639	23176	1.09012642629575
11135	8525	1.0898219787964
23344	25920	1.08910633595637
6879	9440	1.08892733685049
155066	1841	1.08833927898239
142	51292	1.08823996235353
10284	1452	1.08814336920924
26532	56	1.08805165312152
3956	8767	1.08796139226338
23208	79901	1.08790551081394
444	7045	1.08750535588987
1639	8525	1.08724506464378
5053	79058	1.08661946525382
10140	9334	1.08657765813775
10097	117246	1.08625493333933
7414	9276	1.0862516318956
10419	8890	1.08613755777817
8703	9296	1.08605644773739
23351	54741	1.08592396899247
7082	81537	1.08589266173832
23277	79084	1.08576671275525
55860	8624	1.0856994181142
6187	6234	1.0854979745179
23148	9472	1.08544947028926
11331	5928	1.08361349529106
79022	79053	1.08351220910974
5265	6160	1.08349565787681
6209	6210	1.08331068871961
2747	64118	1.08286640373602
23588	64240	1.08187838838348
12	6171	1.08122346838057
7283	8624	1.08107229540474
3416	56683	1.0800549097348
51202	51447	1.07963468092786
29882	51071	1.07944238627291
10452	5902	1.07868231558101
27315	4835	1.07841105461523
1622	3833	1.07833407637504
3273	718	1.07765621502278
5982	7283	1.07757849764648
10938	4646	1.07754131985874
1967	8575	1.07730616092463
1006	9508	1.07726518176675
6156	6217	1.0763703591376
7319	9878	1.07520612555123
2632	8895	1.07501513832509
54934	7763	1.07478688394388
4053	4355	1.07467965542393
10131	51660	1.07435529502395
550	55621	1.07425749803978
25920	6810	1.07407070630818
10402	84722	1.07404068026867
51070	55860	1.07398502431149
51160	51647	1.07364693591293
5178	6535	1.07307069956329
55324	6945	1.07298289096217
22913	5439	1.07272133092414
516	8884	1.07269182508474
546	55623	1.07264034641834
3356	56999	1.07179228228298
55669	8525	1.07134564904891
2058	55034	1.07111663326614
56339	5824	1.07111421208009
10059	10614	1.07086008475743
26747	55290	1.07018920754068
6143	6218	1.06967526541577
10551	22943	1.06905480004485
6155	6194	1.06862529182395
26088	6867	1.06840484685969
23521	6201	1.06830777168508
47	4841	1.06809812503622
51567	57698	1.06763431534786
23351	3420	1.0676241233467
10922	22913	1.06741714397545
10614	3831	1.06737903695003
6241	79622	1.06701999088834
5708	7347	1.06627324357982
10171	8233	1.06623849884415
8625	8908	1.06576242616341
56	778	1.0653473847767
6651	79872	1.06521417995306
5004	6194	1.06482619337676
4927	8525	1.06408020354671
10614	55746	1.06384081717719
5042	64853	1.06356720542541
11180	29087	1.06335800261176
4522	5985	1.06278742738259
332	83461	1.06239330672316
8106	8877	1.06218726337951
22845	79833	1.06216274867889
790	8883	1.06213003075523
6157	689	1.06013105693605
27315	51021	1.05987437533028
207	55055	1.05975408479801
10488	4580	1.0597225032561
1819	2193	1.05917528776702
6867	79084	1.05913003661202
24140	26088	1.05829353223646
4350	79058	1.05811802177337
427	7267	1.05793275908766
23265	9581	1.05789286703973
2244	2267	1.05725295505062
10137	55703	1.05711200967694
1462	2165	1.05690370500435
3661	5709	1.05662802323931
146909	890	1.05636254900377
327	5192	1.05615856620348
1508	9765	1.0561297139873
3420	5824	1.05567360460788
5128	55312	1.05557768080028
65117	79753	1.05533713454998
22809	950	1.05528936238738
4172	4841	1.05494232299634
7013	80762	1.05461238800525
1672	312	1.05457023978371
29775	728661	1.0543891083573
6175	84790	1.05376761083068
6137	6207	1.05368707787736
23274	30851	1.05349904488899
10606	79711	1.05286434423994
55567	5745	1.05278955696188
23265	6778	1.05269022494766
79084	9093	1.05251749486965
3615	9968	1.05246749078115
23013	7994	1.05226391595213
6147	6170	1.05213170262119
23164	27183	1.05148050391386
114882	55718	1.0512715119525
29063	55811	1.05125093646933
10327	4522	1.05028226118215
166	7384	1.05016690686389
1973	22948	1.05005594154472
3122	54363	1.04997310696986
23521	6228	1.04994592643558
3310	8660	1.04969428426709
23266	55746	1.04939830885146
3113	54363	1.04818907162671
23344	9131	1.04734412495747
56731	6652	1.04693163049834
1778	8525	1.04692402631934
10208	6879	1.04685467652423
113419	23277	1.04638487175116
4735	64718	1.04631446582938
4683	8887	1.04601569074468
2267	2512	1.04571110244505
10969	58472	1.04553055013318
29087	8883	1.04512070524437
12	8667	1.04499913600726
1027	5345	1.04487897807552
10254	3267	1.04415575407669
6218	998	1.04402433447911
6143	6171	1.04298980087458
3068	7283	1.04272423831551
1831	4185	1.04221171937865
10048	5747	1.04182678205858
2235	7072	1.04093815893433
1942	604	1.04091770972367
27292	64400	1.04056030541662
11004	146909	1.04037433274233
64853	8895	1.03967577569559
64400	6772	1.03965006162602
25920	8883	1.03958485895087
10574	51042	1.03956267985794
1778	29087	1.03925168266656
6201	6235	1.03922704365039
7389	9540	1.03920682771602
7110	9529	1.0387430278673
26278	4205	1.03803754181221
10527	3930	1.03776876076783
10302	30851	1.03747606535017
4493	4499	1.03728498668105
6651	9584	1.03650945021198
10488	58477	1.03648959387011
10000	9021	1.03618914916348
6228	6229	1.03538709350831
6201	9045	1.03489495648208
55048	59343	1.03483960670087
1460	3615	1.03401857794586
6464	9040	1.03390950764747
1737	8625	1.03354927179291
2937	55055	1.03318454580998
5442	8615	1.0331200139759
23075	9821	1.03298409615083
2314	2937	1.03294389882241
23376	60560	1.03191394292703
11215	55746	1.03156079966255
1841	54939	1.03134353979042
6150	8364	1.03129041959221
51734	7283	1.03115917752599
6207	6208	1.031019531997
1465	25959	1.03101637878939
11333	51693	1.03084932504437
60626	6464	1.03040898879417
3836	56851	1.03014370696524
27429	7283	1.02988286415935
23008	79657	1.02970958821805
6117	7374	1.02917788650194
10006	8467	1.02846969458777
57149	7168	1.02831876142449
3921	60	1.0278452345234
10121	6642	1.02773226204718
57149	79902	1.02756109150208
1855	3993	1.02754327093159
7283	9112	1.02721517869932
6147	6160	1.02695731224193
3603	8913	1.02693281341354
2992	6945	1.02642781532847
4046	7366	1.02620409115059
3636	4358	1.02583757067507
1019	6992	1.02545594458397
1973	60	1.02531662787692
4172	5985	1.02521261597877
4862	57761	1.02485414255572
6141	6208	1.02417338653871
3420	8079	1.02412612363636
6175	6187	1.02404216872917
4904	5700	1.02389719747291
10681	9342	1.02352347065309
6472	6652	1.02343196085232
23277	55274	1.02320770319097
4174	5931	1.02267957996491
3950	54363	1.02212890153378
10402	900	1.02196615451594
5357	8301	1.02148236871387
25941	51071	1.02140945636219
11331	1163	1.02129119375528
143	25920	1.02115023686837
4548	8243	1.02089208934709
1967	8773	1.0206686522399
10084	3615	1.0204510001598
151011	55715	1.02031762054866
10061	6945	1.0200428314304
2926	5530	1.01998439533555
3613	4636	1.01927230087875
6134	6157	1.01916874151383
34	4077	1.01896242898494
10726	51025	1.01818513682146
64764	8904	1.01753737260665
22913	7283	1.01679150106215
10521	3032	1.01635840354069
55055	6652	1.01596489384736
1460	5928	1.01573854660854
6235	7178	1.0153732151755
2193	57175	1.015168549094
10314	55274	1.01515167456369
10302	55034	1.01503473205859
5527	7013	1.01295081716387
28958	5827	1.01225435708046
7555	9987	1.01155078495755
55656	64400	1.01152049870121
60	6188	1.01134760260678
4728	6881	1.01068637886408
27292	57017	1.01042269943485
10634	3898	1.00985706011165
1201	6992	1.00968422141185
4350	4728	1.00968352162036
23753	2665	1.00947633208785
51021	9141	1.00934474632346
23011	9318	1.00851052843663
4666	6223	1.00841487864933
6176	6207	1.00837174476359
4154	81537	1.00831540810132
6651	6879	1.00801781605498
54542	687	1.00740985309768
10300	10922	1.00716485720103
5796	6882	1.00693690341287
523	9146	1.00690267607772
2976	60626	1.00671921402182
10048	4552	1.00656542549475
56951	64112	1.00640275214784
10469	2976	1.00639396853257
178	286148	1.00564026238018
3032	7453	1.00518714754852
145389	327	1.00516210313741
10923	9403	1.00508160536963
10486	57016	1.0048820335146
55696	7110	1.00404608590658
396	8079	1.00327597468694
4615	51020	1.00320914140355
213	6157	1.00295423997703
336	341	1.00205585704274
2327	27345	1.00196618667205
23344	2874	1.00138317687243
6210	6229	1.00101218201214
10616	2665	1.00081851345061
128	5264	1.00053267890209
23379	9584	1.00040650976633
5875	64787	1.00002351463546
